0.0747439368989	-0.239202712616	0.708072191894	-0.681623169102	0.0404887875081	-0.0409548325248	0.729433489169	1359486150.79435686
0.0800054728652	-0.242668025843	0.660513682073	-0.680293064092	0.0365979715052	-0.0464320765976	0.730551844631	1359486150.146058081
0.0944896591483	-0.245340081233	0.668371942793	-0.688158426455	0.0303752531952	-0.0532592205582	0.722965268542	1359486150.179410266
0.0956166870771	-0.246560788425	0.664369180579	-0.692378539465	0.0288347661425	-0.0657404852567	0.717954527075	1359486150.212744680
0.101508788683	-0.248291296305	0.650207091264	-0.691925019361	0.030586315232	-0.0904919190121	0.71562242663	1359486150.279410523
0.106210099239	-0.255349923928	0.673508687487	-0.696200828916	0.0294824614219	-0.102659219341	0.709856517171	1359486150.312748115
0.141585035236	-0.276588388259	0.67560692139	-0.699305352773	0.0211385687298	-0.107586517326	0.706364159471	1359486150.346085262
0.157237211478	-0.282438690746	0.648358944798	-0.714566243047	0.0234760227428	-0.133437218755	0.686322423723	1359486150.412746287
0.140684986743	-0.27094146783	0.677941806089	-0.721987330996	0.0319552558616	-0.15156718557	0.674344528978	1359486150.446078141
0.143298037913	-0.267534270472	0.673578662532	-0.718593063559	0.0369444125759	-0.168503912885	0.6736954436	1359486150.479414168
0.160607201888	-0.28239324092	0.670530927838	-0.715101656744	0.0373531100187	-0.180001327154	0.674413736453	1359486150.512745393
0.182872242003	-0.288608478874	0.689972118907	-0.717440238281	0.0342455424386	-0.191412978204	0.668930354442	1359486150.546081649
0.17294886252	-0.277077919458	0.65918345454	-0.70670209289	0.040457647978	-0.210555129678	0.674241698497	1359486150.579382971
0.189771223954	-0.285590117732	0.655441441724	-0.695949339421	0.049081238677	-0.227160099185	0.679443771262	1359486150.646091085
0.196074095831	-0.298674630693	0.646742173882	-0.686753501525	0.0511841923239	-0.238570532122	0.684714471734	1359486150.679420705
0.195226178566	-0.28765050584	0.652874599069	-0.678454131416	0.0617523005523	-0.248408207786	0.688607295377	1359486150.712747370
0.191710174764	-0.291046610385	0.658408516236	-0.667008521973	0.0846373834361	-0.25822805687	0.693725028801	1359486150.779420317
0.196433077423	-0.288489708281	0.657872262918	-0.661148895622	0.0907135706633	-0.262833490016	0.696829780106	1359486150.812755169
0.201151080978	-0.284887344594	0.641578612123	-0.652560640609	0.0918813992874	-0.268865442018	0.702448427204	1359486150.846107371
0.192323156684	-0.271703217621	0.649364150482	-0.641956526372	0.085809536569	-0.278455281478	0.709218723596	1359486150.912754372
0.194062308341	-0.280239929337	0.644086600112	-0.636744906932	0.0831359206721	-0.283103235776	0.71238816672	1359486150.979413845
0.19087555196	-0.287789222748	0.67069261987	-0.635293059183	0.0824691105396	-0.299043429747	0.707230232587	1359486151.12750073
0.194650347423	-0.286775351684	0.641768341478	-0.627396818005	0.0826416816941	-0.309924107326	0.709570738476	1359486151.146079696
0.200572030878	-0.287213608477	0.60345388362	-0.625208585168	0.0665938740095	-0.322894785375	0.707402600048	1359486151.179392440
0.223125583645	-0.266751789839	0.567157269229	-0.615573917739	0.0540039717826	-0.319645189183	0.718316974506	1359486151.212746124
0.218514123932	-0.258335572294	0.598284682022	-0.624189615129	0.0467929442913	-0.28050938355	0.727675910327	1359486151.279428188
0.198558583305	-0.234302708829	0.557314828417	-0.617448678328	0.0572556793578	-0.256484058679	0.741414084339	1359486151.312708055
0.17378299233	-0.23194195974	0.569762286943	-0.62720866561	0.0804848672336	-0.196676925385	0.749299448119	1359486151.346082439
0.161655780033	-0.24407282296	0.595072198827	-0.635196356486	0.100513194778	-0.143019848064	0.752308453656	1359486151.412745981
0.178055649368	-0.28821898538	0.633529579522	-0.648038193463	0.0997526694551	-0.116832900595	0.745953066948	1359486151.446079804
0.182677056556	-0.268895094343	0.590750767587	-0.638765780642	0.102141828511	-0.106556583079	0.755109938321	1359486151.479414808
0.181585046711	-0.282597539846	0.612389853827	-0.647247486108	0.0975188847058	-0.0984537185671	0.749578297546	1359486151.512775260
0.174569364549	-0.273336411965	0.61358902473	-0.649178147606	0.092058287839	-0.0935224420965	0.749230643484	1359486151.546105706
0.165531175129	-0.267379362004	0.631721709111	-0.656583165265	0.084626324065	-0.0915559108287	0.743877978944	1359486151.579413419
0.145575443713	-0.253656890575	0.597279017802	-0.659795567673	0.0635078538723	-0.0833287233316	0.744105426162	1359486151.646078050
0.165216310382	-0.251756376677	0.630496336875	-0.675293471398	0.0482377109383	-0.070804241712	0.732556216331	1359486151.679367515
0.16539202084	-0.242748228327	0.601642265703	-0.675123434263	0.0349302120086	-0.071743266797	0.73337652844	1359486151.712750762
0.144280874094	-0.238207248756	0.674609901678	-0.710133050331	0.0158461479128	-0.0898715683201	0.698128248699	1359486151.779411052
0.136391859959	-0.224477543474	0.659901931982	-0.707357999571	0.010910950764	-0.0950721936083	0.700347691935	1359486151.812771750
0.137603726503	-0.216633696486	0.669192531529	-0.705529455875	0.00260281831615	-0.099795593824	0.701614033271	1359486151.846078784
0.13501918442	-0.202518234116	0.688548411178	-0.699804186508	0.00251186197389	-0.0953373063837	0.707939679003	1359486151.912744144
0.139884709858	-0.200845194921	0.689390364371	-0.697342359833	0.00863179089635	-0.0815133619873	0.712035601067	1359486151.946079558
0.142494333385	-0.199850873097	0.687548335029	-0.694850046022	0.0103150689071	-0.0751329043813	0.715144782247	1359486151.979394682
0.147700198182	-0.192226749854	0.671405652918	-0.689370726355	0.00768571956809	-0.0701310661075	0.720965023373	1359486152.12742292
0.13393206093	-0.183062232984	0.655659067797	-0.686235626141	0.00630429498439	-0.0630395771365	0.724615023991	1359486152.46083670
0.144752580796	-0.176521866238	0.763536705677	-0.729607253512	-0.00239011777358	-0.0306296061359	0.683175943801	1359486152.146081016
0.153029276416	-0.144981588913	0.717329215366	-0.736728432617	-0.00473588620377	-0.0304022049166	0.675488337347	1359486152.179418881
0.162545443093	-0.133064633264	0.684217894197	-0.730503302028	-0.00626669627839	-0.0280234648411	0.682305166082	1359486152.246082355
0.170690290797	-0.115194446762	0.695986894088	-0.73249917914	-0.00837816474339	-0.0272671018515	0.680170025854	1359486152.279412921
0.186431481694	-0.0687138444505	0.758122315623	-0.719441582236	-0.0248711186749	-0.0433240429326	0.692754115476	1359486152.312748386
0.206054434295	-0.0483685499503	0.807360240889	-0.706352206484	-0.0356653197517	-0.0498029607598	0.705205083973	1359486152.412718656
0.221402157724	-0.0330471681652	0.822161456176	-0.696565097901	-0.0403459960552	-0.0517292740747	0.714488171485	1359486152.446078359
0.246307662379	-0.0227287680153	0.826367386651	-0.682510929584	-0.0440942131133	-0.0456641182799	0.728113534876	1359486152.479410487
0.250836415356	-0.00304900779464	0.823010753034	-0.665468302893	-0.0441565065332	-0.0448097145668	0.743770280568	1359486152.512749515
0.240888974954	-0.00167345921728	0.891195314469	-0.672772562403	-0.0419277056695	-0.0426052307821	0.737430634761	1359486152.546078144
0.23740716563	0.00842735720864	0.923761561558	-0.668747912211	-0.0430958164003	-0.040973742655	0.74110736937	1359486152.579409315
0.244912637346	0.0154156603868	0.944803774008	-0.659174131145	-0.0470352640886	-0.0357873684019	0.749664200175	1359486152.612746718
0.255121348248	0.0221568224295	0.956931268629	-0.646746320731	-0.0509390327923	-0.033101382445	0.760281993762	1359486152.646079295
0.257030731312	0.0283830997568	0.964027681852	-0.638187622257	-0.0456823324378	-0.0275684365257	0.768029728987	1359486152.679398863
0.263214259054	0.0276379548915	0.963478463917	-0.63145401961	-0.0409166172261	-0.0211173202524	0.774045031209	1359486152.712709281
0.260265891824	0.0259967180315	0.975585377782	-0.629277351238	-0.0330870848809	-0.0188996022268	0.776246136911	1359486152.746081526
0.273285277196	0.0298578214418	0.995981886466	-0.619790131169	-0.0297114122452	-0.0083669741096	0.784160327377	1359486152.812745466
0.260199329907	0.0159136964638	0.985326569188	-0.616131545555	-0.019690004736	-0.00704514642634	0.787365600085	1359486152.846065287
0.284028942352	0.025103451404	0.92294259884	-0.629951731635	-0.0163683088056	-0.0054519534976	0.776442638242	1359486152.979438446
0.295832293162	0.0351711864648	0.880599367149	-0.6328767051	-0.0127859754031	-0.000802468529202	0.774146595303	1359486153.12742644
0.272345411357	0.0194824216597	0.690517969484	-0.785679440612	-0.0225865275169	0.00711434329633	0.618180436033	1359486153.279409654
0.2695755472	0.0108321838976	0.653864407563	-0.778572491288	-0.023757288668	0.00854143733943	0.627046657668	1359486153.312745615
0.271061733017	0.00986703898819	0.622575147182	-0.766300697373	-0.0237692334843	0.0130079243308	0.641910475572	1359486153.412743705
0.254094686978	0.0123279518087	0.623359829239	-0.760065195581	-0.0203499258685	0.0102615095873	0.649447057431	1359486153.479406530
0.248742904701	0.0457522708435	0.76271388517	-0.794141573682	-0.0487784315662	-0.0213513110481	0.605395694633	1359486154.412752589
0.267126239863	0.0231005678501	0.688729621782	-0.781879488444	-0.0411656676764	-0.013472693438	0.621923098049	1359486154.446082891
0.271701831096	0.0227705855742	0.65473606486	-0.776536998138	-0.0359711398232	-0.0088228370036	0.628982134222	1359486154.479435020
0.273534667866	0.026584203769	0.653762600746	-0.77570084635	-0.0329183647832	-0.0075498100745	0.63019646032	1359486154.512747239
0.259738041106	0.0266213087725	0.663435071629	-0.770328906089	-0.0348471213261	-0.0107150388176	0.636603677747	1359486154.546083520
0.280642430737	0.0526596455935	1.01379022333	-0.674161118487	-0.0290538500453	-0.0283785402169	0.737466825405	1359486154.912744575
0.284280186243	0.0480707495365	0.995417470063	-0.65621527362	-0.027343634756	-0.0310190899033	0.753439882384	1359486154.946066283
0.281480020627	0.0410521239046	0.995434141764	-0.646386775052	-0.0252024767088	-0.0351560635647	0.761782792796	1359486154.979438538
0.276992550771	0.0374038078893	0.986606713894	-0.628006433665	-0.0275162109785	-0.0413116687404	0.776623540356	1359486155.12745753
0.285237104944	0.0376047377194	0.988583251673	-0.624072028302	-0.0340995823052	-0.0424589611937	0.779466842523	1359486155.46085398
0.284152216513	0.0310289524411	0.987034043088	-0.624369931933	-0.0376333595189	-0.0447946511842	0.778934758227	1359486155.79441119
0.261323199025	0.0455669394108	0.952474066899	-0.663703506755	-0.0601628990812	0.00621108895566	0.74554644595	1359486156.412754159
0.266649026609	0.0160893855746	0.623704277468	-0.781464051405	-0.0475030476787	0.0206082277535	0.621797955747	1359486156.712749326
0.266893189801	0.0166039852339	0.598442591129	-0.783037585403	-0.0463154131824	0.0224989289253	0.619839350595	1359486156.746076872
0.275369259259	0.0266046557278	0.581427143975	-0.780620083259	-0.053643329442	0.0250080614344	0.622197135707	1359486156.779412196
0.268274996335	0.0276585157286	0.581553087661	-0.775378306873	-0.0589391974776	0.0233371029648	0.628307275031	1359486156.812747952
0.274578263359	0.0282617459984	0.561013166855	-0.750628748183	-0.0670878356346	0.0343002624264	0.656413891313	1359486156.846081388
0.253333956615	0.0497362413188	0.640006836848	-0.74909076744	-0.0698589870453	0.0233488291905	0.658359762015	1359486156.912746878
0.0478608122084	0.108060986601	0.882024740693	-0.584356355769	-0.0218694157912	0.023388126964	0.810865200661	1359486157.546078521
0.0256448290105	0.109361320994	0.888784353686	-0.599250039414	-0.017720477483	0.0253609214726	0.799963873311	1359486157.579410716
0.0233107026488	0.145393809957	0.839644513749	-0.60863479253	-0.0242456241536	0.0489772195795	0.791566213903	1359486157.646087428
-0.000954277125314	0.142058915294	0.866081322626	-0.634240475938	-0.0254491043324	0.045490473372	0.771376677507	1359486157.679411201
0.00610438410775	0.163357249071	0.83722394608	-0.636809171645	-0.0366068125152	0.0573651516632	0.768012538675	1359486157.712749902
-0.0571356579442	0.174718652091	0.806741694818	-0.654690128489	-0.0299386113685	0.0566973850669	0.753173234877	1359486157.779394248
-0.0674472820438	0.183861705643	0.793443386453	-0.664552494136	-0.0329691506388	0.062286945591	0.743910850877	1359486157.812731436
-0.0698717988866	0.17317786669	0.892024703068	-0.717019570284	-0.0339822807372	0.0711121174561	0.692582996598	1359486157.846080349
-0.0775759266348	0.202718867978	0.831462693098	-0.722513121905	-0.0451735953747	0.0883842299492	0.684194681982	1359486157.912745911
-0.116530808195	0.20422120061	0.807869139473	-0.727116300696	-0.0332973161311	0.0868010932598	0.680190226488	1359486157.946050765
-0.145992337992	0.215760620146	0.761477411487	-0.72417191987	-0.0229828190706	0.0948147710635	0.682683660041	1359486158.12763379
-0.192264244103	0.240503451833	0.706189764826	-0.7201556546	-0.0124906205581	0.0990983495316	0.686585271226	1359486158.46088505
-0.204023675576	0.255767527181	0.701826192377	-0.726043446574	-0.00668068193158	0.103174488279	0.679831822692	1359486158.79412411
-0.20273626017	0.285011253358	0.697231270356	-0.743865033812	-0.00559724447432	0.125369163663	0.656441966307	1359486158.146078653
-0.243411797482	0.290812261322	0.659477685875	-0.738237655143	0.00499961403663	0.114038486884	0.664812298245	1359486158.179411821
-0.214928726491	0.305903094501	0.622974605168	-0.730964067934	-0.0107882257409	0.132919918021	0.669258874404	1359486158.246080055
-0.209044410556	0.334449687366	0.603256484693	-0.72812528442	-0.0218737036554	0.14925643866	0.668638636929	1359486158.279422293
-0.232344145312	0.357719543308	0.61850652838	-0.740525253531	-0.0232194749439	0.157188350871	0.652973986631	1359486158.346080103
-0.238569624518	0.45120121398	0.596510574635	-0.730165623165	-0.0556140999868	0.171829166404	0.658968870436	1359486158.412753650
-0.245434806839	0.465859932101	0.595424509967	-0.724540896334	-0.0581789979382	0.170549821865	0.665258184467	1359486158.446082778
-0.25974894694	0.471904408449	0.586652876424	-0.717307348925	-0.0560145292333	0.162019936981	0.675338492693	1359486158.479415135
-0.319287994014	0.468366109503	0.610152315973	-0.734674490027	-0.023537161491	0.125060187136	0.666377779737	1359486158.546078274
-0.341803726391	0.472981532295	0.6247220148	-0.74893921313	-0.0119650695326	0.110159762581	0.65330828776	1359486158.579412906
-0.330574266702	0.490291472868	0.595618036519	-0.743768650829	-0.0235813521083	0.110630746011	0.658796593732	1359486158.612748483
-0.331381878028	0.489446840733	0.598058488015	-0.757656496314	-0.0219266660432	0.103102215184	0.644085233594	1359486158.646082595
-0.136075063596	0.0432715438675	0.4141317691	-0.726808008444	-0.060844316689	0.0542738754314	0.681984189284	1359486169.79417227
-0.138078435412	0.0540214548195	0.449296869091	-0.736264869134	-0.062277036677	0.052434921465	0.671778380266	1359486169.112744505
-0.138925717566	0.0613695406568	0.456907918808	-0.733957908959	-0.0586461972175	0.0542561085336	0.674479566863	1359486169.146079897
-0.152634037166	0.0579710436712	0.441745794484	-0.727998869882	-0.0554854091995	0.0474042695659	0.681683100893	1359486169.246104572
-0.1424021338	0.0636002996797	0.462722956691	-0.732893407111	-0.0572578963495	0.051785670899	0.675948985803	1359486169.279421279
-0.157942552525	0.0563266512863	0.437591477934	-0.723571773249	-0.0530334489452	0.0436088553885	0.686825749359	1359486169.312746584
-0.127876651377	0.0730152700327	0.445216246375	-0.723147342711	-0.0682928762049	0.0498759435757	0.685497187479	1359486169.346079032
-0.16129731108	0.0731893688144	0.4645121605	-0.726130283412	-0.0568352820871	0.0381369907546	0.684141894755	1359486169.379412457
-0.130704464405	0.0822992168083	0.439425825221	-0.71092755551	-0.066018224867	0.0502308347101	0.698355545583	1359486169.412748045
-0.166184513053	0.0707439890993	0.465843173822	-0.713461393554	-0.0525106891899	0.0379479521608	0.697692926979	1359486169.446081368
-0.146876945209	0.0753983423513	0.470986289063	-0.710210920111	-0.0578026641326	0.0454647270025	0.700137314798	1359486169.479389127
-0.164341106833	0.0740686362054	0.475299820676	-0.708355767223	-0.0496570110059	0.0419273893418	0.702857298691	1359486169.512746238
-0.16333866871	0.0741763547947	0.498994846999	-0.714348041261	-0.0496670776466	0.0432721148924	0.696683271952	1359486169.546076979
-0.18540041676	0.0701763678114	0.509879007232	-0.716186192291	-0.0411556860224	0.0361364137517	0.695756931033	1359486169.579441848
-0.164049568296	0.073054173171	0.485363870281	-0.705626579835	-0.048716328031	0.0439595954337	0.705539086928	1359486169.612719087
-0.169650882116	0.0719696932136	0.486757956283	-0.704543256359	-0.045289438752	0.0441412904901	0.706837472924	1359486169.646082029
-0.181704188592	0.0664663904992	0.503279317153	-0.709227908614	-0.03921375784	0.0424441793419	0.702606964439	1359486169.679410840
-0.147508764859	0.0668465066157	0.520357824724	-0.714117721303	-0.0500012487007	0.0553385401662	0.696041235289	1359486169.712745034
-0.16020161789	0.0677575875719	0.51193363972	-0.711771298972	-0.0436610776932	0.0531498096543	0.69903535389	1359486169.746040119
-0.152467130286	0.0683273827281	0.545252632104	-0.724314413721	-0.0456952611255	0.0576773620126	0.685531833759	1359486169.779413205
-0.166139304155	0.0644984290761	0.522019996796	-0.718685749131	-0.0389098303533	0.0539520970308	0.692145931378	1359486169.812743877
-0.169166216498	0.0590828189504	0.52552268593	-0.721768391523	-0.0386791914388	0.0529501160072	0.68902147598	1359486169.846075774
-0.157106190205	0.0587997972723	0.520493327927	-0.721070842849	-0.0440654941889	0.0553542947466	0.689239416943	1359486169.879410115
-0.162716283027	0.050751673718	0.50310657623	-0.716663819574	-0.0415569459874	0.0538691347603	0.69409228945	1359486169.912753363
-0.176454918624	0.0422261387154	0.482200425696	-0.710782749346	-0.0395113409022	0.0479857318875	0.700659765298	1359486169.946075028
-0.172720542938	0.0394981945771	0.507678194694	-0.719687195631	-0.0391287971569	0.0487539826687	0.691478363257	1359486169.979425343
-0.17256864845	0.0396058698638	0.514562655292	-0.722657774153	-0.0386638450765	0.0492590996035	0.688363559208	1359486170.12803297
-0.169419954357	0.0326422092585	0.482576299115	-0.712259593274	-0.0393360060417	0.0499420964548	0.699031285008	1359486170.46085157
-0.166959633634	0.0259054862417	0.497738452164	-0.7175430196	-0.0401520900544	0.0501910117154	0.693542130681	1359486170.79413663
-0.174568143916	0.0230057419564	0.495496061513	-0.717344497065	-0.0381325519168	0.0464280975254	0.694123341183	1359486170.112746821
-0.180605879703	0.0125075530679	0.494883436086	-0.717108658195	-0.0364657612015	0.0436627759281	0.694635863313	1359486170.146080545
-0.156809627459	0.0169241241156	0.511135767494	-0.721733720859	-0.0427970108508	0.0512504570422	0.688942844284	1359486170.179387152
-0.15244842458	0.000462573561144	0.531024824002	-0.726865306515	-0.0437343787583	0.0506399437568	0.683512784369	1359486170.279367022
-0.168134287353	-0.0140891699854	0.513896901955	-0.721405743341	-0.0395784301257	0.0429641702923	0.690044477852	1359486170.312748589
-0.1555437239	-0.0243947610468	0.484507958595	-0.711640744915	-0.0456851170591	0.0453032243982	0.699591265036	1359486170.346084594
-0.177710424033	-0.0338830579174	0.508396550075	-0.718875114738	-0.037871780629	0.0385594083225	0.693034970021	1359486170.379410314
-0.146252746951	-0.028211832759	0.536526287345	-0.726932472967	-0.0460237237152	0.0493911202201	0.683382406742	1359486170.412747538
-0.163737346834	-0.0426094665924	0.527897293071	-0.72462286597	-0.0409354285721	0.0421796813124	0.686634449533	1359486170.446062010
-0.142178590838	-0.0436628603067	0.519861640473	-0.721329846813	-0.0491615319141	0.0472195360753	0.689229070258	1359486170.479412991
-0.154099710949	-0.0552300336251	0.537807703005	-0.726057183381	-0.0453055999636	0.0430875040284	0.684785978295	1359486170.512730075
-0.165615675735	-0.0718873911862	0.523963366002	-0.721674563017	-0.0430264792098	0.0372771823275	0.689887642199	1359486170.546079963
-0.147794728894	-0.072376839247	0.541379561775	-0.726851929935	-0.048871443241	0.0416405617044	0.683786456145	1359486170.579413348
-0.129181028621	-0.0827368129147	0.526780167392	-0.722908372531	-0.0584963750463	0.0427264039716	0.687136168044	1359486170.612746784
-0.151359985177	-0.0853724483534	0.552844237181	-0.730862182826	-0.0539555937071	0.0340894729652	0.67953452558	1359486170.646060257
-0.137755387391	-0.0929844123794	0.539165681288	-0.726468371992	-0.0592542500158	0.0357940648247	0.683704192815	1359486170.679368211
-0.159111891533	-0.1095296134	0.528301007623	-0.723180036047	-0.0580906189109	0.025728276071	0.6877311766	1359486170.712744356
-0.150198908401	-0.111379378175	0.547305865894	-0.728287447942	-0.0629377152325	0.0267116457091	0.681852421829	1359486170.746081199
-0.14320525853	-0.114055494281	0.562286889322	-0.731340759345	-0.0663022150055	0.0286481230689	0.678176964406	1359486170.779413394
-0.146150962059	-0.1343775672	0.53476202188	-0.71944945243	-0.0692123370431	0.0263720300992	0.690584284377	1359486170.812745309
-0.128111814704	-0.137451422039	0.54182328154	-0.719052956357	-0.0752024101053	0.0336746513375	0.690053230792	1359486170.846078527
-0.167941204384	-0.156040409364	0.553083731354	-0.723103222778	-0.0616547477176	0.0272857226068	0.687441568887	1359486170.912774817
-0.17305883319	-0.170730304732	0.537639071888	-0.719851861468	-0.057684692799	0.029838015366	0.691082821807	1359486170.946055621
-0.161753620926	-0.177443850884	0.561226099484	-0.728309879374	-0.0572481215448	0.0423986153413	0.681534833741	1359486170.979413079
-0.142638564393	-0.178511564957	0.571945433444	-0.731187069539	-0.0600555348091	0.0520568086249	0.67753146846	1359486171.12737659
-0.176273636884	-0.190768909554	0.556982049539	-0.728475861619	-0.0517810034074	0.0440730622737	0.681688500641	1359486171.46095841
-0.192292780622	-0.196111434352	0.585208867681	-0.736818348913	-0.046914417114	0.0425824824669	0.673115510413	1359486171.79386017
-0.118105281833	-0.194046055195	0.588084441701	-0.737552454447	-0.0638757353336	0.0654589561942	0.669067554458	1359486171.112745797
-0.148828797948	-0.20581773217	0.596001117929	-0.741587790202	-0.0579456750458	0.0592663756499	0.665715663692	1359486171.146076840
-0.187813528104	-0.223011650491	0.563792511397	-0.737198234552	-0.0494179648865	0.0514202766489	0.671902212282	1359486171.246077389
-0.20522767273	-0.23213952052	0.573576660548	-0.740429423301	-0.0462712838227	0.0479229538323	0.668824811067	1359486171.279410970
-0.190918390955	-0.234419892087	0.568034704923	-0.73822468583	-0.0528608841894	0.053337601335	0.670361947337	1359486171.312748530
-0.177790106676	-0.241576323464	0.564341381056	-0.735917873177	-0.0606597076823	0.055549085749	0.672056234905	1359486171.346051238
-0.165949029557	-0.243515198043	0.56664831356	-0.734720625502	-0.0640010308156	0.0593878067204	0.672727700432	1359486171.379411496
-0.186212027176	-0.254826645957	0.568250235709	-0.734049149796	-0.0611875756326	0.0535070559685	0.674214299191	1359486171.412749748
-0.196257836908	-0.249047948409	0.57952907566	-0.736763016481	-0.0579024685484	0.0529165167794	0.671585738334	1359486171.446077097
-0.217484744681	-0.254931090621	0.576383752848	-0.736166458564	-0.0545148301571	0.0473166806085	0.672939975269	1359486171.479438911
-0.181814861202	-0.26474194176	0.561589648684	-0.731174869263	-0.0649532339877	0.0571567181516	0.67668123775	1359486171.512748733
-0.213779458613	-0.263216188679	0.56641564136	-0.732603211518	-0.0604208016143	0.0478223967857	0.676280178307	1359486171.546075788
-0.192643699087	-0.265226191222	0.566613234191	-0.73081947972	-0.0671150089081	0.0555487863748	0.676988032371	1359486171.579413807
-0.256073716086	-0.265800741821	0.578191974794	-0.733498254626	-0.0511522663307	0.0417164983391	0.676478743107	1359486171.612745195
-0.23110669593	-0.271374594025	0.546777985819	-0.723419597845	-0.0559981925012	0.050972217011	0.686243485203	1359486171.679388253
-0.254274437135	-0.270094002275	0.574271085383	-0.727094223812	-0.0465192713592	0.0547236200409	0.682770292632	1359486171.712747865
-0.270174997707	-0.275073602153	0.575095867979	-0.725861010571	-0.0394525030998	0.0567208159408	0.684362508011	1359486171.746054354
-0.26582550052	-0.272603178144	0.591980321285	-0.72876938399	-0.0377939387952	0.0625252084157	0.680850498613	1359486171.779415027
-0.257758485581	-0.276458221132	0.560471381787	-0.719795760018	-0.0382301918412	0.0686625005552	0.689723116409	1359486171.812750115
-0.241323342337	-0.278915660969	0.574479486906	-0.721946081106	-0.0390677143204	0.080709373	0.686114834983	1359486171.879414996
-0.272329276571	-0.275229381498	0.594964961876	-0.727041382321	-0.0307975928031	0.0755705750816	0.681726796343	1359486171.912748188
-0.301363238273	-0.280291424511	0.583121572798	-0.724219724923	-0.0238667289357	0.0698489644523	0.685607242849	1359486171.946080796
-0.281435566184	-0.282131008631	0.578066880479	-0.72285370984	-0.031078437447	0.0757230255082	0.686136042126	1359486171.979368622
-0.275741967552	-0.285539813708	0.547621079825	-0.714816402267	-0.03583526948	0.0767799442607	0.694160056955	1359486172.12754354
-0.263332748783	-0.277087309887	0.579162189955	-0.721616378885	-0.0373614752795	0.0812031524894	0.68649833934	1359486172.46081691
-0.286353792376	-0.279009994519	0.588808571352	-0.723778616849	-0.0338903629579	0.0750272326498	0.685103547978	1359486172.79413874
-0.318448569174	-0.275886948132	0.579204860081	-0.721669747867	-0.0275762307086	0.0667388575291	0.688460784221	1359486172.112749395
-0.303841822812	-0.280384598924	0.5884198033	-0.724130519462	-0.0294039839087	0.0724503857034	0.68521627106	1359486172.146070235
-0.287904683259	-0.288556008981	0.561982152908	-0.718169802353	-0.0349676407696	0.0777402413901	0.690627145395	1359486172.212735917
-0.305674444242	-0.284638119307	0.582100751482	-0.724527692986	-0.028626933865	0.0744916949234	0.684610186998	1359486172.246078993
-0.286078272764	-0.282701763295	0.564122764368	-0.721287254411	-0.0323979131836	0.081453008756	0.68706657553	1359486172.279416654
-0.267535455983	-0.276552495204	0.583275797408	-0.728866056119	-0.0336382060291	0.08909536303	0.678000560191	1359486172.312749838
-0.250875204312	-0.280881082404	0.579074558164	-0.728925898945	-0.0367091475048	0.0945195920813	0.677041740995	1359486172.346077500
-0.284390022445	-0.271260628312	0.590436238242	-0.733765055318	-0.0292740377531	0.0845909225582	0.673480697666	1359486172.379413370
-0.282412562704	-0.277426656413	0.583026598899	-0.733297786114	-0.0285104092906	0.0855111447848	0.673906045054	1359486172.412748657
-0.247439341935	-0.285321599836	0.56088254446	-0.731989150744	-0.0440471220078	0.0867696913777	0.674331339101	1359486172.479420355
-0.274215306101	-0.273921393489	0.558859521768	-0.733968746215	-0.0389306892594	0.0764131314897	0.673747218435	1359486172.512747229
-0.238366148563	-0.268477589962	0.558077237386	-0.73538568406	-0.0496815158255	0.0819196379144	0.670841870778	1359486172.546079520
-0.250133085178	-0.266766781144	0.552907854337	-0.736625503842	-0.048303310656	0.076003748556	0.670278365662	1359486172.579411662
-0.23888518923	-0.265949991049	0.556096765272	-0.739211221424	-0.0529467778646	0.0744317244368	0.667250573047	1359486172.612747593
-0.255972385094	-0.259429618631	0.552859625582	-0.742045045723	-0.0498966462753	0.0653221190535	0.665291286258	1359486172.679391700
-0.25118036405	-0.254471640803	0.552097832218	-0.744933593779	-0.0522014146259	0.0605928486731	0.662327305689	1359486172.746077791
-0.23833274726	-0.254225589627	0.538850693521	-0.742437345873	-0.0553860182578	0.0615165320814	0.664781838437	1359486172.779412024
-0.227954610128	-0.244866292351	0.545655160989	-0.744421029255	-0.056781787924	0.0638349178598	0.662222215744	1359486172.812744176
-0.227791187724	-0.241814933123	0.539134114871	-0.743108986484	-0.0550613360251	0.0622343385332	0.663991092251	1359486172.846053112
-0.202201134485	-0.227913758268	0.552986185624	-0.745897540755	-0.060426696102	0.0690408287333	0.659711177003	1359486172.879399321
-0.212639968604	-0.229168629104	0.534774361471	-0.741351477662	-0.0562253691795	0.064648021038	0.665625516192	1359486172.912744246
-0.215209120373	-0.226973710932	0.540588815382	-0.743296228958	-0.0552354325332	0.0618543651536	0.66380253127	1359486172.946078452
-0.213097928898	-0.207148799561	0.548585384311	-0.74512451717	-0.0551260083814	0.0611336435247	0.661825698158	1359486172.979436800
-0.166704407817	-0.208432936185	0.518230079205	-0.731895632387	-0.0698392282569	0.0681304239475	0.674395663407	1359486173.12758135
-0.162089431059	-0.196833850589	0.519826645447	-0.726725529956	-0.0704255122756	0.0672478611158	0.679991159138	1359486173.46078038
-0.161042282595	-0.191695241966	0.521134192363	-0.721512675133	-0.0696565889836	0.0652136618253	0.6857948655	1359486173.79414696
-0.183730490678	-0.191957671213	0.527186970164	-0.718700402673	-0.0642695905029	0.0554158164666	0.690121900986	1359486173.112744288
-0.21740353532	-0.182860978302	0.563654613919	-0.724977608988	-0.0547836953466	0.0446040078318	0.685139909563	1359486173.146078202
-0.180099392725	-0.171484147211	0.526800256812	-0.707751371264	-0.0632821010644	0.0515664263713	0.70172948907	1359486173.246076085
-0.212668391562	-0.167414411466	0.554939548357	-0.714509508152	-0.053005480356	0.042197033449	0.696337556204	1359486173.279417229
-0.184700361704	-0.15514961816	0.57984679167	-0.720816712514	-0.0555136496179	0.0505454654268	0.689047645371	1359486173.312792294
-0.19136091169	-0.145851086229	0.561799955259	-0.719090335076	-0.0484597132232	0.0515152931045	0.691308122888	1359486173.346172391
-0.189767741331	-0.136696135453	0.56209816114	-0.721975246579	-0.0446135334597	0.0538514392546	0.688375913618	1359486173.412749765
-0.169652886645	-0.128141873508	0.553669116049	-0.720812347244	-0.0453444294824	0.0618643059005	0.688873174417	1359486173.446093031
-0.162103132487	-0.116911046995	0.557610282988	-0.722494489014	-0.0482228305034	0.0637269919867	0.686742413467	1359486173.479416888
-0.16554683398	-0.110249028999	0.572645836409	-0.727430454246	-0.0439099863831	0.0644679670287	0.681733619941	1359486173.512749297
-0.175058798723	-0.108082770808	0.560007747404	-0.724142170425	-0.0411521231756	0.0616976604395	0.685651528451	1359486173.546087228
-0.187914533037	-0.107194371626	0.56598574743	-0.7267076305	-0.036498172286	0.0585533442538	0.683473049263	1359486173.579415257
-0.182250013508	-0.0990540376419	0.574358257223	-0.729350251465	-0.0365643555975	0.0611198007016	0.680423124644	1359486173.612737795
-0.175068060349	-0.091181269041	0.573156320284	-0.72904959847	-0.0371316817017	0.0634870940551	0.680497839874	1359486173.646077950
-0.14009530984	-0.0845511217055	0.552301586734	-0.722471566588	-0.0480545534199	0.0726169672606	0.685895306467	1359486173.679416944
-0.160343549564	-0.0847200388612	0.566918173806	-0.727481193073	-0.0427930595141	0.0650456487336	0.681695629562	1359486173.712752205
-0.128687198805	-0.0732877091354	0.573028076809	-0.730126350371	-0.0525279547171	0.0746542897756	0.67718761321	1359486173.746066955
-0.160280800304	-0.0710736816595	0.568622418387	-0.729745782514	-0.0452435966251	0.0614361905231	0.679448088054	1359486173.779415708
-0.133379387262	-0.0599273146436	0.558535729157	-0.727066171763	-0.0526401984516	0.0686533153083	0.681095084171	1359486173.812742142
-0.149191436032	-0.0576399251723	0.56519400307	-0.72910358882	-0.0493033640929	0.0631438481796	0.679698454828	1359486173.846085091
-0.138821570813	-0.0482319990247	0.560035541708	-0.726918391454	-0.0517004706084	0.0657790904834	0.681608263418	1359486173.879422116
-0.128958992807	-0.0461871291805	0.549342266098	-0.722760756299	-0.0540033523211	0.0684166314475	0.68557982149	1359486173.912745457
-0.123119566146	-0.0327399413209	0.563111258378	-0.726350811967	-0.0534619178172	0.0712500803562	0.681527510338	1359486173.946063801
-0.142170875729	-0.0376903111143	0.553043590678	-0.722976324579	-0.0496251716525	0.0627488723729	0.686225294968	1359486173.979438688
-0.125244506715	-0.0300200485101	0.540506054935	-0.718549664446	-0.0545487952572	0.0668587871236	0.690101957138	1359486174.12747255
-0.136522957257	-0.0207171436731	0.550484202066	-0.721979046961	-0.0501958599901	0.0631261970705	0.687198453601	1359486174.46080567
-0.137106222386	-0.0197532196961	0.554413576619	-0.723365448331	-0.0496779085186	0.0610723575904	0.685962608824	1359486174.79437931
-0.138155544544	-0.018808128789	0.54299456257	-0.719842963376	-0.0494644391714	0.0593696894798	0.689822163537	1359486174.112745985
-0.118149149064	-0.00835243462116	0.536024818426	-0.717745299864	-0.0538685084234	0.0650857202159	0.691161137035	1359486174.146078233
-0.113295681731	-0.00152707358373	0.536538998134	-0.717512102458	-0.0555339709653	0.0645240482563	0.691324097723	1359486174.212745875
-0.110998954354	0.00372445615795	0.529789937198	-0.714084349829	-0.0584201931192	0.058145676596	0.695190407485	1359486174.246079669
-0.11026754352	0.0133934266976	0.553862359843	-0.721942198095	-0.059380957371	0.0550627141577	0.687198269804	1359486174.279414681
-0.093846551364	0.0200393693806	0.538748912753	-0.717628573187	-0.0682850201501	0.0550124130152	0.690883507824	1359486174.312745680
-0.0880567373097	0.0247538682229	0.507144111168	-0.707799154768	-0.0719796205227	0.0523395217688	0.70078517764	1359486174.346056303
-0.0970756710059	0.0247551131025	0.519602443832	-0.712266583179	-0.0735965158368	0.0430383763605	0.69671196739	1359486174.379412903
-0.0965477971419	0.0267862764766	0.515284369266	-0.710978855579	-0.0753342215499	0.038759877758	0.698091322005	1359486174.412723418
-0.0846144085559	0.0345283904022	0.52573701674	-0.715091086009	-0.0799732006032	0.0402897460323	0.693271780949	1359486174.446082174
-0.0879088388112	0.0349322696064	0.517862777097	-0.714461968546	-0.0816056530581	0.03485927065	0.694024094783	1359486174.479415830
-0.0781266745526	0.0434526975557	0.511471432678	-0.713307360308	-0.0865707024285	0.0356069250196	0.69457200498	1359486174.512745597
-0.0687954962739	0.0493795556904	0.515842308007	-0.715305214071	-0.0922129962997	0.0372455058581	0.691699346775	1359486174.546080547
-0.0754948853564	0.0519647929543	0.512053853858	-0.714586373281	-0.0915052678408	0.035160062933	0.692644837599	1359486174.579414303
-0.0679889205988	0.0565957358476	0.530986773899	-0.720871523089	-0.0960907569481	0.0397722252776	0.685221850006	1359486174.612744642
-0.0830454247777	0.0558695112507	0.527736371947	-0.721741741145	-0.0922843152244	0.035727967229	0.685051805786	1359486174.646070163
-0.0857124424897	0.0609020206708	0.537872806735	-0.72644943119	-0.0927673782259	0.0384521899959	0.679843266162	1359486174.679379186
-0.0965698809436	0.0627494117563	0.537683151572	-0.728427971281	-0.0889055165528	0.0417060778028	0.678048009256	1359486174.712748285
-0.101422880368	0.0633266509124	0.538841611036	-0.730316853545	-0.085100644332	0.0447117318516	0.676310605268	1359486174.779417605
-0.107819543405	0.0597114569662	0.523771067982	-0.728038043271	-0.0813502822289	0.0463734351186	0.679111363214	1359486174.812765743
-0.0912160373773	0.0722704121489	0.539850916944	-0.735502140153	-0.085117402738	0.0574476159869	0.669695005953	1359486174.846081936
-0.109065040167	0.0749217170538	0.535840690383	-0.736664766059	-0.0796773998649	0.055161475295	0.669278526505	1359486174.879436092
-0.0896612535143	0.0831014030258	0.525733266155	-0.732669954482	-0.0858004576119	0.0638935595608	0.672123970946	1359486174.912746802
-0.114110232922	0.0832820790103	0.536143808541	-0.736008492265	-0.0781264719409	0.0600795441796	0.669759809236	1359486174.946046471
-0.111228218909	0.0882919104665	0.526258080524	-0.732685130942	-0.0778745692743	0.0651828992075	0.672948170373	1359486174.979411704
-0.124544006167	0.090689576536	0.544102414639	-0.738101586482	-0.0709859709638	0.0655114098409	0.667738942357	1359486175.12745449
-0.116285019015	0.0997300206906	0.54704790877	-0.737645208124	-0.0694766672054	0.0747831379746	0.66742791515	1359486175.46079313
-0.128701690282	0.0969574027402	0.544654383268	-0.73505642794	-0.0601658817236	0.0768021109912	0.670949737438	1359486175.79413671
-0.126985955632	0.104667126922	0.539994453157	-0.731144817454	-0.0586555117988	0.0808356626008	0.674872123071	1359486175.112768852
-0.119098906071	0.116752645673	0.552081674251	-0.728129945037	-0.0541726029069	0.0919980728048	0.677073457488	1359486175.212761767
-0.130273653552	0.116011140251	0.555733509891	-0.72527612299	-0.0490066853623	0.0899131050773	0.68079991462	1359486175.246081744
-0.129287473619	0.122066201036	0.548721539123	-0.719300932115	-0.0490015204316	0.0908448249481	0.686987800353	1359486175.279416560
-0.132072740982	0.124843995801	0.549657453772	-0.717148407644	-0.0475332402466	0.0897871155643	0.689475907022	1359486175.312750035
-0.140605322708	0.126375101155	0.562878613808	-0.720419796803	-0.0458711769568	0.0855599689583	0.686710013915	1359486175.346081954
-0.15213210549	0.128428050748	0.559696213651	-0.718633490123	-0.0427440020204	0.0802705891609	0.689416775021	1359486175.379373148
-0.148718700435	0.136554101009	0.577383767321	-0.723804689354	-0.0449103352416	0.0796776696204	0.683916151601	1359486175.412699783
-0.1492449549	0.143560875367	0.582938154794	-0.724657767162	-0.0450984403334	0.0786727649224	0.683116276509	1359486175.446078444
-0.13580388364	0.156677766964	0.586295442707	-0.722839934544	-0.0506015898956	0.0805397657774	0.684437911177	1359486175.479419427
-0.13737513734	0.166859200066	0.589666452567	-0.722572869808	-0.0512105967832	0.0782613903461	0.684938739871	1359486175.546080713
-0.130379696172	0.172029613126	0.597086039557	-0.723328860918	-0.0536488369906	0.080101991035	0.683740325186	1359486175.579416924
-0.139448550655	0.170662912799	0.584070374401	-0.716785758722	-0.0515884356417	0.0737658912603	0.691458894431	1359486175.612748323
-0.150681317289	0.184052056209	0.605184434487	-0.719863866416	-0.0481306655645	0.0653923629643	0.689349905147	1359486175.646088484
-0.123447466993	0.190572441971	0.585761935103	-0.708411700968	-0.0584912375838	0.0740000955417	0.699468099999	1359486175.679412988
-0.137720659834	0.192203646995	0.596782418568	-0.709657838545	-0.0536144252996	0.0657075312049	0.699423881444	1359486175.712746578
-0.120448538073	0.203053038791	0.599629370042	-0.707211444192	-0.0585791248317	0.0730839483557	0.700770430191	1359486175.746078742
-0.130643737693	0.209666842086	0.604257728936	-0.704016829586	-0.0525057993256	0.0666922103185	0.705092613618	1359486175.812745528
-0.12835851949	0.210919707192	0.614984572592	-0.705743950599	-0.0514819609104	0.0659740004411	0.703507295741	1359486175.846079702
-0.105854753318	0.219619596141	0.600754329592	-0.697044517091	-0.0597413144787	0.0734533090435	0.710749272197	1359486175.879411837
-0.125898637401	0.219655871207	0.617703689023	-0.702118868348	-0.0511091382662	0.0641014898172	0.707324500989	1359486175.912747348
-0.124623455113	0.223844979645	0.618654559766	-0.701014463246	-0.0502408955009	0.0636696047548	0.708520116983	1359486175.946079063
-0.118050916757	0.226390370775	0.623975513887	-0.702816685242	-0.0525153130179	0.0635737630672	0.706575704007	1359486175.979368594
-0.123191789235	0.225538795914	0.608211302794	-0.697350558169	-0.0496365531368	0.0597662696652	0.712507126016	1359486176.12744427
-0.126809485153	0.23324694544	0.630458927871	-0.707079793894	-0.0479325754629	0.0564396491039	0.703246186826	1359486176.46058276
-0.12112630811	0.229123609635	0.62690286323	-0.705539230524	-0.0488712646913	0.0558150611195	0.704777037531	1359486176.79408832
-0.119771695651	0.240180321251	0.610218057394	-0.698404063733	-0.050147894124	0.0559581441838	0.711748297206	1359486176.112745987
-0.100750058076	0.240985381001	0.614956143772	-0.698327942535	-0.0544066838749	0.060272553953	0.711157659499	1359486176.212770933
-0.1116173682	0.236390499713	0.615383871457	-0.698110358906	-0.0492678488248	0.054054330826	0.712244856197	1359486176.246079940
-0.0988489161648	0.246838747843	0.615885634127	-0.698527166718	-0.0515883653737	0.0585710826254	0.711314182479	1359486176.279411895
-0.100403072366	0.23915136805	0.63057178149	-0.704766577473	-0.0499229551107	0.0542404339667	0.705598855691	1359486176.312744643
-0.105647676203	0.23632609951	0.635298937583	-0.707526045236	-0.0463095370167	0.0507943276198	0.703336518585	1359486176.346082747
-0.0978229562432	0.234737037149	0.624778261531	-0.704824734364	-0.0473392794714	0.0503960709597	0.706003769452	1359486176.379413072
-0.0726102951932	0.240238021275	0.605101049209	-0.697272642451	-0.0564477670358	0.0590109072803	0.712139188999	1359486176.412747595
-0.0882035274478	0.235771066078	0.59367615075	-0.694682801775	-0.0510318357138	0.0510068970946	0.715688377096	1359486176.446077880
-0.081426931169	0.232085812812	0.63940805736	-0.717652892341	-0.0508146188255	0.0507332695098	0.692689205917	1359486176.512712147
-0.087053727921	0.22618429672	0.642306810483	-0.721584390129	-0.0480212195551	0.046642509932	0.689082293099	1359486176.546078026
-0.0781002360165	0.22583790219	0.6323917187	-0.720526771256	-0.0499907608612	0.0488978385622	0.689892090921	1359486176.579379388
-0.0533383395493	0.234130004352	0.622002524949	-0.718205301624	-0.0582503625189	0.0588226217341	0.690889237981	1359486176.612724280
-0.063787550338	0.223488022586	0.619374779852	-0.71859614636	-0.0537122866678	0.0519619636358	0.691400407168	1359486176.646107086
-0.0492092640718	0.231378650988	0.605289256995	-0.713862100843	-0.0603401325141	0.0568696311784	0.695360204814	1359486176.679413550
-0.0463626902179	0.224374928424	0.620122424053	-0.71975182847	-0.0592312400055	0.0561601755947	0.689416420096	1359486176.712747934
-0.0417103560199	0.224166281697	0.617113268573	-0.718485215903	-0.0601724037886	0.0569413750083	0.690591019463	1359486176.746084666
-0.0309952609492	0.22823760989	0.619476774442	-0.718439513743	-0.0641298655211	0.0601452487641	0.690010561145	1359486176.779412657
-0.0375573174684	0.219088070485	0.618949243167	-0.716923028693	-0.0616932340893	0.054035083154	0.692311725731	1359486176.812771020
-0.0379136194524	0.214414244213	0.616454726591	-0.71466826038	-0.0606589498712	0.0527665287816	0.694827649742	1359486176.846076448
-0.0522430205262	0.207855196315	0.643419250127	-0.724195552533	-0.0543123652279	0.0452456990315	0.68596194894	1359486176.879410559
-0.0389945167271	0.207327778202	0.643108996856	-0.72233299242	-0.0585045645206	0.0492683934104	0.687302618504	1359486176.912720546
-0.0252260261922	0.211684681021	0.635971970159	-0.717716604798	-0.0637338632699	0.053936588133	0.691311589901	1359486176.946066145
-0.0400039853401	0.200190871982	0.650291452056	-0.72146510863	-0.0574474764394	0.0461503174914	0.688518723547	1359486176.979407878
-0.0417149283246	0.198890563749	0.647055508456	-0.71879529456	-0.0565824315389	0.045484387649	0.691420945184	1359486177.12748701
-0.0284511625343	0.198983126424	0.646448899931	-0.717472875484	-0.0593392015742	0.0507066724315	0.692199657232	1359486177.46092911
-0.0248601774785	0.19692167055	0.638975594961	-0.713097221932	-0.0605260575235	0.0509473310039	0.696586906205	1359486177.79433607
-0.0234807725514	0.196890233183	0.651083148242	-0.716611625262	-0.0591660109125	0.0515681095412	0.693042489152	1359486177.112713180
-0.0199157645827	0.185619129462	0.647628549943	-0.712055446421	-0.0588059143662	0.0511670098034	0.697782804865	1359486177.212750551
-0.0229821661121	0.182215618101	0.642298605658	-0.709416270654	-0.0573690778295	0.0490692567221	0.70073500832	1359486177.279418310
-0.00771101661243	0.180047391412	0.647538536478	-0.708689176019	-0.0612236184113	0.0534945314295	0.700820701356	1359486177.312752279
-0.00803212461877	0.18246878167	0.670087016846	-0.716377346094	-0.0604588045445	0.0533960672679	0.693034696791	1359486177.346082065
-0.00347514545763	0.178762631861	0.67871822534	-0.717995331817	-0.0611878957874	0.0543877049442	0.691216841844	1359486177.379422913
-0.010894397192	0.173065939661	0.690267380834	-0.720563582932	-0.0575822153091	0.0502706608415	0.689162732663	1359486177.412748789
-0.000628404422681	0.175851545064	0.684927284453	-0.717230694852	-0.0608127593329	0.0541941515821	0.692058474841	1359486177.446081509
0.00398896054125	0.177409323069	0.683503991766	-0.714988860887	-0.063181379395	0.0543059677108	0.694154092386	1359486177.479415395
0.00723700689457	0.174035405757	0.683666076784	-0.713417693337	-0.0637846152308	0.0543388630234	0.695711151024	1359486177.512748124
2.23272700933e-05	0.164372637475	0.671957486348	-0.707296120033	-0.0613738510959	0.0495128150465	0.702505466266	1359486177.546031976
-0.000677889663066	0.163145742006	0.676963251194	-0.708049699641	-0.0600549151477	0.0492627443185	0.701877633229	1359486177.579431027
0.00385201103616	0.16320421484	0.669294262964	-0.704597505636	-0.0609866241516	0.0511192735405	0.705131056328	1359486177.612745490
0.0077062476529	0.165429667022	0.709072727359	-0.717747637058	-0.0624391464479	0.0514798885884	0.691584776841	1359486177.646080112
0.00919047109465	0.158364306526	0.693246101134	-0.711240254961	-0.0614362811577	0.0516851409192	0.698349145692	1359486177.679420576
0.00293551190419	0.152701626352	0.703649195064	-0.714226289787	-0.0581576296901	0.0492195960977	0.695755652831	1359486177.712744323
0.0125228777183	0.151529017796	0.687014273842	-0.70764565231	-0.0606225297409	0.0529928231316	0.701964600498	1359486177.746073406
0.0068666801647	0.148462839331	0.704974659285	-0.713590432134	-0.0582747172236	0.0504079789601	0.696312995826	1359486177.779410966
0.0110465641096	0.147855985883	0.722010752707	-0.71888248718	-0.0584737405073	0.0518670396181	0.690723245228	1359486177.812728439
0.0144400098962	0.146935965279	0.720598508289	-0.717772262675	-0.0598705678937	0.052032194731	0.691744999798	1359486177.846084853
0.00914874171215	0.138986859467	0.717439487844	-0.714858519661	-0.0578924512961	0.0497787318875	0.695088367621	1359486177.879421158
0.0107080729541	0.131092715401	0.711176678925	-0.710335989381	-0.0573848870237	0.0499470102583	0.699739275086	1359486177.946080229
0.0142387357256	0.133748700311	0.741861124768	-0.720279731794	-0.0584967156578	0.050333408167	0.689377828368	1359486178.12746659
0.0219098901004	0.130027081062	0.741400829237	-0.717426396584	-0.0598079762392	0.0526412075043	0.692063056906	1359486178.46078661
0.0211851970524	0.131522545369	0.754489693909	-0.720837376472	-0.0599848185237	0.0526061977456	0.688496830919	1359486178.79412391
0.0190769604936	0.122358132554	0.770046136821	-0.723305059574	-0.0567866964202	0.0516874560841	0.686245924424	1359486178.212747475
0.0249925362541	0.115943976671	0.766637365976	-0.719439697799	-0.0582129028206	0.0515424184956	0.690189219179	1359486178.246078426
0.0292550937652	0.113571412877	0.765375616825	-0.718377498256	-0.0581012288544	0.0532028073246	0.69117832612	1359486178.279413368
0.0272213543926	0.108429708441	0.76132339029	-0.716227181904	-0.0570847344503	0.052655747885	0.693532500471	1359486178.312739608
0.0299942372018	0.106764283165	0.772030231376	-0.7192969509	-0.0582777785529	0.0522447846543	0.690279711008	1359486178.346074180
0.0284217310815	0.107110720649	0.776773319132	-0.72055475865	-0.058251968632	0.0516147307295	0.689016304241	1359486178.379438795
0.0326485329229	0.102284583096	0.766113717711	-0.716625811097	-0.0577593585171	0.0532272857157	0.693021038229	1359486178.412748321
0.0243681783693	0.101483386277	0.781000993291	-0.721056821395	-0.0552609152153	0.0512156147824	0.688767197515	1359486178.446078690
0.031979944836	0.0975027745303	0.794127246582	-0.724632724416	-0.0572258828635	0.0525675711222	0.684740289089	1359486178.479412438
0.0277202258551	0.088460892028	0.782982253234	-0.720598383298	-0.0560550711874	0.0494694341081	0.689310216137	1359486178.512743990
0.0276736021108	0.0895735979451	0.796555595375	-0.724051120644	-0.0557366345942	0.0496639729481	0.68569445969	1359486178.546078886
0.0277356905155	0.0896159773831	0.801650798946	-0.725028427477	-0.0567763123624	0.0487832970147	0.684638897256	1359486178.579434098
0.0379912899494	0.0915116495658	0.794308970119	-0.720599845299	-0.060863770335	0.0515173806858	0.688750625338	1359486178.612753973
0.0362035754938	0.0845051512732	0.811743358965	-0.725165782255	-0.0598248271834	0.0494357501463	0.684186878643	1359486178.646078072
0.0319541680995	0.0826272217817	0.825284808828	-0.728022264984	-0.0589600092279	0.0469136237102	0.68140033087	1359486178.679417528
0.0371741694464	0.0816637136783	0.815862396385	-0.723449155231	-0.0605948591176	0.0486713582526	0.685988834989	1359486178.712761621
0.0430048422623	0.0824788361626	0.816083290204	-0.721504433539	-0.0620442143924	0.0515200037807	0.687697285914	1359486178.746080092
0.04286674013	0.0796511879272	0.825778868472	-0.723472865476	-0.0620655142094	0.0512354690368	0.685645543687	1359486178.779418676
0.0387979394931	0.0767122141541	0.832924826052	-0.72428067933	-0.0599782286754	0.0505955978719	0.685025689379	1359486178.812771347
0.0301733044205	0.0699572325701	0.844049603922	-0.72662462627	-0.0569206126684	0.0474457738833	0.683026789293	1359486178.846045310
0.0399281864973	0.0723828743641	0.848805904896	-0.726996011633	-0.0596098875787	0.0513070109283	0.682122460415	1359486178.879421980
0.0383828158241	0.0688125910901	0.847542451184	-0.725432315924	-0.0587087887364	0.0514821065279	0.683850002446	1359486178.912724379
0.0438239165727	0.0653350971421	0.852094258058	-0.724578575152	-0.0592293655921	0.0540457266586	0.684512111005	1359486178.979414336
0.0488600100104	0.0639162396349	0.853164995732	-0.723971002049	-0.061364102725	0.0553037270486	0.684866361317	1359486179.12745799
0.0394522588425	0.0618014465177	0.860458047718	-0.725615920428	-0.0574751859619	0.0531821572471	0.683629868548	1359486179.46083134
0.0445362876715	0.059788575225	0.864833782572	-0.725988702004	-0.060010215	0.0535659401303	0.682985994524	1359486179.79389662
0.0485171814027	0.0556345472456	0.855265489087	-0.721959612553	-0.0596057443016	0.0559970786518	0.687085002216	1359486179.112744972
0.0400966992415	0.051587445264	0.876080963002	-0.726209294021	-0.0582372286186	0.052795812388	0.682964924922	1359486179.179436166
0.0435894850059	0.0500955031316	0.877441060616	-0.725550825813	-0.0589644809817	0.0542740355148	0.683486297019	1359486179.212745037
0.0487816192316	0.0420997492156	0.882466957318	-0.724514468711	-0.0607413453766	0.0556460678541	0.684319215514	1359486179.279429921
0.0396754488026	0.0374894288587	0.890764116449	-0.726966193543	-0.0594972607036	0.0521902657481	0.682097064629	1359486179.312716012
0.0462783096324	0.0416150442529	0.899241858305	-0.729780029006	-0.0617947011206	0.0543996541983	0.678707007331	1359486179.379414089
0.0510245533478	0.0381582838395	0.911609401916	-0.73387798572	-0.0621934124942	0.0566754831736	0.674049680012	1359486179.412744081
0.0377473169756	0.0290888137804	0.911198268127	-0.737696981521	-0.0606483102396	0.0510323814396	0.670463005664	1359486179.446081838
0.0442064458613	0.0281319855082	0.891899874491	-0.733531284573	-0.0629988394204	0.0532755216036	0.674629320132	1359486179.479410494
0.0439421678629	0.0257672806543	0.900359187884	-0.736397051815	-0.0643581626707	0.0523853933575	0.671441121424	1359486179.512743675
0.0464088764929	0.0309155996177	0.905049005363	-0.738123303351	-0.0668528626907	0.0535229912724	0.669208467673	1359486179.579411661
0.0394156452722	0.021047422346	0.90849182376	-0.739497602472	-0.0647438288572	0.0513493428148	0.668067943817	1359486179.612744825
0.0464580222226	0.0204715420736	0.90351507643	-0.737770116668	-0.0668431703472	0.0541474283829	0.66954858041	1359486179.646075034
0.0393394173941	0.0183202908142	0.900276268403	-0.736072892635	-0.0649947391357	0.052695006302	0.671710962337	1359486179.679410668
0.0495915505902	0.0234886397949	0.895466345323	-0.733437729545	-0.0690230753701	0.0567493041234	0.673857869605	1359486179.712744458
0.0466306651972	0.0225923989626	0.903037898742	-0.734285289769	-0.0681173570368	0.0559048500795	0.673097159879	1359486179.746076922
0.0521416706867	0.0213215757965	0.904332644148	-0.732170241923	-0.0697449570029	0.0582947257397	0.675028964391	1359486179.779413086
0.0457475457405	0.0168046604711	0.896020660311	-0.727331916495	-0.0661863234491	0.0576408440309	0.680650561548	1359486179.812743729
0.0395304043446	0.0219469646763	0.914780603506	-0.731304754327	-0.0673199959237	0.053797028902	0.676584994017	1359486179.846080956
0.052412767675	0.0241282317534	0.915879223706	-0.728765626979	-0.0707779713433	0.0584505615541	0.678582840603	1359486179.879388545
0.0459072948613	0.0236653919411	0.928283675975	-0.730065998579	-0.0683754217929	0.0568043453994	0.677570443391	1359486179.912744526
0.0443913742995	0.020433219687	0.925082436953	-0.726975112212	-0.0656016219041	0.0582012317723	0.681040549489	1359486179.946078496
0.0299541129337	0.0175376698263	0.927627205882	-0.724975072227	-0.0612230628393	0.0549357776506	0.683845700111	1359486179.979411432
0.0450408816583	0.0234099056985	0.938211233454	-0.726158013717	-0.06505150396	0.0605506438364	0.681759826096	1359486180.12748650
0.0477267090143	0.0221141363798	0.936648170184	-0.723538237232	-0.0641777832452	0.0627120926257	0.684427370026	1359486180.46082320
0.0408823322645	0.0147499027932	0.940572187615	-0.723149730994	-0.0619387946539	0.0603155907542	0.685259134775	1359486180.79412333
0.0447544932997	0.0204299462167	0.943028889176	-0.722250946975	-0.0625740300312	0.0636715747699	0.685845457027	1359486180.146078856
0.0542986847234	0.0258137263641	0.937784716654	-0.719364776954	-0.0631796214136	0.0692404988151	0.688279308449	1359486180.179417453
0.0336091430642	0.020794548829	0.973602770299	-0.73094839573	-0.0586323318093	0.0608350836907	0.677182239163	1359486180.212750037
0.0469533785762	0.0197532757164	0.957067806177	-0.726036650187	-0.0623452971648	0.0651297859438	0.681719852644	1359486180.246081583
0.0431212094365	0.0188004322485	0.954537852865	-0.725251595723	-0.0612606972683	0.0636690424175	0.682790965749	1359486180.279439490
0.0616524097818	0.0183748906666	0.931911482555	-0.718662535968	-0.0659554848215	0.0687579326573	0.688800682429	1359486180.312783605
0.0503711314943	0.021472186881	0.965132102086	-0.729640324379	-0.0643915463456	0.0629576465033	0.677875401933	1359486180.346117670
0.0471303785659	0.0202336928148	0.97252283714	-0.732014851019	-0.0638882178337	0.0613191218729	0.675509081214	1359486180.379441330
0.0491366570162	0.0221946139632	0.967365651136	-0.730357678871	-0.0629824052399	0.0626465837308	0.677263820893	1359486180.412749089
0.0503375979578	0.0225955691523	0.968088002134	-0.729927034378	-0.0599372564303	0.0659634176212	0.677689366386	1359486180.446079211
0.0501446555017	0.0158573675997	0.937795915485	-0.720663160735	-0.0557413946344	0.0683871362082	0.687648678676	1359486180.479417174
0.0535391879537	0.0197560958464	0.977600759787	-0.733459354736	-0.0550795588019	0.0703520466961	0.673835444806	1359486180.512751184
0.0465960258693	0.0147315659719	0.960563619394	-0.729284323635	-0.0490313765559	0.0709725356411	0.678751205228	1359486180.546107375
0.0561680349561	0.0173071741087	0.951880867393	-0.727413132836	-0.0507406663995	0.0740508568273	0.680302866049	1359486180.579417935
0.0602355202611	0.0163839045225	0.946019269179	-0.726697085423	-0.0524389180869	0.0729107981491	0.681062054016	1359486180.612749693
0.0500708695863	0.00620136476696	0.949092029191	-0.728833427075	-0.0514853022556	0.0645008325577	0.679699008259	1359486180.646050210
0.0625396160682	0.0156224385314	0.951197301608	-0.731285708254	-0.0571733227787	0.0656787223473	0.676490006946	1359486180.679415300
0.0664002537169	0.00757527648033	0.93136609012	-0.72764355255	-0.0574374950975	0.0641510644083	0.680529525828	1359486180.712749430
0.0577198667201	0.00961306076555	0.947781264276	-0.735008072614	-0.0568783232294	0.0588596868191	0.673099938201	1359486180.746081686
0.0639320667645	0.0110317452847	0.937321021793	-0.734173274803	-0.060109928285	0.0587286955836	0.673741300056	1359486180.779414392
0.0862248668996	0.0177949190809	0.926837980142	-0.735477988751	-0.0669225909024	0.0632549608653	0.671261726017	1359486180.812744858
0.0742570932671	0.0104441039859	0.91012807427	-0.73226103489	-0.0621740525874	0.0594309071746	0.675570966842	1359486180.846043470
0.0779169001752	0.0144162168035	0.916499694244	-0.734806909766	-0.0611951685656	0.0616292315347	0.672692942229	1359486180.879422263
0.0882571798796	0.0214451703302	0.914982097099	-0.734002217357	-0.0607284991597	0.0684964243994	0.672949503417	1359486180.946077967
0.09735139262	0.0247226769901	0.914115146822	-0.727303098828	-0.0625755714398	0.0778287286578	0.679011921316	1359486180.979413843
0.112354737842	0.0302741572655	0.921970226796	-0.725606493416	-0.0703366435075	0.0829462851529	0.679461468423	1359486181.12745375
0.101073857722	0.0230357346566	0.931376651973	-0.72483993266	-0.0731187288707	0.0791180993212	0.68044180491	1359486181.46078199
0.108684427594	0.025412344899	0.931678430792	-0.721707070015	-0.0808297922249	0.0841495752879	0.682293411047	1359486181.112746129
0.106550614881	0.0217989408815	0.945606852016	-0.722528078396	-0.0851961812524	0.0873997677583	0.680482231381	1359486181.146080184
0.102082474595	0.0232376899965	0.977574483427	-0.726671538513	-0.096946417649	0.0965405530165	0.673223431591	1359486181.179426339
0.0858924277983	0.0086343691407	0.972508017516	-0.723427384243	-0.097564903183	0.0974327352604	0.676491516202	1359486181.246072101
0.111040589099	0.0137644205042	0.964440488792	-0.716689716173	-0.111907040129	0.112894006133	0.679034320547	1359486181.279393743
0.0979701745672	0.00816114067497	0.976961405789	-0.717710191714	-0.115031005695	0.117716956987	0.676611163428	1359486181.312746930
0.0999124829659	0.00429451033236	0.984351666846	-0.715471975725	-0.123791466351	0.125936499334	0.675955266972	1359486181.346081378
0.111160606195	0.00705771859243	0.99522978156	-0.711859603347	-0.142841866166	0.130688420143	0.6751093565	1359486181.379415069
0.214359049671	-0.0486868708149	0.661864190052	-0.663368279418	-0.0558564865729	0.118787995552	0.736689887865	1359486181.879414779
0.173340939992	-0.106775821143	0.652398726679	-0.645166741901	-0.0895942692248	0.0519655833653	0.756988982887	1359486181.912748519
0.16542657718	-0.125348635992	0.606356914149	-0.626421806635	-0.125531686985	0.0109816650577	0.769231381814	1359486181.979431858
0.147693975546	-0.121172389341	0.478293380294	-0.591326452424	-0.144541663587	-0.0175559065732	0.79317874675	1359486182.12712043
