0.021994927898	-1.67256009579	1.01278650761	0.054895401001	-0.0204056426883	-0.345412194729	0.936621844769	1359485908.109000262
0.024145225063	-1.67062902451	1.01450276375	0.0484814234078	-0.00531282741576	-0.34036308527	0.939028441906	1359485908.117415443
0.0251181293279	-1.66554749012	1.01320588589	0.0553790330887	-0.0167344138026	-0.35334187746	0.93370372057	1359485908.125588121
0.0266628228128	-1.66203379631	1.01340806484	0.0560651570559	-0.014748075977	-0.357629358768	0.932062447071	1359485908.133901935
0.0283201001585	-1.65856647491	1.01357710361	0.0571537427604	-0.0129333604127	-0.361711233854	0.930446684361	1359485908.142247214
0.029998216778	-1.65515196323	1.0137335062	0.0586290284991	-0.0108721572906	-0.365744739771	0.928803145885	1359485908.150619327
0.0316807702184	-1.651933074	1.01376104355	0.0598022341728	-0.00876956060529	-0.369695901871	0.92718487978	1359485908.158964036
0.0333381704986	-1.64888167381	1.01380491257	0.060650665313	-0.00629050843418	-0.373633384705	0.925570070744	1359485908.167257722
0.0353967435658	-1.64729261398	1.01521801949	0.0555604435503	0.00968788005412	-0.36855751276	0.927892565727	1359485908.17561
0.0366637632251	-1.64291322231	1.01380634308	0.0605675056577	-0.00148870795965	-0.379972338676	0.923011541367	1359485908.184041569
0.0382405817509	-1.63998484612	1.01371359825	0.0594190694392	0.00137917138636	-0.382728040218	0.921947300434	1359485908.194899166
0.0397294424474	-1.63663506508	1.01327967644	0.0628391653299	0.00548634491861	-0.384781479836	0.920849859715	1359485908.200593511
0.0412957184017	-1.63373219967	1.01323461533	0.0619876496494	0.00793436355889	-0.387339890003	0.919816493988	1359485908.210304293
0.0428764261305	-1.63086295128	1.01307415962	0.0613416098058	0.00971765257418	-0.389634907246	0.918872952461	1359485908.21727493
0.0444524586201	-1.62812781334	1.01291036606	0.060673840344	0.0116999642923	-0.392332077026	0.917745769024	1359485908.225994605
0.0463771298528	-1.62574803829	1.01287257671	0.0616028793156	0.0117963487282	-0.397466152906	0.915470719337	1359485908.2339302
0.0479440800846	-1.62305116653	1.01263725758	0.061938110739	0.012959591113	-0.399657458067	0.91447776556	1359485908.242105272
0.0493557341397	-1.62042546272	1.01230311394	0.0630352646112	0.0135686555877	-0.401592075825	0.913546085358	1359485908.250642054
0.0507956705987	-1.61787927151	1.01203644276	0.064373023808	0.0145255951211	-0.403306722641	0.912682235241	1359485908.258906761
0.0521007589996	-1.61547291279	1.01173043251	0.0658114701509	0.0147893493995	-0.404971987009	0.911837697029	1359485908.26724179
0.0532993264496	-1.61311805248	1.01144194603	0.0667242482305	0.0149610694498	-0.406309485435	0.911173224449	1359485908.275611418
0.054112944752	-1.61059868336	1.0110732317	0.067231118679	0.0167603828013	-0.404342770576	0.911979198456	1359485908.284015022
0.0551756955683	-1.60849761963	1.01085042953	0.0683644711971	0.0170158036053	-0.405661702156	0.911304235458	1359485908.292206165
0.0562115944922	-1.60650455952	1.01063394547	0.0690917596221	0.0173495747149	-0.406618207693	0.910816609859	1359485908.300674924
0.0571978315711	-1.60474538803	1.01044881344	0.069238036871	0.0178450215608	-0.407360136509	0.910464346409	1359485908.308862222
0.058158185333	-1.60300219059	1.01039803028	0.0691652595997	0.0177563838661	-0.407843887806	0.910255074501	1359485908.319680777
0.0590373985469	-1.6014547348	1.01044249535	0.0699791312218	0.017970751971	-0.408627867699	0.909836888313	1359485908.325552071
0.0597224645317	-1.59989285469	1.01047456264	0.0707904025912	0.0177067313343	-0.409368157387	0.909446537495	1359485908.335120794
0.0604200586677	-1.59844958782	1.01056683064	0.0711997225881	0.018147982657	-0.409770965576	0.909224390984	1359485908.342198248
0.0610027983785	-1.59720718861	1.01071178913	0.0718197748065	0.0186695680022	-0.41058576107	0.908797383308	1359485908.350760082
0.0614722520113	-1.59590137005	1.01098871231	0.072700291872	0.0193295944482	-0.411340296268	0.908372282982	1359485908.358920288
0.0614306367934	-1.59489881992	1.01091229916	0.0697494968772	0.0219725575298	-0.413229078054	0.907685995102	1359485908.36720789
0.0612581670284	-1.59257864952	1.01068162918	0.059393890202	0.016825824976	-0.413440942764	0.908435940742	1359485908.37558316
0.0619602277875	-1.59281802177	1.01185202599	0.0717725604773	0.0229283217341	-0.414767146111	0.906802713871	1359485908.383962695
0.0621383264661	-1.5919290781	1.01242244244	0.0725736767054	0.0240232795477	-0.415147155523	0.906536757946	1359485908.392241055
0.0622527785599	-1.59111571312	1.01302468777	0.0733209475875	0.0250797457993	-0.415655493736	0.906214952469	1359485908.400694347
0.0622740723193	-1.59040999413	1.01377856731	0.0740766078234	0.0262073148042	-0.416383951902	0.905787110329	1359485908.40890355
0.0622361302376	-1.58973860741	1.0146471262	0.0752576366067	0.0273589529097	-0.416922986507	0.905407607555	1359485908.417265552
0.0620999373496	-1.58920693398	1.01556742191	0.0760570466518	0.0283251348883	-0.417369306087	0.905105412006	1359485908.428511599
0.0618785098195	-1.58874750137	1.01653528214	0.0765565410256	0.0295468140393	-0.417874693871	0.904790997505	1359485908.433923146
0.0615693703294	-1.58838188648	1.01757144928	0.0774407535791	0.031124131754	-0.418263435364	0.90448319912	1359485908.44488188
0.0611924752593	-1.58803379536	1.01864922047	0.078579813242	0.0324269644916	-0.418490678072	0.904234051704	1359485908.450648027
0.0602812841535	-1.58656549454	1.01908004284	0.0683480575681	0.0281001478434	-0.418159216642	0.905362784863	1359485908.459959313
0.0603217445314	-1.58759260178	1.02101135254	0.0810683146119	0.0345799662173	-0.418446034193	0.903955221176	1359485908.467325168
0.059722431004	-1.58749365807	1.02227628231	0.0823216661811	0.0359241105616	-0.418619334698	0.903709292412	1359485908.475959469
0.0590326078236	-1.58750498295	1.02351498604	0.0832164511085	0.0373499058187	-0.418678700924	0.903541982174	1359485908.4839801
0.0589269772172	-1.58897268772	1.02537751198	0.0798313617706	0.0440549254417	-0.412839740515	0.9062281847	1359485908.492311856
0.0574957951903	-1.58760249615	1.02614927292	0.0864638909698	0.0401715487242	-0.418172329664	0.90335059166	1359485908.500642703
0.0566285178065	-1.58769571781	1.02755236626	0.0879431068897	0.0418515987694	-0.41779384017	0.903306603432	1359485908.508994496
0.0556907914579	-1.587859869	1.02889919281	0.0892345756292	0.0432529002428	-0.417405605316	0.903293430805	1359485908.517305428
0.0553057640791	-1.5895280838	1.03082299232	0.0859929248691	0.0508427508175	-0.410983473063	0.906152784824	1359485908.525672726
0.0535876303911	-1.5884488821	1.03161883354	0.0916147902608	0.0474057979882	-0.416202127934	0.903402030468	1359485908.533978346
0.0524308234453	-1.58880567551	1.03297162056	0.0925639048219	0.0488287471235	-0.41586214304	0.903385996819	1359485908.542178935
0.0519471503794	-1.59057641029	1.03494238853	0.0892914682627	0.0560731887817	-0.408751130104	0.906534731388	1359485908.553329422
0.0500770844519	-1.58964788914	1.03567492962	0.0950706452131	0.0517257750034	-0.413706541061	0.903953969479	1359485908.558868934
0.0488050170243	-1.59013009071	1.03699481487	0.0961235836148	0.0532441884279	-0.412903904915	0.904121518135	1359485908.569319061
0.047532632947	-1.59066975117	1.03831136227	0.0973563268781	0.0550258681178	-0.411855399609	0.904361069202	1359485908.575602201
0.0446099564433	-1.59193956852	1.03921151161	0.0960206836462	0.0538835860789	-0.413425415754	0.903856217861	1359485908.585840913
0.0449775345623	-1.59183466434	1.04076945782	0.0987299010158	0.0578785166144	-0.410242050886	0.904767334461	1359485908.592189242
0.0437679849565	-1.59246826172	1.04195404053	0.0997977480292	0.0595316626132	-0.409596532583	0.904835343361	1359485908.600559243
0.0420533269644	-1.59188055992	1.04239284992	0.0892527922988	0.0558666437864	-0.40874800086	0.9065528512	1359485908.608897444
0.041304089129	-1.59368109703	1.04421722889	0.101874388754	0.0623890459538	-0.408582985401	0.904869735241	1359485908.617251772
0.040039729327	-1.59439265728	1.04526615143	0.103268049657	0.0639397725463	-0.408268034458	0.904745638371	1359485908.625839298
0.0389360003173	-1.59387552738	1.04590749741	0.111540347338	0.0671809539199	-0.400433927774	0.907027125359	1359485908.633946844
0.037567589432	-1.59575426579	1.04711997509	0.106285139918	0.0672776177526	-0.407136917114	0.904663801193	1359485908.644591333
0.0362899154425	-1.59660112858	1.04801666737	0.106506727636	0.0685399323702	-0.407007753849	0.904601156712	1359485908.650986688
0.0349838845432	-1.59735584259	1.04882097244	0.106446109712	0.0702101886272	-0.406308948994	0.904794335365	1359485908.658917273
0.0337516106665	-1.59811151028	1.04957473278	0.106673508883	0.0714585259557	-0.406004697084	0.904806375504	1359485908.667222954
0.0325196459889	-1.5988240242	1.05026137829	0.106570839882	0.0726605504751	-0.40591365099	0.904763579369	1359485908.678172656
0.0313002057374	-1.59950220585	1.05085241795	0.106782972813	0.0738900154829	-0.405764609575	0.904705822468	1359485908.684017255
0.0301217567176	-1.60011994839	1.05139398575	0.107106544077	0.0746719688177	-0.405943393707	0.904523253441	1359485908.694029257
0.0289516691118	-1.60068929195	1.0518655777	0.107378721237	0.0751776471734	-0.406067192554	0.904393434525	1359485908.700666734
0.0278103444725	-1.60127913952	1.05225586891	0.108378097415	0.0756283402443	-0.406173378229	0.904189050198	1359485908.709350824
0.0266242772341	-1.60182678699	1.05258333683	0.109510608017	0.0756626054645	-0.406291514635	0.9039965868	1359485908.717227953
0.0254498831928	-1.6023812294	1.05272054672	0.11064632237	0.0754613131285	-0.406743466854	0.903671741486	1359485908.725529407
0.0243523716927	-1.60275089741	1.05283546448	0.110652603209	0.0745245665312	-0.406641185284	0.903794884682	1359485908.733898983
0.0234754234552	-1.60352754593	1.05342423916	0.114309206605	0.0755225345492	-0.407095491886	0.903052031994	1359485908.742192343
0.0222525708377	-1.60321140289	1.05293977261	0.110573381186	0.0718348100781	-0.406403362751	0.904129266739	1359485908.750612341
0.0212164521217	-1.6034334898	1.05296492577	0.110373362899	0.0699788406491	-0.406542062759	0.904236853123	1359485908.758975651
0.0202322918922	-1.60357093811	1.05299377441	0.110192485154	0.068047337234	-0.406863987446	0.904261469841	1359485908.76733563
0.0192648395896	-1.60367894173	1.05303609371	0.109870418906	0.0655693486333	-0.407423824072	0.904231727123	1359485908.77562009
0.01869042404	-1.60456037521	1.05280506611	0.104598075151	0.0647104531527	-0.412873655558	0.902445137501	1359485908.783961707
0.017949571833	-1.60446000099	1.05287694931	0.104063980281	0.0621954500675	-0.41320681572	0.902531206608	1359485908.792191821
0.0171577297151	-1.60446035862	1.05314207077	0.102121829987	0.0593151785433	-0.413956314325	0.902603447437	1359485908.802958884
0.0165030434728	-1.6042535305	1.05338430405	0.102023117244	0.0572790242732	-0.414509803057	0.902492046356	1359485908.808877775
0.0158895757049	-1.60402691364	1.05374419689	0.101646050811	0.0552639365196	-0.415332436562	0.902281999588	1359485908.818854285
0.0153313903138	-1.60375809669	1.05414843559	0.101258926094	0.0534306131303	-0.416145771742	0.902061223984	1359485908.82554826
0.0148396976292	-1.60351395607	1.05464172363	0.101141318679	0.0519605576992	-0.417345255613	0.901606082916	1359485908.834091017
0.0144454659894	-1.60327363014	1.05527067184	0.100920192897	0.0505247749388	-0.418776661158	0.901048481464	1359485908.842251239
0.0141977416351	-1.60302078724	1.05593490601	0.10124207288	0.0494757927954	-0.420739024878	0.900156021118	1359485908.85078971
0.0133590828627	-1.60104167461	1.056858778	0.105759233236	0.052608396858	-0.410524010658	0.90416675806	1359485908.858839245
0.0139195853844	-1.60270023346	1.05769431591	0.100375913084	0.0487252809107	-0.425669431686	0.897973358631	1359485908.867210712
0.0139257982373	-1.60186243057	1.05841648579	0.104480654001	0.050696130842	-0.426316320896	0.897088766098	1359485908.875464542
0.0126209696755	-1.60282850266	1.0598180294	0.0895695909858	0.0473630167544	-0.434162706137	0.895118296146	1359485908.884334398
0.014012625441	-1.60084652901	1.05999910831	0.105337388813	0.0542136058211	-0.430411577225	0.894824445248	1359485908.892164415
0.0140358060598	-1.6003074646	1.06075835228	0.10477130115	0.0558765307069	-0.432325333357	0.893865585327	1359485908.900609519
0.0132683077827	-1.59805202484	1.06152796745	0.108419112861	0.0618628636003	-0.422012865543	0.89795511961	1359485908.908943248
0.0140229323879	-1.59935307503	1.06212639809	0.10389226675	0.0605518333614	-0.436292827129	0.891733407974	1359485908.918530063
0.0141901960596	-1.60078012943	1.06327390671	0.0962900742888	0.0677535906434	-0.432013809681	0.894148588181	1359485908.927831192
0.0139725599438	-1.59819698334	1.06376826763	0.104288578033	0.0761140584946	-0.42054399848	0.898038625717	1359485908.933837883
0.0139146922156	-1.6000109911	1.06434309483	0.0955875888467	0.0723220333457	-0.436208605766	0.891826510429	1359485908.943878718
0.013786601834	-1.60069477558	1.06621313095	0.0936427414417	0.0908597111702	-0.430785387754	0.892972290516	1359485908.950589579
0.0124166458845	-1.59729301929	1.06707334518	0.105128794909	0.100081548095	-0.415046423674	0.898147046566	1359485908.959409014
0.0121678607538	-1.59688532352	1.0675702095	0.10517115891	0.101433388889	-0.416776537895	0.897188782692	1359485908.967234983
0.0118349483237	-1.59652209282	1.06809616089	0.105086699128	0.102587133646	-0.418402969837	0.896309971809	1359485908.975465738
0.011463410221	-1.59614753723	1.06869316101	0.105430901051	0.103819601238	-0.419711112976	0.895515739918	1359485908.984012608
0.0111229103059	-1.59580087662	1.06926548481	0.106087356806	0.104846410453	-0.420499593019	0.894948422909	1359485908.992170403
0.0102573959157	-1.59294044971	1.06671583652	0.119356192648	0.0829083099961	-0.437985062599	0.887158036232	1359485909.000567151
0.0112499240786	-1.59484302998	1.06898403168	0.104280360043	0.0855841338634	-0.4277574718	0.893769800663	1359485909.008801585
0.0115175480023	-1.59522747993	1.07043027878	0.10015399754	0.0886565595865	-0.42424172163	0.895616054535	1359485909.017303229
0.0104122199118	-1.59414339066	1.07056164742	0.105874508619	0.0870568081737	-0.428367108107	0.893148005009	1359485909.025621526
0.0097849983722	-1.59313309193	1.07150197029	0.111034475267	0.0913291871548	-0.430817216635	0.890913486481	1359485909.033882131
0.00949146132916	-1.59273743629	1.07256937027	0.113120704889	0.0925100967288	-0.431078016758	0.890402913094	1359485909.042228994
0.00892447680235	-1.59259676933	1.07427120209	0.114876449108	0.0983344316483	-0.429816603661	0.890163779259	1359485909.052572076
0.00921788718551	-1.59186553955	1.07505881786	0.119342371821	0.0953787267208	-0.430333286524	0.889648020267	1359485909.058933418
0.00907592475414	-1.5914182663	1.07644736767	0.121830746531	0.0969146564603	-0.429991453886	0.889309942722	1359485909.068495083
0.00831549055874	-1.58975172043	1.07735264301	0.126876056194	0.0908371061087	-0.436445444822	0.886096119881	1359485909.075581661
