0.210489984684	-0.416315111261	0.611937295782	-0.68098639964	-0.142999122524	0.0802795195128	0.713697396107	1359484505.658686
0.20280224722	-0.421415068985	0.622800323615	-0.683237497821	-0.142144378931	0.0796429135112	0.711785433566	1359484505.793607
0.185853870557	-0.423927410413	0.623849441805	-0.684550665136	-0.141514447688	0.0782156115999	0.710806841596	1359484505.825364
0.173167876317	-0.430338457014	0.660766279367	-0.692654096603	-0.144992761688	0.0870070037955	0.70116844111	1359484505.858043
0.163973894582	-0.430155454041	0.624707288844	-0.688958711318	-0.149960525599	0.0898504575947	0.703402182348	1359484505.894959
0.168571805887	-0.425768599356	0.64443702732	-0.694478662663	-0.153523778984	0.0941719569838	0.69660711948	1359484505.928168
0.173715814065	-0.416298544758	0.632874830089	-0.6924282945	-0.158953905842	0.100735336372	0.696512099536	1359484505.958002
0.175201886702	-0.408831205939	0.644763122825	-0.694249757832	-0.160346151916	0.103904325257	0.693909415204	1359484506.158096
0.179301234293	-0.399823862646	0.657522210811	-0.689912459625	-0.161001273266	0.116110520863	0.696144909488	1359484506.324863
0.0947211918058	-0.425669199697	0.678694663987	-0.691547268114	-0.14239642018	0.131341345548	0.695870021221	1359484506.358022
0.108647576171	-0.422942063618	0.676145775066	-0.689939962765	-0.143261796814	0.151215698994	0.693247948234	1359484506.390735
0.125669524902	-0.415734214227	0.662554999448	-0.685894745257	-0.15005181566	0.162843574432	0.693191763737	1359484506.591809
0.146399015717	-0.397046481931	0.654830589516	-0.681529889708	-0.157224134693	0.172961853641	0.693456399559	1359484506.758205
0.155396907305	-0.388192178574	0.660267141056	-0.67975315508	-0.164494656315	0.174125886396	0.693222425985	1359484506.791957
0.175749240838	-0.368564570523	0.640079492206	-0.670620896454	-0.175995818142	0.17503796277	0.699038480218	1359484506.824678
0.160330158892	-0.369266113607	0.651240543351	-0.669512831667	-0.175376984885	0.168757255193	0.701795176833	1359484506.858078
0.139748213471	-0.371937624118	0.670603544139	-0.664105094262	-0.171524009017	0.166994604679	0.708277304531	1359484506.891512
0.12483458231	-0.373955374934	0.667355609197	-0.663202248045	-0.168694532146	0.164949908853	0.710279142719	1359484506.924567
0.121994408137	-0.382260148801	0.689707450273	-0.683681756354	-0.13528920537	0.162058697644	0.698579319373	1359484506.957858
0.139275587975	-0.345769215153	0.69787914551	-0.676288408737	-0.142336910664	0.158527619478	0.705154724818	1359484507.023007
-0.035512972942	-0.30740525018	0.607289453778	-0.662308102917	-0.104303101696	0.131386967241	0.73020976755	1359484507.056279
0.0409403222634	-0.221451625256	0.71833901525	-0.673589018012	-0.13820492814	0.136526252241	0.713118373834	1359484507.090879
0.050225243329	-0.202772520238	0.723201718627	-0.665668664903	-0.141710133232	0.132978811899	0.720499897496	1359484507.124056
0.0381271040057	-0.202949259384	0.685064268007	-0.642760642822	-0.140921403189	0.107681989518	0.745254656675	1359484507.190107
0.0122658329081	-0.212934886405	0.714381275507	-0.647641536822	-0.126822924728	0.0969838117592	0.745030553604	1359484507.223484
0.0595276471932	-0.17904079401	0.687997743419	-0.632706177857	-0.129249075069	0.102838632953	0.756572392219	1359484507.256120
0.0246628236266	-0.198142064152	0.74880465019	-0.645735251565	-0.107204465797	0.0937415203537	0.750163791956	1359484507.290295
0.0283529014396	-0.197181480406	0.779030476539	-0.63807521968	-0.0976031658688	0.0952344743596	0.757802105392	1359484507.356235
0.0576516487465	-0.189292030763	0.833248002218	-0.64289490748	-0.113572991469	0.10408916728	0.750301778486	1359484507.389617
0.0608704946843	-0.176623945796	0.772755738339	-0.621031179956	-0.128982982885	0.097722830394	0.766898892989	1359484507.422880
0.0731531957059	-0.162943781052	0.744060715353	-0.609957837032	-0.137207920779	0.0930670772531	0.774896085066	1359484507.456593
0.0551705745189	-0.174843370455	0.75284180409	-0.61366371841	-0.125619277831	0.0831470963788	0.775063351029	1359484507.490262
0.0430515394578	-0.180078005018	0.757235699853	-0.616031274559	-0.110134910452	0.0793043059769	0.775942393041	1359484507.522697
0.0630303514336	-0.173231316295	0.740339296571	-0.613455794382	-0.105233622067	0.0855918232785	0.777992231911	1359484507.556726
0.0639681009782	-0.167415350806	0.771268346371	-0.62483630893	-0.105810681377	0.0821502388269	0.769178149072	1359484507.589729
0.0851319165875	-0.158703995538	0.767681728132	-0.622359718572	-0.118121590573	0.0826854614058	0.769336587595	1359484507.623029
0.101097046263	-0.149775798322	0.755347787353	-0.617959848732	-0.128629147796	0.0844190413914	0.771008166716	1359484507.656649
0.0954676270072	-0.154181676163	0.737113891235	-0.61599000718	-0.127177488413	0.0842328946303	0.77284346213	1359484507.690456
0.0837802397327	-0.157318839584	0.732749468593	-0.621093665808	-0.117132374223	0.0816198982842	0.770623680798	1359484507.723303
0.117389030841	-0.138144973152	0.712213973409	-0.62030415495	-0.113778550855	0.0903043303245	0.770793308639	1359484507.756766
0.105246500642	-0.145701862566	0.681399043699	-0.62287321958	-0.0941822642858	0.0887905960165	0.77154059095	1359484507.790109
0.117054503393	-0.131003481131	0.69722108245	-0.635660277712	-0.0809688716597	0.0946448469595	0.761854583307	1359484507.823522
0.105065341706	-0.148839198334	0.697949508389	-0.646502375313	-0.0632780375962	0.0916486283715	0.754739092395	1359484507.856375
0.093402558749	-0.126912917887	0.68916023551	-0.651963981201	-0.0513983362584	0.0923128495629	0.750852526168	1359484507.923742
0.14279552538	-0.122218075638	0.711887090184	-0.667649994281	-0.0629498700846	0.0975727317183	0.735364100985	1359484507.957457
0.174746464364	-0.0945711595451	0.685855842261	-0.664423339348	-0.0745879817129	0.0892807779759	0.738246030669	1359484507.990668
0.192294662093	-0.0817977112211	0.701241858683	-0.671337752981	-0.073938720594	0.0724567456387	0.733886031364	1359484508.022981
0.221160075849	-0.0592453472968	0.62699585353	-0.653818555899	-0.0725152045705	0.066098965429	0.750262465966	1359484508.061003
0.226895650959	-0.0562000096248	0.635413102779	-0.660944587682	-0.061940952335	0.0563447132639	0.745748512385	1359484508.125405
0.249735198586	-0.0516137773088	0.647768626017	-0.667504945546	-0.0538905598989	0.0509616210989	0.740902063974	1359484508.157282
0.262839349475	-0.0501495777148	0.688042157426	-0.682941433094	-0.025078730931	0.0387404452281	0.729013877867	1359484508.190734
0.241932414986	-0.0481351422091	0.651347736026	-0.674289819297	-0.00277181847939	0.0277921436066	0.737938448224	1359484508.223736
0.266983940257	-0.042391695592	0.653602350382	-0.677384185532	0.00609443148018	0.0279322629277	0.735073677793	1359484508.257177
0.283451058477	-0.0438147641842	0.672022733083	-0.685121045882	0.0158900123706	0.0255012197042	0.727809279819	1359484508.324228
0.282483856361	-0.0399190997965	0.688412164701	-0.690270540872	0.0277106831662	0.0192042565427	0.722765449488	1359484508.358686
0.276364583433	-0.0391469089948	0.731943043071	-0.701452730781	0.037663914608	0.0157155277253	0.71154656784	1359484508.392154
0.274999296951	-0.034057093344	0.746744702138	-0.694224028116	0.0466483252603	0.0113603070457	0.718155885558	1359484508.424208
0.284154359092	-0.0371071882441	0.746745955468	-0.689605317623	0.046609365463	0.0142300039012	0.722543825623	1359484508.457662
0.298925541292	-0.0427430075401	0.735428598481	-0.684931060427	0.0434990852657	0.0191529489079	0.727056006503	1359484508.491504
0.297265643273	-0.0402624489987	0.743798500098	-0.688845938632	0.0428907256306	0.0178137328149	0.723418502257	1359484508.524394
0.295543754215	-0.0384665284373	0.744628374354	-0.691835219856	0.040879608379	0.0148887874302	0.720743512072	1359484508.557864
0.306048471231	-0.0373766646642	0.733158238307	-0.689445693302	0.0338378395781	0.0137056761503	0.723416747831	1359484508.591064
0.292640480971	-0.0328230097665	0.766740464598	-0.69800372673	0.0326098091468	0.00577081642148	0.715327963592	1359484508.623905
0.287587703535	-0.0312220120765	0.773665883673	-0.695927677074	0.0273639421662	0.00091690068594	0.717589745081	1359484508.657185
0.281281965879	-0.0202084922822	0.813114990062	-0.692698825687	0.0217996299648	-0.0135272503766	0.720770508915	1359484508.723554
0.291806666833	-0.0265081150358	0.805657024803	-0.684421033824	0.0172611353843	-0.0170076663071	0.728684184645	1359484508.757065
0.295142125196	-0.0282167108085	0.81070729861	-0.681485267169	0.0172749547748	-0.018451373956	0.731395210107	1359484508.789850
0.295246365075	-0.0290650248941	0.798486747781	-0.676030735076	0.0176054865598	-0.0197636247261	0.736397916356	1359484508.823656
0.301230294782	-0.0316491533323	0.78726350828	-0.673444349902	0.0144878223865	-0.0192855203434	0.738844286229	1359484508.856984
0.302688953217	-0.0276899557735	0.719871327215	-0.664824559785	0.0107504244574	-0.0153898877308	0.746763606797	1359484508.956964
0.243958130284	-0.0185525672869	0.550326097708	-0.77296051765	0.00303304753553	0.019213622978	0.634155876318	1359484509.191222
0.264308654888	-0.0137176007021	0.451947514288	-0.757069310041	-0.00505590437643	0.0254515516304	0.652819053142	1359484509.223389
0.272304155197	-0.013181671758	0.428527441091	-0.756890662328	-0.00700792384531	0.0229402171592	0.653101187199	1359484509.256411
0.264589574863	-0.0122357965721	0.414840320564	-0.757280883005	-0.00336299555836	0.0169954456521	0.652859486661	1359484509.290334
0.266421459099	-0.0140086601254	0.387581415195	-0.751156203454	-0.00163618017597	0.0131406775529	0.659991669281	1359484509.323928
0.272920472371	-0.0131412046272	0.372725303068	-0.747820037667	-0.000973299120765	0.00700047628042	0.663863869542	1359484509.356623
0.244145389126	-0.00721856327724	0.35785094193	-0.736473578657	0.0189475666288	-0.0062955596274	0.676171593301	1359484509.390597
0.248324720858	-0.0124553775717	0.367781859515	-0.728700655266	0.0243970457255	-0.000552766282383	0.684397423741	1359484509.423042
0.242977803865	-0.00627417565923	0.382341809882	-0.721919554875	0.0282861170202	0.00298594714637	0.691392172354	1359484509.456156
0.271117311798	-0.0209836398936	0.623647155754	-0.707103565407	0.0115175404773	0.00892248129222	0.706959888096	1359484509.659339
0.271269254219	-0.0279986357166	0.677919451647	-0.713119786711	0.0101768368475	0.00650986475355	0.700938102441	1359484509.694040
0.281418288907	-0.03046216721	0.682779601815	-0.704898613605	0.0078133000193	0.00805881282239	0.709219255531	1359484509.726721
0.274897553415	-0.0291066511118	0.71698409575	-0.704370363543	0.00217062744737	-0.00204883178877	0.709826374283	1359484509.760599
0.284510442764	-0.0328419386961	0.706501627343	-0.691629474225	-0.00408860360606	-0.00721972712929	0.72220483884	1359484509.791209
0.278337995823	-0.0296453120687	0.731632950998	-0.689654865375	-0.00342725148716	-0.0140085912926	0.723994599415	1359484509.826288
0.254771041966	-0.025907162202	0.765372351568	-0.689784945886	0.00314508770689	-0.0256099089547	0.723554399763	1359484509.857586
0.286392441716	-0.0295404863645	0.778897322485	-0.684014237514	-0.00334865177339	-0.0231864142471	0.729092380706	1359484509.890649
0.279098381686	-0.0295628531897	0.776184582852	-0.676155823891	0.00481586637342	-0.0252186913753	0.736311161707	1359484509.957637
0.297687629138	-0.0377763421668	0.739443745798	-0.662788594165	0.0117016801514	-0.0122183341753	0.748615430269	1359484509.990520
0.331174245422	-0.0399177017323	0.680842619772	-0.656561910946	0.00996105599114	0.00840817811075	0.754159490426	1359484510.056711
0.308690037492	-0.0252001975883	0.628983198032	-0.650869654068	0.0197312593534	0.0133835555186	0.758815030992	1359484510.090104
0.303223559283	-0.0121686719241	0.455555394688	-0.719932530688	0.0472054514066	0.0178473799668	0.692206809879	1359484510.357884
0.285216975818	-0.0105347139349	0.440787147016	-0.723894626663	0.043978547076	0.000123370681218	0.688507401314	1359484510.390558
0.285948298412	-0.0127371450986	0.435938680195	-0.727460840118	0.0436192503913	-0.00234765103976	0.68475731148	1359484510.423905
0.261289625185	-0.0101514052328	0.408941772706	-0.723252205122	0.0503777419319	-0.00587577209268	0.688718960248	1359484510.456953
0.222173448357	-0.00501283292831	0.435861918127	-0.727120709543	0.066333302454	-0.00433952486637	0.683283641882	1359484510.523668
0.293407880531	-0.0158825170451	0.457903874415	-0.726012959206	0.0537636323944	0.0297950384471	0.684928398141	1359484510.557049
0.275291621314	-0.0151173860008	0.661799558968	-0.715064680769	0.0293092874458	0.0272305892472	0.697912575467	1359484510.725196
0.28786528414	-0.0171553000165	0.69491394971	-0.702331554946	0.0144424071321	0.0202577836377	0.711415086996	1359484510.756869
0.300795434175	-0.0182391919326	0.692966002302	-0.693607830539	0.00649212557666	0.0151626168363	0.720163956867	1359484510.790218
0.29414025398	-0.0229150747105	0.684354701831	-0.68488881681	0.00367646795734	0.003595122137	0.728629444429	1359484510.857444
0.30140106029	-0.0216911152647	0.745060109338	-0.696769027746	-0.00547971835978	-0.0052462304421	0.717255443846	1359484510.890766
0.296536166881	-0.0208414241858	0.736136858142	-0.68860314897	-0.0111527850577	-0.0152108868918	0.724893059378	1359484510.923426
0.2914216864	-0.0198434326147	0.789773491149	-0.691606250968	-0.0266413322354	-0.0307689268191	0.7211271082	1359484510.991566
0.284455313691	-0.0171108716013	0.789401500226	-0.685935441214	-0.0302958530001	-0.0323575005546	0.72631103801	1359484511.026402
0.307300913199	-0.0213227945034	0.724624403003	-0.659379483832	-0.0419802778609	-0.0166990697793	0.75045152651	1359484511.058929
0.29272527926	-0.0196731372339	0.751722124294	-0.670249289487	-0.0383896104428	-0.0103658954089	0.741069953489	1359484511.093876
0.283168240243	-0.0206681950633	0.739829248708	-0.674057584809	-0.0329129446515	-0.000378332463689	0.737945097755	1359484511.124252
0.292425827975	-0.0141284524936	0.687392886551	-0.669925331594	-0.0317061523561	0.013828893879	0.741622229767	1359484511.157180
0.28030929032	0.00550806696811	0.474262381304	-0.728001879696	2.53877440311e-05	0.0527765748001	0.683540705201	1359484511.392034
0.265016863231	0.00578293539121	0.453179076131	-0.733120406372	0.0081244811965	0.0465186841327	0.67845742283	1359484511.423233
0.265804674764	0.00709635398637	0.438093325162	-0.737682409819	0.00607998174049	0.0375630214563	0.67407471061	1359484511.456209
0.245708859314	0.00184710258258	0.394712217991	-0.735117691832	0.00757422074302	0.0214671674553	0.677557208697	1359484511.490206
0.254527993962	0.0073049425987	0.364667659668	-0.733005996802	0.00659598455002	0.0225923943056	0.679814890511	1359484511.523979
0.28339622081	0.0388926354583	0.388092766127	-0.7403016654	-0.00264030557877	0.0345398458667	0.671381763261	1359484511.557070
0.243925276264	0.00866043207869	0.394650512557	-0.734467865934	0.0213693294231	0.0312279778471	0.677587720572	1359484511.589807
0.245240262022	0.00870343034187	0.362406221708	-0.715662969699	0.0231695980497	0.0373023196982	0.69706400027	1359484511.623183
0.260564960783	0.0016948706576	0.707840517752	-0.704450152627	0.00538665163127	0.0377970918973	0.70872586117	1359484511.891731
0.280424380186	0.00122207301182	0.692150614658	-0.68873027779	-0.00662755493931	0.0410484854769	0.723824358399	1359484511.958451
0.27377614075	-0.00404516525874	0.711881105044	-0.686590620266	-0.0153043849815	0.0311968058152	0.726213367592	1359484511.991422
0.266269057759	-0.0147045156052	0.721029514137	-0.683784496823	-0.0217652437565	0.0190667665636	0.72911007021	1359484512.024713
0.258079290828	-0.0174322191026	0.742159534329	-0.682723510591	-0.0357982468951	-0.000700568320982	0.729799015352	1359484512.057773
0.264348277866	-0.0185106137933	0.745177023818	-0.678953192685	-0.0441242922478	-0.00582702555458	0.732831259397	1359484512.093169
0.257761743541	-0.022161160942	0.73177894257	-0.672929822955	-0.0447886585334	-0.00937245619703	0.738289635921	1359484512.126065
0.264210675013	-0.0267869809201	0.727056204389	-0.671432046063	-0.046514269786	-0.00504956707788	0.739587677087	1359484512.159011
0.262238123025	-0.0307068291297	0.717572130442	-0.671709256709	-0.042095853491	-0.0022201137053	0.739614551416	1359484512.193156
0.266280338728	-0.0280791655988	0.67654581214	-0.666428851217	-0.0360010848565	0.00497218299771	0.744682338686	1359484512.224380
0.249227248003	-0.0338718120915	0.671355030557	-0.673899737702	-0.0262552774962	0.0055745963339	0.738335105358	1359484512.257591
0.258836897345	-0.014673211036	0.63320348212	-0.673771978767	-0.020458858947	0.0188535888434	0.738415396581	1359484512.290560
0.243326549261	-0.0187247715213	0.557712291601	-0.667748670248	-0.00982334183087	0.0299140482662	0.743720622986	1359484512.323905
0.250281526963	-0.0185767005268	0.553968655126	-0.680110436807	-0.00941951952609	0.0419304900752	0.731848960101	1359484512.356837
0.263987524655	-0.0164934849186	0.503420391654	-0.678439066883	-0.0104473519869	0.0509256587003	0.732815026217	1359484512.391056
0.270389752372	-0.0104174427861	0.482114967661	-0.734279092894	-0.0214770190552	0.049466210937	0.676702331433	1359484512.525066
0.242467488431	-0.0168541674916	0.47570503863	-0.75898235537	-0.0177278758057	0.0379729496179	0.649761157467	1359484512.593313
0.245987356459	-0.022847378741	0.47919299344	-0.772009911851	-0.024836194099	0.0370995847316	0.634040598289	1359484512.625157
0.284786552469	0.0443669139764	0.406132107978	-0.759834832099	-0.0477370583283	0.0697145831321	0.644602263485	1359484512.657267
0.24910451561	-0.00554865481973	0.64889298571	-0.690933546233	-0.0423031903304	0.0508903104589	0.719882942623	1359484513.026188
0.249099986288	-0.00912362609076	0.661888606851	-0.688853832888	-0.0522033086323	0.0414187294309	0.721830797581	1359484513.058281
0.246458330769	-0.0138486902555	0.677832176225	-0.687735219905	-0.0606588827317	0.0308855373829	0.722763343584	1359484513.091347
0.244539604963	-0.0128609682714	0.704076120423	-0.680420713479	-0.0735904739821	0.00670953680759	0.729086467384	1359484513.124221
0.232685482102	-0.0173664917897	0.700988803861	-0.676984355106	-0.068562707635	0.00460592740684	0.732782453049	1359484513.157857
0.240909749791	-0.0160370312296	0.715698431418	-0.679214907998	-0.0700355291711	0.010656155757	0.730512545924	1359484513.190981
0.234769576903	-0.0219018378951	0.69484330505	-0.674387409824	-0.0661442969581	0.0166832290822	0.735219846929	1359484513.257786
0.214926048882	-0.0338712425561	0.674591404369	-0.673992461995	-0.0573118358981	0.0194838438171	0.73625396058	1359484513.290649
0.188785940365	-0.0481905340529	0.561679682241	-0.663059012448	-0.0343731063185	0.0354013498093	0.746939073824	1359484513.323591
0.224682057222	-0.0251409841174	0.545724198312	-0.671762604533	-0.0396569456988	0.0529719952818	0.737805053876	1359484513.389747
0.271603880672	-0.00917513171941	0.388117997848	-0.738621052214	-0.0300723447622	0.0364437892391	0.672462969637	1359484513.658270
0.257379546169	-0.00433283755013	0.367651348358	-0.741395999283	-0.0272345674289	0.0291031982386	0.669883015486	1359484513.691323
0.265759744255	0.00475165170285	0.311183566352	-0.727788436066	-0.0282542261948	0.0294585971055	0.684585920164	1359484513.724053
0.284122641118	-0.0150691035276	0.65897311276	-0.692797499348	0.0212977112947	0.00774213232889	0.720776034408	1359484514.058150
0.265921362193	-0.0096176096953	0.619805171162	-0.669691787844	0.0343456267571	1.98351525802e-05	0.741844516609	1359484514.089831
0.28624663203	-0.0283805175299	0.708750105331	-0.681072982637	0.0393809990533	-0.00419679013074	0.731143704198	1359484514.157321
0.290759896317	-0.034082155477	0.735694223154	-0.684311206166	0.0417225193741	-0.00769396427995	0.727954811377	1359484514.190714
0.28591421661	-0.0389618591975	0.744391955502	-0.679036872532	0.0475722522032	-0.0075029708639	0.732522704079	1359484514.223465
0.268982012928	-0.0258214302383	0.760530361846	-0.676106265081	0.055435497277	-0.00158357658263	0.734714037055	1359484514.289775
0.271192679848	-0.031828142344	0.79051285307	-0.671609836833	0.0587931475005	0.0115789123499	0.738477841012	1359484514.356789
0.279073624338	-0.0303407420984	0.818994172721	-0.67290587618	0.0620991588833	0.0178630565875	0.736900459681	1359484514.389369
0.265829812769	-0.0292380685531	0.820412472758	-0.666742747656	0.0715323624212	0.017690318532	0.741636219588	1359484514.423122
0.26961977671	-0.0315352952887	0.819618644081	-0.662679266061	0.0783960523126	0.0247512718255	0.744377339699	1359484514.456109
0.27793478204	-0.0324122016212	0.821005273062	-0.663554612222	0.0873839697474	0.0356888924841	0.74214932553	1359484514.523345
0.291668074504	-0.0307243647815	0.831306771332	-0.671152394386	0.102013633169	0.0443518630264	0.732926049751	1359484514.556257
0.29008855688	-0.0279567720647	0.811936316446	-0.666626719801	0.10853446714	0.0433200478863	0.73617420448	1359484514.590082
0.288095070589	-0.0212238786545	0.80364638035	-0.665335139066	0.11300419515	0.0431772268496	0.736678309498	1359484514.624099
0.299465536115	-0.0185114616327	0.793210011332	-0.664398610953	0.111748202842	0.0464024338011	0.737518568623	1359484514.656614
0.304088570556	-0.0152271934766	0.793635258368	-0.66655125621	0.112523511684	0.0455638430764	0.735507864245	1359484514.690699
0.307977149834	-0.00322911910561	0.793252810588	-0.669162150861	0.113548858004	0.0418033783991	0.733199256857	1359484514.723560
0.314645923284	0.0028265025104	0.786811370884	-0.668905052175	0.115274551398	0.0403330379713	0.733246926364	1359484514.756704
0.324810004018	0.00958872285039	0.764944076269	-0.663786668901	0.114971207457	0.0414275196849	0.737870341088	1359484514.790418
0.330553216022	0.0188070513512	0.762270274023	-0.664678685831	0.115278241705	0.0398154861494	0.737107793104	1359484514.823527
0.344441895433	0.022944188663	0.775371940876	-0.671272979808	0.113256214656	0.0368377088375	0.73157952379	1359484514.856395
0.342428391589	0.0319755752061	0.751955578273	-0.667637725512	0.113470787508	0.0296510970671	0.735190492524	1359484514.890429
0.357599202233	0.056603025104	0.714832569584	-0.669940525732	0.102872274098	0.0238057099185	0.734867522332	1359484514.923347
0.347525036443	0.0733290458504	0.716503636281	-0.674684055491	0.100404148206	0.01647406206	0.731060214735	1359484514.990633
0.383857980789	0.0728756627394	0.748722308661	-0.690362052115	0.0823087087809	0.0226173008029	0.718410725952	1359484515.057975
0.377773522566	0.0880783579138	0.764451438781	-0.696453110156	0.0786475456616	0.0157285984549	0.713106051093	1359484515.090742
0.382636635634	0.101080133242	0.755181038056	-0.692958897177	0.0741007244027	0.0118881808379	0.717060472083	1359484515.124254
0.406758699126	0.133928895113	0.766681471533	-0.695351708782	0.0772703243543	0.000202664358854	0.714503503837	1359484515.158589
0.413031312712	0.14332922702	0.763473453843	-0.694666476117	0.0828996049115	-0.00627765726973	0.714511534885	1359484515.192977
0.431185474817	0.152087127126	0.753237869139	-0.692474346978	0.0848486840723	-0.0072920099462	0.716398496774	1359484515.224654
0.42862474148	0.169326640223	0.734131323035	-0.686755069119	0.0917600242119	-0.0148941093793	0.720920063878	1359484515.257657
0.451214542225	0.179268571954	0.7311357046	-0.688110261186	0.0886023475353	-0.0144560512409	0.720031190327	1359484515.291961
0.45753547388	0.190183160254	0.724479904411	-0.689450711814	0.089270254437	-0.0203242070967	0.718523113238	1359484515.324721
0.464201754218	0.200372987247	0.712408234437	-0.6905287902	0.0879594794967	-0.0271549662773	0.717422976827	1359484515.358109
0.471948627611	0.214740727859	0.709030136452	-0.69589154756	0.0867583103168	-0.0334041088472	0.712104005843	1359484515.391177
0.482273470663	0.230791479841	0.714869375747	-0.705653121097	0.0866626919807	-0.0378889826802	0.702216259778	1359484515.423239
0.487486884154	0.245628767665	0.729574069391	-0.717340559391	0.0879889544515	-0.047716899688	0.689495150985	1359484515.457960
0.510833944741	0.250752802334	0.72207766522	-0.718754802764	0.0894857011657	-0.0472474432564	0.687860103434	1359484515.490983
0.516911827962	0.266976391855	0.715967428385	-0.719381041318	0.0987495096032	-0.054155974859	0.685424381046	1359484515.523607
0.535899574257	0.272900549114	0.715532324231	-0.721099329029	0.104506527585	-0.0531390084985	0.682839944015	1359484515.556804
0.533192563383	0.296029216128	0.695688129467	-0.711536721141	0.119889405528	-0.0570431251775	0.68999138167	1359484515.590002
0.54740766674	0.308830810857	0.701190647068	-0.711045681772	0.124817841552	-0.058204179033	0.689526517552	1359484515.623368
0.559502348096	0.319663914978	0.706195520902	-0.709908065183	0.12757226439	-0.0636416190401	0.689714144173	1359484515.656853
0.574415734024	0.326788095436	0.693844003382	-0.703017506918	0.128282400326	-0.0686792473307	0.696127266899	1359484515.688941
0.591108187555	0.332705116441	0.69524121963	-0.703114704664	0.126956927838	-0.0744355809123	0.695680238941	1359484515.722611
0.600501486932	0.341375730814	0.695231247684	-0.702997687672	0.129284848643	-0.0822711677224	0.694486237446	1359484515.756969
0.605116242486	0.358436442642	0.682999692728	-0.698527769837	0.134323658976	-0.0907953974835	0.696973676118	1359484515.788810
0.615114129107	0.36696974992	0.677115207733	-0.697413512079	0.13694582996	-0.0951706918942	0.696995532432	1359484515.822912
0.629124298109	0.377051279543	0.662102899129	-0.69311254365	0.138482956107	-0.0964857860999	0.700790957264	1359484515.855839
0.649832758507	0.382133192964	0.658205640252	-0.694807139616	0.136919776641	-0.0940584584096	0.699749255023	1359484515.889298
0.668925807916	0.394150211721	0.645497732592	-0.693380340499	0.135549439607	-0.0931257953925	0.701553732129	1359484515.922666
0.690457492744	0.401180170318	0.640986327111	-0.696116830895	0.132093682784	-0.0915757215795	0.699704583328	1359484515.955690
0.697305238887	0.417634587603	0.631252472031	-0.69628056782	0.132286626139	-0.0990485426364	0.698486224362	1359484515.988738
0.733442128826	0.445554884756	0.597118396181	-0.689078311304	0.119567492977	-0.0935750906032	0.708603131472	1359484516.089594
0.725361968679	0.462442122539	0.614518835868	-0.701413344807	0.118060676136	-0.10550294575	0.694946130945	1359484516.122214
0.757985035811	0.529226828501	0.664702721889	-0.765323985123	0.0782433142976	-0.11013899856	0.629306429778	1359484516.222897
0.79257721037	0.568180254311	0.652606764402	-0.790784625614	0.0483752313471	-0.0935504988847	0.602965850644	1359484516.289785
0.809220318912	0.578779546014	0.666251843182	-0.805017367761	0.0272634967117	-0.091741634738	0.58548032572	1359484516.321704
0.800032875495	0.618141488834	0.680661144199	-0.826412816506	0.0166452104163	-0.103502456706	0.5532196988	1359484516.422936
0.829517627462	0.643684367247	0.64912055315	-0.829754894698	-0.00739923939841	-0.083333006483	0.551822141647	1359484516.522234
0.798097546462	-0.0441126691242	0.630105660797	-0.731777770445	-0.0768972175342	0.00778300949489	0.677146614391	1359484535.794389
0.781703943792	-0.0428470186286	0.644795470592	-0.737808681998	-0.0754719761308	0.0074787843888	0.670735713505	1359484535.824929
0.752111924421	-0.0465289247563	0.623319185873	-0.736555401851	-0.0727375363819	0.00719689636739	0.672416236782	1359484535.857772
0.734568768834	-0.0464264565943	0.623491611413	-0.738877283108	-0.0713634643702	0.00708093077568	0.67001304232	1359484535.957821
0.710296843338	-0.0466870106485	0.613737434025	-0.739171935249	-0.0709117279758	0.00726531477379	0.669733971198	1359484536.025034
0.667942379965	-0.0450910893589	0.580232526176	-0.731563552229	-0.0559561532855	0.0215827529093	0.679130225167	1359484536.057350
0.645255732758	-0.0463779525422	0.589126154074	-0.734312276561	-0.0490403916669	0.0244403832477	0.676596769238	1359484536.090623
0.632401905066	-0.0477055196045	0.574532622622	-0.730162668672	-0.0443912232273	0.0294560645103	0.681193244859	1359484536.123691
0.623443603912	-0.0470357528705	0.556513308573	-0.724868325445	-0.0403227893562	0.0373426192627	0.686691715555	1359484536.156896
0.599729989327	-0.046062881554	0.587252805413	-0.73315370679	-0.0288683597526	0.0435338117496	0.678053882268	1359484536.190451
0.592288088826	-0.0501970252788	0.57145438202	-0.729328574045	-0.0248845859528	0.0501991189044	0.681865556341	1359484536.223729
0.576855820771	-0.0496655143801	0.575603973231	-0.732729897526	-0.0216953332401	0.0532087993882	0.678089251836	1359484536.257449
0.562907219489	-0.0482172294806	0.561666640442	-0.731558141417	-0.020632831118	0.0537146358285	0.679346531532	1359484536.291295
0.55100884291	-0.0496509099256	0.561714749776	-0.733725759376	-0.0203519122975	0.0541198515516	0.676981056871	1359484536.324206
0.544293911209	-0.0469572983446	0.548014072061	-0.731015499429	-0.0204237481987	0.0563156142405	0.679726240259	1359484536.357638
0.53739569773	-0.0456051422557	0.565960655366	-0.73670110587	-0.0186685802622	0.0598582188332	0.673305249021	1359484536.390886
0.522049695982	-0.046359008474	0.551271317733	-0.73272106307	-0.0161118085363	0.0601280375036	0.677676082258	1359484536.425041
0.51276676985	-0.0455616368883	0.556692626304	-0.73455931132	-0.0154398266717	0.0590441457244	0.675794361297	1359484536.457639
0.505258708985	-0.0442003072372	0.550837915659	-0.733837762976	-0.0160180354856	0.0586767046948	0.676596337927	1359484536.490843
0.494298784412	-0.0470079428377	0.556084826953	-0.737168573811	-0.0143544863208	0.057084762933	0.673140232305	1359484536.524786
0.495643806455	-0.0424872126641	0.555950292942	-0.738830103943	-0.0171164009103	0.0572783497253	0.671234904471	1359484536.557173
0.485347101116	-0.0432650126605	0.553397702249	-0.73989169771	-0.0181398522141	0.0522374841446	0.670449451243	1359484536.591667
0.486375711716	-0.039160648785	0.555196409059	-0.741935974719	-0.0224635589175	0.0493365786289	0.668275616754	1359484536.627565
0.480953549109	-0.0373779372312	0.563007820218	-0.745061246905	-0.0239751195743	0.0452477412547	0.665027498615	1359484536.657298
0.481638724612	-0.0371418097349	0.529006906925	-0.735244957088	-0.0263562529855	0.0444069786878	0.675831503593	1359484536.690778
0.484000661556	-0.0299904222752	0.546317548077	-0.738470085243	-0.0293430027568	0.0428661553019	0.672282242901	1359484536.729858
0.472374845157	-0.0287669342185	0.551099837643	-0.734987617174	-0.0302504654006	0.0367081387154	0.676410100824	1359484536.760687
0.471650941151	-0.0248254716907	0.561325568321	-0.734223741907	-0.0321535216225	0.0354427103691	0.677218917448	1359484536.825948
0.475286901162	-0.0211504319153	0.561427582945	-0.730614440027	-0.0335591304334	0.0361911749814	0.681004055525	1359484536.858678
0.469406155488	-0.019322187315	0.571600187616	-0.73051061878	-0.0328564307893	0.0346882725222	0.681227872709	1359484536.891833
0.470880722542	-0.0163090231075	0.576473350439	-0.729303034204	-0.0344601695809	0.0347203315735	0.682439799241	1359484536.960226
0.466834036131	-0.0103941315589	0.587259366211	-0.729383136187	-0.0347323976338	0.033749575158	0.682389087968	1359484536.993184
0.47225659224	-0.00692692624582	0.591567448562	-0.72896488285	-0.03565735857	0.0356398427548	0.682692137028	1359484537.025924
0.463581168322	-0.00823299515017	0.590476749755	-0.727197398354	-0.0321944350961	0.0339643522738	0.684831282106	1359484537.058941
0.470151054007	-0.00376616625454	0.598063955625	-0.727534925947	-0.0338484592103	0.0358377753319	0.684297352907	1359484537.092251
0.468532345818	-0.00330909571625	0.595882941957	-0.725055351193	-0.0333268885318	0.0342556262679	0.687030281921	1359484537.125309
0.471153900233	0.000630236089354	0.601429447681	-0.725153935608	-0.0351681182464	0.0340784113387	0.686843239037	1359484537.159059
0.478292050959	0.00396318173827	0.604464029326	-0.725025693905	-0.0381821256962	0.0334782729475	0.686847198215	1359484537.192561
0.477199122095	0.00604976376529	0.616920334632	-0.727758920774	-0.0402465249946	0.0295181453131	0.684014509756	1359484537.225630
0.48095709363	0.00742956598827	0.612400498489	-0.725296666146	-0.0434669007948	0.0275125962422	0.686511785522	1359484537.258743
0.481959005974	0.011119603925	0.619354471375	-0.726209821483	-0.0458575687594	0.0252946148096	0.685475427008	1359484537.291143
0.484352112709	0.015134019519	0.626319562264	-0.727193674807	-0.0491816749095	0.0202012901813	0.684370097278	1359484537.324871
0.488912516082	0.017994133237	0.63276356513	-0.72847107052	-0.0514281818505	0.0186085120853	0.682890009302	1359484537.391512
0.484765282678	0.0166068247385	0.637983443877	-0.729283857666	-0.0510986154949	0.0148775546044	0.682138288628	1359484537.424437
0.487223581373	0.0216865618719	0.645296967273	-0.728440128641	-0.051642743045	0.0132186891741	0.683032409431	1359484537.457711
0.488473730047	0.0209165545022	0.647654443525	-0.728016710829	-0.0514742943946	0.0131764224011	0.683497218475	1359484537.491529
0.496475068279	0.0250002652765	0.64811229397	-0.727094871315	-0.0536291385158	0.0149531868514	0.6842757966	1359484537.524960
0.492523135438	0.0262599673631	0.658327859016	-0.729469814812	-0.0523595659508	0.0130265414573	0.681881642478	1359484537.559742
0.493788730242	0.026440871125	0.657855979685	-0.728531521583	-0.0520355345981	0.0126809411338	0.682915308755	1359484537.591822
0.494501850578	0.0286606203662	0.654277609699	-0.726808678185	-0.0517299671622	0.0125133947724	0.684774832163	1359484537.624836
0.488445065616	0.0268003597711	0.668108041274	-0.730665288482	-0.04939753199	0.01063252298	0.680863473463	1359484537.658458
0.488472895033	0.0288695125275	0.675199062561	-0.732413408127	-0.049094713483	0.0104538997158	0.679007381907	1359484537.691663
0.500759839322	0.031842860733	0.667686459337	-0.729518825993	-0.0524157453421	0.0138033362416	0.681809606907	1359484537.724968
0.490859404001	0.0304963254539	0.67676348496	-0.731916130459	-0.0498020302901	0.0104161390014	0.679492486935	1359484537.758128
0.498316950004	0.033708458511	0.6765210305	-0.731182371899	-0.0519383043434	0.0121731412938	0.680093057012	1359484537.791962
0.491406531229	0.0350109402089	0.685593226244	-0.733366977421	-0.050203979195	0.0106635233179	0.677892857443	1359484537.824886
0.492147029297	0.0355832783882	0.687038835707	-0.733248617345	-0.0498211932202	0.0117133552735	0.678031792157	1359484537.892433
0.492480871021	0.0369350173803	0.684608280082	-0.732325723987	-0.0483067696322	0.0137148640937	0.679100428875	1359484537.924956
0.487430423472	0.0355670162016	0.691857449359	-0.734121250147	-0.0463380553714	0.0127746375246	0.677314980893	1359484537.957944
0.48554499906	0.0385360453796	0.694101707713	-0.734362348777	-0.0452780986736	0.013470848071	0.677111785994	1359484538.025124
0.495091248177	0.0387272782155	0.684654619093	-0.730974062738	-0.0472469847669	0.0165539195351	0.680566388961	1359484538.058796
0.491924571881	0.0413989514683	0.692306523964	-0.732465198915	-0.0453672661027	0.0170603132237	0.679076939129	1359484538.125262
0.483227987685	0.0421248707048	0.700677870184	-0.734342291739	-0.0430320711905	0.0148988798004	0.677250074045	1359484538.158258
0.486349125839	0.0428845250164	0.691846125342	-0.730865216202	-0.043988536694	0.01606139149	0.680913413063	1359484538.192423
0.487849675209	0.0440802389264	0.694700276847	-0.730670751952	-0.0441579355206	0.0163059054189	0.681105312284	1359484538.225130
0.478581507953	0.0428632305805	0.702053535388	-0.73238783254	-0.0414442354835	0.0143949986607	0.679472753027	1359484538.258382
0.470978533755	0.0422573247781	0.708797817614	-0.733703345958	-0.0397212626767	0.011565181055	0.67820930988	1359484538.301055
0.483943735484	0.0460961126531	0.698723348726	-0.729592241112	-0.0435749782578	0.0155283597673	0.682316094652	1359484538.329737
0.468896654725	0.0447755249927	0.712613871908	-0.733163840074	-0.0391166677726	0.0115186350733	0.678828395809	1359484538.361075
0.480038589757	0.0469437779552	0.703905305439	-0.729561960005	-0.042458113033	0.0153972413298	0.682421849087	1359484538.393145
0.476509998562	0.0471744699343	0.710317808382	-0.730983279324	-0.0415734993383	0.0149641065408	0.680963409455	1359484538.427733
0.470654236388	0.0458283983775	0.712832733235	-0.731542070647	-0.0391839920458	0.0135965606611	0.68053357535	1359484538.459459
0.474124201348	0.0472333773941	0.716944887809	-0.732360321451	-0.0401948853774	0.0150239011681	0.679563840377	1359484538.495553
0.460844303104	0.0456586170306	0.727043346272	-0.735228255874	-0.0364575892167	0.0113236347867	0.676743696866	1359484538.526449
0.463746512364	0.0485419002872	0.723362693736	-0.733689318004	-0.0378850899628	0.0129262382873	0.67830495868	1359484538.559916
0.466964066882	0.0485056676994	0.724303553642	-0.733174252068	-0.0380046819911	0.0143992705696	0.678825324556	1359484538.592590
0.468801904567	0.0502006408967	0.7204450902	-0.731507613468	-0.0383523741151	0.0158122052362	0.680570114686	1359484538.629869
0.460965548049	0.0509511997152	0.735393662109	-0.735070504616	-0.0367685230145	0.0144329666052	0.67683906391	1359484538.659905
0.454730269785	0.049199037338	0.737515399935	-0.734868165333	-0.0349674842595	0.0133093522983	0.677177167192	1359484538.728990
0.459242340551	0.0512938963053	0.736295565307	-0.733276001429	-0.0366330696546	0.015120326597	0.678775146613	1359484538.759685
0.459371312927	0.0500457445409	0.736917446618	-0.732814063733	-0.0363016207545	0.0156338800695	0.679280002738	1359484538.793366
0.455741779379	0.0498530032607	0.73755803504	-0.732621376214	-0.035489167254	0.0154262526614	0.6795354802	1359484538.825600
0.455373426125	0.0527810442637	0.746475797691	-0.734607356594	-0.0363114805991	0.0156099979449	0.677340266025	1359484538.859936
0.453116883429	0.0524254943307	0.751165438591	-0.733840610153	-0.0361118987688	0.0151029777702	0.678193032786	1359484538.927980
0.449667609599	0.0531901651069	0.761892642854	-0.736050284451	-0.0352235330717	0.0151261965724	0.675840572661	1359484538.960746
0.449967397782	0.0521991988762	0.757356378838	-0.732267578592	-0.0365216998281	0.015579667468	0.679858538776	1359484538.991887
0.445010356268	0.0519842224351	0.769610514036	-0.734570888855	-0.0359966170103	0.0140148977238	0.677431498716	1359484539.025262
0.445352419535	0.0524294035989	0.770250880972	-0.73326965254	-0.0367251814481	0.014309721997	0.678794600426	1359484539.059193
0.442987342664	0.0512910132031	0.776826322124	-0.733911242141	-0.0366171135738	0.0141417731495	0.678110231382	1359484539.092003
0.438463127986	0.0504274982755	0.781467759133	-0.734305065731	-0.0352530253057	0.0130981765597	0.677777052149	1359484539.126471
0.443584807753	0.0519140803718	0.785048529402	-0.734365322958	-0.0365281436023	0.0152488160861	0.677599247911	1359484539.159312
0.446499896145	0.0521973630084	0.778990137688	-0.73160976001	-0.0377972685728	0.0164725477891	0.680475701782	1359484539.192975
0.44085522097	0.0510651842004	0.788032057672	-0.733390476974	-0.0359177186778	0.0150681278594	0.678690855465	1359484539.226634
0.436514480584	0.0525045525338	0.790294653231	-0.73290413498	-0.0348392516098	0.0145980309869	0.679282454482	1359484539.260378
0.439213812161	0.0514680510907	0.799408032902	-0.734106475019	-0.0346767674838	0.0158884662242	0.677962212644	1359484539.293330
0.439977066095	0.0506058731098	0.799916040766	-0.733361564423	-0.034128953428	0.0172388926795	0.678762735382	1359484539.325597
0.436154094922	0.0486040098883	0.799676623842	-0.732745577099	-0.0333157772478	0.0164494444248	0.679487596654	1359484539.358938
0.435411523426	0.0494838810354	0.799283824246	-0.732110885988	-0.0325513779593	0.0169151716633	0.680196982777	1359484539.392581
0.433054294376	0.047897568536	0.812432664729	-0.734998967687	-0.0315103413815	0.0170312205921	0.677121520416	1359484539.424758
0.429199677486	0.0469371746032	0.816620125729	-0.73556529718	-0.030037695119	0.0179634492944	0.676549144517	1359484539.494191
0.432698875174	0.048220858476	0.822765005501	-0.736681588526	-0.0309435273331	0.0187935452859	0.675269974083	1359484539.526803
0.434880615118	0.0482345470937	0.828044025178	-0.737388794062	-0.0316464000153	0.0199294358921	0.674432420146	1359484539.559370
0.426791469476	0.0464513722589	0.83900536353	-0.737867068963	-0.0308772931402	0.0169165502565	0.67402715942	1359484539.591440
0.432238617168	0.0485912145279	0.835450632727	-0.735421028948	-0.0334626717381	0.0182694039022	0.676537056385	1359484539.624131
0.429624968524	0.0480184062232	0.844336617198	-0.736759757897	-0.0329932284307	0.0171775647773	0.675130681638	1359484539.692168
0.42982723477	0.0470124956521	0.847246626421	-0.736655641865	-0.0329134603938	0.018162158287	0.675222411831	1359484539.725380
0.429792180349	0.0459879772355	0.843230423291	-0.734819844808	-0.0324744385871	0.0180427338532	0.677244170348	1359484539.758049
0.429338662485	0.0454384898661	0.854677309816	-0.737054718724	-0.0325140104596	0.0178099193182	0.674815521091	1359484539.791348
0.42861965322	0.0458397458963	0.858829984792	-0.736930862429	-0.0314604701816	0.0180936966613	0.67499315623	1359484539.824939
0.424889179353	0.0437508811485	0.865600894149	-0.738366732748	-0.0300816520572	0.0173601582754	0.67350448186	1359484539.892143
0.430089115525	0.0462005694712	0.86443293319	-0.737624572809	-0.0304071837087	0.0193160305475	0.674249422492	1359484539.925314
0.427351827567	0.0457908476105	0.871409025279	-0.739074697103	-0.0297742338118	0.0183229936542	0.672715656876	1359484539.961689
0.429154332545	0.0448047531866	0.864927198108	-0.736357556321	-0.0304642612176	0.019245037562	0.675632375309	1359484539.995427
0.425095803263	0.0434061292649	0.878043156009	-0.739302430197	-0.0279695288731	0.0189047345898	0.672526752753	1359484540.024524
0.425926887589	0.0440050002363	0.876448338228	-0.738816818396	-0.027561323932	0.0204886813819	0.673030679995	1359484540.057888
0.430551986841	0.044684043636	0.875387077031	-0.73834321587	-0.0283291589391	0.0225703977312	0.673451803382	1359484540.092133
0.42764386835	0.0422761611324	0.878541506675	-0.738674752076	-0.0276191770373	0.0207712808604	0.673175568182	1359484540.124089
0.435593224286	0.0471937166873	0.877723658688	-0.73782589443	-0.0301039054734	0.0230937597547	0.673923870065	1359484540.157854
0.431834219636	0.0431640713752	0.876695627393	-0.735808047122	-0.0304725220755	0.0198193652761	0.676213824134	1359484540.191244
0.433406603244	0.0470848481425	0.882627902188	-0.736591093058	-0.0313463324485	0.019604094974	0.67532706782	1359484540.224153
0.433425283938	0.0443878454022	0.882828793446	-0.734527908932	-0.0316297319307	0.0180449407948	0.677600687108	1359484540.258258
0.437486370173	0.0468493149265	0.888121793269	-0.734575048039	-0.0325568385226	0.0187682893946	0.677486016371	1359484540.296998
0.439328285986	0.0458305670322	0.884189273265	-0.732691396977	-0.032883090408	0.0198818407352	0.679475335513	1359484540.326123
0.434253692134	0.0443948693829	0.888524696096	-0.733651158669	-0.031846699775	0.0170465109268	0.678565532253	1359484540.361245
0.436657774445	0.0450148518942	0.889779028229	-0.734127446133	-0.0327274933427	0.0167503969498	0.678015654846	1359484540.394143
0.434482233034	0.0479658457184	0.899946722111	-0.737360788624	-0.0325693379458	0.0153655205769	0.674538513654	1359484540.426816
0.438279971892	0.0471327580011	0.891517826009	-0.734964354403	-0.0337536000259	0.0157577074156	0.67708181699	1359484540.460734
0.441571108353	0.0459176556942	0.886017232171	-0.733192933937	-0.0345635715461	0.0158691324117	0.678956295931	1359484540.493621
0.440368480798	0.0487477713251	0.895722789364	-0.736513765866	-0.0336950284621	0.0152299152387	0.675411109938	1359484540.527768
0.440565794373	0.045442085014	0.891193032059	-0.735332426294	-0.0340687321698	0.014692623705	0.676690232778	1359484540.561281
0.441227783298	0.0450441474269	0.889409675152	-0.735622194202	-0.034324789716	0.0139774701393	0.676377429057	1359484540.595587
0.443240498691	0.0472068508968	0.895557087577	-0.737940049029	-0.0348167467297	0.0139295470113	0.673823601476	1359484540.627612
0.442762410068	0.0445620970307	0.886902344645	-0.735313969897	-0.0347450000941	0.0131305481337	0.676708016317	1359484540.660990
0.447335485139	0.0490966246606	0.895756616842	-0.738051628662	-0.0358048517421	0.0144448401532	0.673638740435	1359484540.695301
0.448207455522	0.0480749635852	0.893792497807	-0.737181201883	-0.0358776701944	0.0147781834025	0.674580072095	1359484540.728117
0.44723541435	0.0469768147582	0.88585293658	-0.734659943927	-0.0357272931135	0.0135248323613	0.677359141243	1359484540.763145
0.447510672743	0.0474702793556	0.891632494228	-0.736444469786	-0.0363140724356	0.0123464027585	0.675409799606	1359484540.795202
0.451283275908	0.0489544678893	0.886550315471	-0.734861276994	-0.0380990362756	0.0126501584951	0.677028315878	1359484540.827896
0.449672825822	0.0481499237962	0.888728433375	-0.734653507137	-0.0387448503162	0.00988518080843	0.677263127762	1359484540.894548
0.448009952692	0.0467386328725	0.884483156591	-0.732903187803	-0.0376031492001	0.00891054620658	0.67923451226	1359484540.928475
0.449312354295	0.048554150515	0.895407603352	-0.735840682405	-0.0378439969026	0.00965137691987	0.676027494219	1359484540.958687
0.449097180316	0.0474734449376	0.890954884188	-0.734624794416	-0.03704699992	0.0103127550537	0.677382888999	1359484540.991802
0.451602519385	0.0495063272907	0.88785737593	-0.734078310107	-0.037385022359	0.0115136255793	0.677937188211	1359484541.026536
0.449799953688	0.0454898082176	0.883024534079	-0.733177120461	-0.0354603878712	0.0118315685772	0.679009488085	1359484541.061200
0.455969376593	0.0485265454971	0.885010461743	-0.734706605423	-0.0361812890679	0.0155123563244	0.677241821708	1359484541.094659
0.451772036389	0.0486099738253	0.894647259648	-0.738554583155	-0.0342276493066	0.0148083182805	0.673161428955	1359484541.134288
0.453954177684	0.047985804348	0.886553833403	-0.737643597782	-0.0342692065667	0.015802170581	0.674134879336	1359484541.160250
0.451372373094	0.0475083371562	0.88787546496	-0.738900451369	-0.0334524293088	0.0149679677483	0.672817224722	1359484541.193013
0.456213857312	0.0461017977787	0.877246326263	-0.736590473891	-0.0343871163333	0.0160898332473	0.675272624404	1359484541.226524
0.453580552842	0.046678649627	0.877266178628	-0.737118328014	-0.0334499117995	0.0148671135989	0.674771548629	1359484541.259503
0.46088154713	0.0495610007532	0.879782057163	-0.737821922956	-0.0351656750498	0.0168359446468	0.673868485887	1359484541.292358
0.45726079605	0.0478572442052	0.87914716061	-0.737785145842	-0.0342644938298	0.0150459399274	0.673997509438	1359484541.325413
0.458811000749	0.0494794429392	0.882954730113	-0.738995071228	-0.0344454651171	0.0146517682438	0.672670142284	1359484541.358397
0.457111959071	0.0464125088084	0.867897407891	-0.734284448811	-0.0343844375102	0.0124175773014	0.677856815607	1359484541.391748
0.456774242536	0.0478007877403	0.874642872629	-0.735942321232	-0.0350458883668	0.0112225925057	0.67604344457	1359484541.424877
0.455457934595	0.0476008851004	0.878464465028	-0.736983762248	-0.0345162217412	0.00966253698222	0.674959406186	1359484541.492644
0.459187894016	0.0479854369391	0.869991840535	-0.735204873301	-0.0351581682593	0.0108681855352	0.676845314693	1359484541.524756
0.453611763143	0.0485445733571	0.879629054282	-0.738762912366	-0.0332739211212	0.00898733105459	0.673083526292	1359484541.558078
0.456829507426	0.0471970045512	0.869829262341	-0.736563766542	-0.033658781367	0.00941952689137	0.675464415619	1359484541.591840
0.452751749187	0.049158314164	0.878361490074	-0.739754096644	-0.0327807465974	0.00790955547313	0.672031798417	1359484541.624478
0.454151192902	0.0491217700192	0.868867602146	-0.737327884823	-0.0329808875913	0.00876341147655	0.674672553122	1359484541.657771
0.452835071952	0.0497150793326	0.873338903955	-0.738739284119	-0.0315500886245	0.00823488672422	0.673202086039	1359484541.691065
0.455569198284	0.0520478041884	0.874025099409	-0.73910867033	-0.0308049999091	0.0104377499352	0.672800474732	1359484541.724877
0.456554380968	0.0525581987321	0.877189288398	-0.739831528282	-0.0298066762936	0.0115912412584	0.672031632391	1359484541.758956
0.453778225445	0.051418259195	0.869124786344	-0.73724380956	-0.0282310521089	0.011022059262	0.674946729136	1359484541.791736
0.458028672447	0.0542712697826	0.870060873261	-0.736317599666	-0.0289378550645	0.0112069038105	0.675924106888	1359484541.891915
0.453306667974	0.0544636696551	0.870036037207	-0.735177550442	-0.0282309341111	0.00857929737611	0.677232145827	1359484541.928071
0.454571616715	0.0545697403184	0.868440829139	-0.732067531863	-0.0292643062212	0.00736277255624	0.680563383347	1359484541.958523
0.456268509198	0.0566117298897	0.870502614	-0.732239234277	-0.029320219732	0.00784162584981	0.680370882243	1359484541.992152
0.455554625822	0.0571810026624	0.874876178837	-0.733415834324	-0.0285090031048	0.00743953930713	0.67914144621	1359484542.025466
0.459169124515	0.0574483072447	0.871335755075	-0.732909760815	-0.0296659765232	0.00813227852477	0.67963010409	1359484542.058337
0.453321750309	0.0578234764355	0.873862288462	-0.734560871839	-0.0289781586864	0.00505143039944	0.677904915849	1359484542.091598
0.458973744318	0.0567007725625	0.868053716901	-0.73623953304	-0.0303921681971	0.00617043920755	0.676010053018	1359484542.157726
0.459597365601	0.0604305787647	0.867890513969	-0.738218803998	-0.0307286593177	0.00612044342946	0.673833278409	1359484542.191006
0.453728741188	0.0588663263358	0.85720758421	-0.736206868571	-0.028822169281	0.0042446443563	0.676129212667	1359484542.225193
0.458920499237	0.0613447655185	0.855088748945	-0.736207568241	-0.0297415793463	0.00580811913795	0.676077007948	1359484542.258412
0.457244145568	0.0603817814775	0.853308943397	-0.73606886328	-0.0288032701102	0.00567472577853	0.676269766903	1359484542.292649
0.453147603848	0.0611278992127	0.851763097088	-0.736091377044	-0.0276795389337	0.00393783946676	0.676304532874	1359484542.325541
0.459484790688	0.0627668042425	0.849243891766	-0.735849918777	-0.0290020849825	0.00578989517837	0.676498524179	1359484542.357715
0.45663300514	0.0643129907228	0.848145828683	-0.736203642856	-0.0291662988861	0.00450211281274	0.6761163023	1359484542.391083
0.453398858758	0.0632353613267	0.84242749198	-0.735109548449	-0.0287161016979	0.00209188502132	0.677336667617	1359484542.428059
0.458133912116	0.0643926350554	0.833024287804	-0.733003367907	-0.0303141314009	0.00357311544871	0.679539806722	1359484542.463083
0.456417852781	0.0623777435438	0.831892819466	-0.733329998033	-0.0301292976139	0.00246236405092	0.679200468326	1359484542.496702
0.457221229886	0.0616071065937	0.819302101259	-0.730711043974	-0.0301197717538	0.0029550036468	0.682015716474	1359484542.530299
0.450885556736	0.0613675073493	0.817746324184	-0.731603905894	-0.0283040878517	0.00163381625249	0.681140172164	1359484542.558418
0.452295527252	0.0604512448619	0.807791249343	-0.729904177164	-0.0285279599982	0.0023313348413	0.682949934135	1359484542.592246
0.453056986032	0.0627635194625	0.808379566198	-0.731574265502	-0.0281217675969	0.00362847369875	0.681171853809	1359484542.625185
0.449065104184	0.0609976091109	0.796834475143	-0.729429234388	-0.0267276860642	0.00317026991475	0.683526570227	1359484542.658847
0.449162651505	0.061194491631	0.798719408478	-0.731363774895	-0.0259032733711	0.00362002725723	0.681485835952	1359484542.691624
0.450053187881	0.0620273394979	0.802033220167	-0.733877352675	-0.0265125929349	0.00588705811729	0.678738871874	1359484542.725160
0.447795523591	0.0633212287121	0.799324270946	-0.733318090023	-0.0276535151823	0.00913981527412	0.679261603301	1359484542.760781
0.457050139645	0.0643427593042	0.797661382249	-0.732203482831	-0.0319388942694	0.0140793479355	0.680190957544	1359484542.791457
0.447083404079	0.0623298581322	0.793952011729	-0.730504369711	-0.0356387769338	0.0158427621057	0.681793407347	1359484542.857681
0.445139303223	0.0635212915853	0.800790236001	-0.731894195432	-0.0387436151576	0.0171772334922	0.680099082214	1359484542.891746
0.445412893722	0.0644180273414	0.809410415069	-0.733205729798	-0.0422863489552	0.0198665946944	0.678399985921	1359484542.924103
0.440522315159	0.0607669688391	0.803825929779	-0.730476277899	-0.0444714205812	0.0205740987333	0.681177955192	1359484542.957695
0.435512368784	0.0622199362104	0.813472447546	-0.732318791886	-0.0460856469442	0.0221481712807	0.679039585522	1359484542.991522
0.435755151771	0.0628438380762	0.825776552202	-0.734286159516	-0.0495135942742	0.0249161199013	0.676573297503	1359484543.024747
0.436316800832	0.0617779688989	0.826807284678	-0.732422694499	-0.0526765987772	0.0279699728261	0.678232890049	1359484543.058598
0.43299244134	0.0606400071656	0.832220023649	-0.732214462335	-0.0549228565036	0.0304552505435	0.678172499217	1359484543.092772
0.43003991317	0.0601786071439	0.849217045174	-0.734982873907	-0.0577640664108	0.0320107914766	0.674862057701	1359484543.125579
0.429103100562	0.0633539680657	0.880656682631	-0.741133137106	-0.0728568057721	0.0235869597874	0.666976172187	1359484543.157956
0.366172697654	0.00495787037448	0.551797547108	-0.660280189657	0.0972021812811	-0.00615835311174	0.744677031865	1359484543.694024
0.449434810552	0.14433845906	0.52660134025	-0.670284935647	-0.192287594019	0.0695396370291	0.713377757653	1359484544.458740
0.174451388728	0.102702509612	0.53674389941	-0.687029609554	-0.0997744216185	-0.0116005489177	0.719653255152	1359484544.490734
0.194075747791	0.112314899068	0.526691897496	-0.676545630634	-0.103456921289	-0.00236451449227	0.729093330225	1359484544.524575
0.184799830197	0.12227162698	0.541096912693	-0.677390973595	-0.0983357440397	-0.00259354128387	0.729016339927	1359484544.558275
0.181017074698	0.130433083643	0.54386175962	-0.677348496705	-0.091499956288	-0.00128510507002	0.72994871088	1359484544.591550
0.160561875509	0.128135796629	0.56804009523	-0.686747494342	-0.0814238780478	-0.00556050275397	0.722299876719	1359484544.625254
0.154046820979	0.136252724971	0.572255733758	-0.689589643022	-0.0766266659982	-0.00590755049336	0.720110810321	1359484544.658613
0.122933149532	0.141003723263	0.597309584239	-0.702830538953	-0.0606835724359	-0.0105171232264	0.708686198307	1359484544.724424
0.113605672552	0.147682953856	0.598919583085	-0.704948016555	-0.0564214745627	-0.011884076224	0.706911366364	1359484544.757747
0.100084250609	0.147411611327	0.622821199477	-0.714608895413	-0.0510872435245	-0.0141786427438	0.697512140565	1359484544.795105
0.0801981393398	0.148203790205	0.627848948878	-0.71801159179	-0.0471588940978	-0.0214624028562	0.694099962561	1359484544.824400
0.0690353271275	0.150440863918	0.63284357937	-0.720456441296	-0.0446066440195	-0.0233216610846	0.691671066062	1359484544.857009
0.0322199432356	0.157809964832	0.670352430662	-0.73078161275	-0.0169125024283	-0.00980504159181	0.682331343914	1359484544.924008
0.0194230535583	0.158753798887	0.676435937398	-0.729437410671	-0.0011500145504	0.00326344762754	0.684038808322	1359484544.957196
-0.011406844068	0.15863235479	0.681064407579	-0.723625077505	0.0282757885857	0.0267191231845	0.689096013225	1359484544.991243
-0.0387295567502	0.154718997001	0.668994974123	-0.716739342587	0.0439061214816	0.0322504292177	0.695209951813	1359484545.024129
-0.0597250604647	0.155859761469	0.6980056585	-0.724155079842	0.0527165287255	0.0345854001193	0.686749035701	1359484545.057277
-0.0653043095962	0.1559858575	0.70159635468	-0.7243054459	0.0582835303106	0.0419258939573	0.685730902432	1359484545.091013
-0.0743169339783	0.157281301202	0.706626114165	-0.725220269965	0.0618806711343	0.0447767122854	0.684267044806	1359484545.125637
-0.0949403563236	0.150213037682	0.701765211877	-0.721474160854	0.0654176164615	0.040176214217	0.688172538313	1359484545.158047
-0.0904463329804	0.158733474523	0.712854556951	-0.725104207625	0.0625024208109	0.0434012108996	0.684422143396	1359484545.203693
-0.108229868866	0.152786556109	0.714042819477	-0.723879592921	0.0654307935799	0.0384960895801	0.68573697384	1359484545.229577
-0.120349957098	0.150367771385	0.710579017441	-0.722459645738	0.0665430815728	0.0339476753876	0.68736572064	1359484545.261610
-0.110966166421	0.15138608022	0.70657583823	-0.722889302448	0.0624319623321	0.038610035862	0.687053543486	1359484545.296097
-0.11191475086	0.15104929323	0.710953436525	-0.726893712998	0.0589985675694	0.0358469266781	0.683271320104	1359484545.325813
-0.120572071325	0.141688073556	0.685252248462	-0.721447692804	0.0593872453415	0.0327050017684	0.689142049579	1359484545.358847
-0.123644124275	0.146031148299	0.697558787945	-0.729570480123	0.0567829685984	0.0279640960337	0.680970350561	1359484545.392103
-0.129007090683	0.14277948681	0.699127657958	-0.733639520286	0.0551655816984	0.022956314916	0.67690680339	1359484545.425641
-0.126286787645	0.139983074588	0.68417591843	-0.732347593336	0.0499469196834	0.0192332542496	0.678824270102	1359484545.462262
-0.128064202063	0.136725688717	0.684461360772	-0.735664588569	0.0474523812121	0.014551064375	0.675525092923	1359484545.493517
-0.129151073052	0.132101276973	0.663563952802	-0.731433088553	0.0437602483698	0.00981853171159	0.68043682592	1359484545.526913
-0.125784258463	0.131887437877	0.663004352966	-0.73356217624	0.0399241422963	0.00661594966745	0.678416410225	1359484545.560362
-0.127972645675	0.13411150003	0.691633121878	-0.744567975496	0.0377143734901	0.000244822836261	0.666480379276	1359484545.593647
-0.119678191277	0.131013582934	0.671846733979	-0.740003248885	0.0336461261278	-0.0001306788589	0.671761202184	1359484545.626837
-0.125377276628	0.128948455377	0.68057614926	-0.744832745824	0.0342088070336	-0.00655791609182	0.666341453014	1359484545.658785
-0.110177711761	0.124716518831	0.651316809637	-0.737379471099	0.0268593924998	-0.0055572130886	0.674921629539	1359484545.692678
-0.118934879559	0.120766274868	0.642729312902	-0.737563896727	0.0259871052828	-0.0171784681221	0.674558425072	1359484545.725047
-0.125609189188	0.120930077409	0.659508739145	-0.743998038266	0.025834358844	-0.0238614854774	0.667255673989	1359484545.758263
-0.111784608608	0.119965633863	0.649079581913	-0.741648686445	0.0200615889615	-0.0238745881165	0.670063252674	1359484545.825434
-0.115727054213	0.118654883684	0.648514940817	-0.74203108622	0.0205798832949	-0.0284996530056	0.669443130718	1359484545.857753
-0.112233721482	0.113845236687	0.644464887957	-0.741784347432	0.019300020467	-0.0316580765987	0.66961276668	1359484545.924835
-0.10453749946	0.113337450677	0.618089706435	-0.733873643948	0.017557191449	-0.030490530113	0.678374194173	1359484545.957934
-0.099112730699	0.113576536343	0.607254860533	-0.730362098538	0.0169241764399	-0.0298081952736	0.682199566671	1359484545.990834
-0.104820599031	0.112988453696	0.613804235745	-0.732292604753	0.0193551815291	-0.032611052697	0.679933406455	1359484546.024850
-0.0995531294939	0.112918157282	0.626071630723	-0.7367163121	0.018783632381	-0.031417670885	0.675210471332	1359484546.057944
-0.0969762985962	0.108850320615	0.611997029416	-0.73330613664	0.0204899804788	-0.0304017530257	0.678909422588	1359484546.091455
-0.0954851565615	0.110008930186	0.618226866082	-0.736600719088	0.0207954030665	-0.0302404507273	0.675331360881	1359484546.124781
-0.101132057152	0.109137703548	0.609972155414	-0.734858113009	0.0235512408258	-0.0321969585286	0.677046710842	1359484546.157849
-0.0829663259764	0.107905124653	0.573937268537	-0.723990328847	0.019025991411	-0.0265034065224	0.689038159197	1359484546.191466
-0.081954770829	0.107667673292	0.584273475959	-0.727317360288	0.0168393243739	-0.0301582356657	0.685431524953	1359484546.224397
-0.0882226386083	0.106752329648	0.578353188022	-0.72526484122	0.0170362717614	-0.0346787064453	0.687384945176	1359484546.258250
-0.0798779977268	0.106961313265	0.58148582619	-0.726059719801	0.0115990063124	-0.0361878554031	0.686580793102	1359484546.291760
-0.0649610181549	0.105562661528	0.576336375287	-0.724395577497	0.00651211022901	-0.0329080939178	0.688567859458	1359484546.324639
-0.0778703470808	0.106090326116	0.576879283422	-0.72432849385	0.00899610455991	-0.0390757701084	0.688288011875	1359484546.358257
-0.0727782817998	0.10183299634	0.571977287425	-0.723017456751	0.00896226824932	-0.0380830732815	0.689721041081	1359484546.393056
-0.0770349614925	0.0966718985577	0.588295753612	-0.728566554088	0.00957694393738	-0.0405348300306	0.68370752955	1359484546.427844
-0.0669371697728	0.0986134397053	0.548623940002	-0.716080828845	0.00586392088887	-0.0389928286607	0.696902733748	1359484546.458177
-0.0690094226927	0.0946448793891	0.572316146769	-0.724257002353	0.00476765736996	-0.0417563030592	0.688248120332	1359484546.491170
-0.067402979537	0.0936291991969	0.549304290974	-0.716204377284	0.00223982324505	-0.0442828614667	0.696480653954	1359484546.524489
-0.0678097766088	0.0936042420125	0.570806214844	-0.722723148259	0.00308200203615	-0.0434476167905	0.689763768858	1359484546.557770
-0.0764663069138	0.0866021283091	0.579271585313	-0.724653160114	0.00502961727736	-0.0475217665205	0.687454858295	1359484546.591087
-0.075404811307	0.0907955913808	0.585245493857	-0.726952649313	0.0038567947574	-0.0476618481522	0.685020670507	1359484546.624429
-0.0729769551818	0.0842895582783	0.578241612942	-0.725875978203	0.00485944604253	-0.0458504737278	0.686278503314	1359484546.657896
-0.0753856850383	0.0839255993181	0.579604563728	-0.727450537982	0.00490432743066	-0.0474899826736	0.684497161358	1359484546.691079
-0.0739450209148	0.0778191467661	0.586222622823	-0.731151313566	0.00526911043127	-0.046728428652	0.680592717491	1359484546.724846
-0.0766176166831	0.0788576980181	0.570273175922	-0.727754697522	0.00554790522158	-0.0480795485528	0.684127676675	1359484546.764132
-0.073798437523	0.0745321335694	0.564593520987	-0.726519158466	0.00567272332092	-0.0461089180381	0.685573993285	1359484546.798888
-0.0737501603215	0.077197112942	0.561948966	-0.724499771214	0.00459990608598	-0.0465162732314	0.687688271457	1359484546.826037
-0.0851105255487	0.0718794208019	0.563968723563	-0.721392696072	0.0115432146105	-0.045186631449	0.690954050996	1359484546.926711
-0.0848061560752	0.0684225972277	0.566422375656	-0.720110771851	0.0138055311295	-0.0422423684281	0.692434448799	1359484546.960555
-0.0907055671041	0.060594691679	0.581676006049	-0.720754347117	0.0185778325878	-0.0379663564133	0.691900708938	1359484546.993182
-0.0938589817092	0.0582840491451	0.594232487226	-0.723238638241	0.0203136405034	-0.0369494415929	0.68930977574	1359484547.026007
-0.0978349561943	0.0577849035203	0.59402300478	-0.72186628602	0.0200447514843	-0.0375758309283	0.690720877037	1359484547.058736
-0.101416419181	0.0522044292981	0.598695577643	-0.722813077142	0.0205439381369	-0.0383684437975	0.689671707872	1359484547.091799
-0.106023034611	0.0431042722887	0.598263674207	-0.722132484513	0.0186430135464	-0.0397809059636	0.690358307241	1359484547.124646
-0.120952316974	0.0402981856188	0.618178781352	-0.727653484418	0.0210464800484	-0.0438220537325	0.684220052249	1359484547.192015
-0.114884595505	0.0373494648175	0.599183255453	-0.721536844996	0.0192468498827	-0.0400104271862	0.690951015485	1359484547.225586
-0.124578906075	0.0331218469726	0.596858622701	-0.72082937677	0.0206969873796	-0.0424885403199	0.691499362429	1359484547.258214
-0.131347674005	0.0242809851758	0.604850319286	-0.722588421637	0.0227724892156	-0.0401216743179	0.689737368787	1359484547.291207
-0.137733521369	0.0214014623275	0.624824357855	-0.72780537517	0.0250754434325	-0.039137670915	0.684206694447	1359484547.325212
-0.139671766261	0.0170241894066	0.604387342226	-0.720911563527	0.0267469388214	-0.0365177498866	0.691547231055	1359484547.391361
-0.156594014782	0.0101999802487	0.62575658732	-0.724714681105	0.0295518983633	-0.0394577846322	0.687283347336	1359484547.423844
-0.154427540226	0.00314571082689	0.635080698641	-0.726937966212	0.0292387443935	-0.0369165800288	0.685086458212	1359484547.457974
-0.157307487078	-0.0040927586539	0.629181834321	-0.724826612806	0.0309134378257	-0.0351326837667	0.687340116144	1359484547.490996
-0.164551068861	-0.0088815861519	0.637702962148	-0.726908501838	0.0329900475817	-0.0353419764237	0.685030387223	1359484547.523755
-0.166782688657	-0.0162244124579	0.624047013498	-0.722422260712	0.0339999561555	-0.0334498581658	0.689805180611	1359484547.557652
-0.180061129056	-0.0238737540244	0.639134607353	-0.727192939415	0.0387769681613	-0.0338134398234	0.68450232059	1359484547.623941
-0.180422242556	-0.0288911088443	0.642656571363	-0.728560194341	0.0381885960216	-0.0328874391144	0.683125237935	1359484547.657662
-0.17689115087	-0.0347382791223	0.65724365714	-0.732763912209	0.035774596076	-0.0325206226089	0.678763313936	1359484547.690971
-0.181627962733	-0.039459028539	0.663961319916	-0.733860247669	0.0356118547256	-0.0345442257722	0.677486257544	1359484547.724131
-0.190192037877	-0.0442703681588	0.657062500163	-0.730249528983	0.0361121641327	-0.0376151015492	0.681187669557	1359484547.757161
-0.183330662562	-0.052384446105	0.656668415553	-0.728673682737	0.0339930315818	-0.0345708072032	0.683142735583	1359484547.791374
-0.192098338006	-0.0547323634939	0.685011279634	-0.735160805405	0.0347581734361	-0.0379981574192	0.675933872215	1359484547.824579
-0.198327821627	-0.0701233991719	0.678844058319	-0.731402562561	0.0357648558828	-0.038843722631	0.679898765829	1359484547.924475
-0.205027383031	-0.0740691526357	0.698055130813	-0.735581347949	0.0366303758768	-0.0415711864888	0.675166744269	1359484547.957848
-0.198661039008	-0.0796535910892	0.692007969095	-0.732260979813	0.0335600873425	-0.0403257771847	0.679000301675	1359484547.991628
-0.20706136979	-0.0931255929054	0.710484326273	-0.733061814338	0.0333382542085	-0.0440452801801	0.677915149897	1359484548.024659
-0.208816001752	-0.0977667643368	0.710958473221	-0.732495768026	0.0346278346909	-0.0436726875382	0.678486226281	1359484548.057780
-0.208593042595	-0.107205594176	0.706585432672	-0.731055098114	0.0354533876248	-0.0421917111972	0.680089229685	1359484548.125295
-0.205268119729	-0.113817179935	0.709556940116	-0.731966566536	0.0351011005728	-0.0403532331422	0.679238157634	1359484548.158594
-0.213805751886	-0.117944107395	0.725988690147	-0.736021089893	0.0370950108434	-0.0425225047213	0.67460266231	1359484548.192150
-0.216543676892	-0.138423268606	0.725056135644	-0.732319667506	0.040491807392	-0.0406406821201	0.678540089512	1359484548.257742
-0.224488244528	-0.143234495742	0.73244036476	-0.732804209505	0.0433044606923	-0.0412703188579	0.677804894492	1359484548.291546
-0.230940153964	-0.144605200751	0.750358792505	-0.735842036313	0.0479585504535	-0.0402676385251	0.674251431086	1359484548.324884
-0.229405994211	-0.154231140219	0.744493981536	-0.732700969992	0.0499265933405	-0.0373284571267	0.677689611945	1359484548.358289
-0.238034041257	-0.156825647657	0.755122547205	-0.734349195385	0.0542624950912	-0.0371218712397	0.675580348693	1359484548.391594
-0.223374751677	-0.170463357716	0.745449747341	-0.731939068866	0.0535528215434	-0.0315654761814	0.678528492759	1359484548.425001
-0.225101799835	-0.176489579679	0.751541004464	-0.73427857684	0.0533558485933	-0.032136608179	0.675984736092	1359484548.463003
-0.227458640519	-0.183466468594	0.741168082631	-0.733390841903	0.0539193875896	-0.0326787604166	0.676877146366	1359484548.500053
-0.228860892424	-0.189954832353	0.753267001607	-0.738585454617	0.0542341446069	-0.0338071447341	0.671123878842	1359484548.530023
-0.222556140484	-0.19655161541	0.741572710571	-0.738334309337	0.0520509482503	-0.0329627441397	0.671614922363	1359484548.560078
-0.227164167429	-0.200244090675	0.745173159758	-0.741638206282	0.0520564960507	-0.0360756475893	0.667803444025	1359484548.593417
-0.230473030624	-0.206252949341	0.75414682446	-0.745711310801	0.0515088958281	-0.0383320906179	0.663168248202	1359484548.625370
-0.227396235639	-0.210754720582	0.765636531566	-0.750200212699	0.0494920970366	-0.0396682042606	0.658161535466	1359484548.658783
-0.224440045145	-0.217269535264	0.748777429271	-0.747409457146	0.0489405171814	-0.0397578944719	0.661364679261	1359484548.692488
-0.221492788224	-0.223726432087	0.747867433319	-0.748152027708	0.0478237023451	-0.0400578372745	0.66058822772	1359484548.726427
-0.222388324353	-0.228397275969	0.749515502319	-0.749455812829	0.0476634447418	-0.0417943132595	0.659012455141	1359484548.759229
-0.224130273551	-0.231783852282	0.757141039401	-0.751606404997	0.0470618069096	-0.0439214391254	0.656463179076	1359484548.792634
-0.22463354606	-0.235389386306	0.757328408316	-0.751975186508	0.0466488321869	-0.045642976287	0.655952684306	1359484548.825187
-0.217849013055	-0.245993508235	0.751456305891	-0.750461217921	0.0439459336363	-0.0468453358128	0.657785854078	1359484548.927336
-0.21984149288	-0.253419812171	0.754728003885	-0.752010538352	0.0446063531953	-0.0492304096072	0.655794777527	1359484548.960107
-0.215168634594	-0.257503758123	0.762308891274	-0.753636420293	0.0443340810204	-0.0486273157984	0.6539893114	1359484548.992550
-0.21426795261	-0.257490851192	0.758112844528	-0.752840185114	0.04547868723	-0.048115735094	0.654865040083	1359484549.026767
-0.213934900666	-0.261277730544	0.756732493241	-0.75257246501	0.0455838387089	-0.0492909029488	0.655078014777	1359484549.059145
-0.215222401958	-0.258828658047	0.770936567558	-0.756118013291	0.0465274714171	-0.0502871631528	0.65083941614	1359484549.092836
-0.206520126893	-0.262752610371	0.74059037158	-0.749404015653	0.0461814506168	-0.0469631075688	0.658828780086	1359484549.125917
-0.205666814022	-0.26559251292	0.752130389044	-0.751527425597	0.0456972702611	-0.0480143630133	0.656363397068	1359484549.159180
-0.216319935662	-0.261542386832	0.766801520372	-0.754649509004	0.0488886558457	-0.0509221531907	0.652319670256	1359484549.192921
-0.197317328993	-0.26761514578	0.74695795835	-0.749492463773	0.0465725314339	-0.0455061361157	0.658802882233	1359484549.226146
-0.198868329814	-0.265488382021	0.739231883104	-0.746032217274	0.0479129298138	-0.0461217833154	0.662580608719	1359484549.258716
-0.198375150851	-0.264706366161	0.754993748732	-0.746405775221	0.0471137507015	-0.0477287602955	0.662103223563	1359484549.291924
-0.190775293189	-0.264351904952	0.74663500841	-0.741351865705	0.0465895157416	-0.0461784592052	0.667902970605	1359484549.325839
-0.190068156102	-0.261980330383	0.759451842969	-0.741274819386	0.0472090902643	-0.046548999704	0.667919257521	1359484549.358864
-0.185034341254	-0.259066233964	0.768409273971	-0.740872064618	0.0456124981222	-0.0467041546719	0.668466009472	1359484549.392843
-0.196690186076	-0.254288871226	0.781535451551	-0.741308254705	0.0482295314683	-0.0513375037695	0.667458196823	1359484549.425935
-0.185904455374	-0.263238388369	0.7657861668	-0.734675466954	0.0465685844736	-0.0491987087488	0.675028008496	1359484549.458519
-0.187007055834	-0.255153980155	0.784625874095	-0.737222234109	0.0468245007037	-0.0511752270989	0.672080307553	1359484549.492318
-0.191493835336	-0.25407432026	0.784670591595	-0.736099128338	0.0485456227548	-0.0535634362002	0.673002491877	1359484549.526243
-0.18368122386	-0.256694903124	0.771862122627	-0.732260722368	0.0474802970558	-0.052346323678	0.677347560907	1359484549.559610
-0.182550938746	-0.258333724617	0.762878439891	-0.72894478471	0.0470724589716	-0.0537892066967	0.680830673291	1359484549.592535
-0.172871913246	-0.255108644455	0.771620743993	-0.729893404671	0.0448523090411	-0.053433507506	0.679991726763	1359484549.626065
-0.173298499708	-0.253838619295	0.780286457367	-0.73072665614	0.0437768212459	-0.057268395277	0.678853794885	1359484549.661799
-0.164350331949	-0.254909922894	0.762213345501	-0.726237056544	0.0424318089132	-0.0568391941063	0.683775244732	1359484549.693161
-0.165408370705	-0.254665035607	0.780767882146	-0.73044641583	0.0404049402393	-0.0609712779558	0.67904195575	1359484549.726697
-0.168592833764	-0.254488384043	0.784538463982	-0.731450442281	0.0401550151944	-0.0641199159638	0.677684632863	1359484549.759809
-0.162056609673	-0.257816735109	0.763320123404	-0.728447211335	0.0420349279263	-0.0626725977807	0.680933088211	1359484549.792461
-0.160416375232	-0.25329069597	0.792068791045	-0.738780605698	0.0499406338821	-0.0576135525138	0.669619166615	1359484549.926269
-0.155675555581	-0.254516334116	0.769895498993	-0.734245977818	0.0515849498497	-0.0552578998793	0.674661694117	1359484549.958412
-0.153643192263	-0.254550395421	0.780841358054	-0.736760475109	0.0531499801557	-0.0537157658628	0.671917925363	1359484549.992062
-0.148954446923	-0.256233113557	0.7865984138	-0.737867044352	0.0547663832393	-0.0519487146389	0.670711710926	1359484550.025232
-0.147803513743	-0.256855822113	0.783425799444	-0.737000446449	0.0574088034146	-0.0514955802236	0.671478053581	1359484550.058327
-0.141844038255	-0.255503899666	0.792451122574	-0.738731423612	0.0564890938829	-0.0518868725763	0.669621250032	1359484550.128896
-0.142925183072	-0.253294405308	0.793513798981	-0.738409226064	0.0577939743074	-0.0535500015469	0.669734326977	1359484550.162131
-0.141449859377	-0.254307177106	0.792661151593	-0.737450591403	0.0584306936593	-0.0543743875815	0.670668252754	1359484550.195733
-0.137477791945	-0.258483150471	0.77613364368	-0.732560962463	0.058836289185	-0.0537229693714	0.676022610504	1359484550.230612
-0.131718681433	-0.255614973861	0.78320445526	-0.733751624703	0.0598779541163	-0.0527216917771	0.674717427575	1359484550.261346
-0.122417290585	-0.258767266074	0.786894344228	-0.733649047619	0.0589326072825	-0.0509250637749	0.675050117107	1359484550.294336
-0.120231185286	-0.257705820895	0.791337061704	-0.73371314328	0.0592704856197	-0.0513599066817	0.674917915674	1359484550.327189
-0.1154252628	-0.255950646323	0.811428803418	-0.736471557794	0.0592659918839	-0.0534759293996	0.671742146765	1359484550.360307
-0.103591079684	-0.258231338143	0.802644382563	-0.73329713664	0.0520330744049	-0.0596498165025	0.675284953153	1359484550.426540
-0.0909219786452	-0.261641890607	0.800583083211	-0.732708873611	0.0457975489273	-0.06276790034	0.676092066017	1359484550.461061
-0.102256779309	-0.257911450072	0.808451818003	-0.734299747595	0.0437864091475	-0.0726211980228	0.67350782672	1359484550.493031
-0.095011034695	-0.258932718356	0.805105669253	-0.733477654942	0.039838832875	-0.0754510560599	0.674337108007	1359484550.527426
-0.0941467564476	-0.25906274769	0.805837108928	-0.733740654286	0.0384795015554	-0.0788332751969	0.673742751301	1359484550.559336
-0.0892546381081	-0.263076632175	0.811739903218	-0.735101141107	0.0378456009496	-0.0791178405243	0.6722606564	1359484550.594146
-0.087783118289	-0.259916050205	0.818216740263	-0.736608172108	0.0380102405642	-0.07966534858	0.670534901874	1359484550.626784
-0.0829569984885	-0.262409010223	0.817566626019	-0.736345111566	0.0387207355652	-0.0787336384578	0.670893132686	1359484550.661722
-0.0782555234241	-0.263493400617	0.81573136549	-0.736047007247	0.0398437974924	-0.077114600234	0.671342396513	1359484550.697948
-0.0842448235079	-0.260835594329	0.803263085761	-0.733149746152	0.0426506488778	-0.0782285392485	0.674205211723	1359484550.730005
-0.0783785462242	-0.263242364283	0.818753267055	-0.735984031667	0.042985142449	-0.076796195462	0.671254144882	1359484550.759273
-0.0753260582573	-0.26371013693	0.81595041627	-0.734385003057	0.0454456585032	-0.0737518949539	0.673182009117	1359484550.792713
-0.0704786931023	-0.26827980491	0.815314208775	-0.734343136552	0.0531581896932	-0.0655024209519	0.673515996482	1359484550.893266
-0.0724429172285	-0.265856945212	0.827250743947	-0.738607191925	0.05618859987	-0.063999675668	0.668734849396	1359484550.926986
-0.0634491402406	-0.267497625773	0.823537594994	-0.739855735482	0.0570751833453	-0.0597568317808	0.66767135267	1359484550.960322
-0.0610334379463	-0.269839719433	0.804632541496	-0.740232299493	0.0596500392156	-0.056706782639	0.667294804724	1359484550.992609
-0.057845759463	-0.271796668776	0.793645243695	-0.739961670104	0.0596184822775	-0.0557766681761	0.667676064147	1359484551.026772
-0.055809550409	-0.26959509746	0.807819160645	-0.745371829166	0.0598386570911	-0.0550161098483	0.661674692776	1359484551.059088
-0.0580097849555	-0.266126734684	0.810702251781	-0.747515007601	0.0604171768904	-0.0557246525879	0.659140228815	1359484551.092729
-0.0503219720411	-0.266892775864	0.789381762276	-0.743905332117	0.0604786945521	-0.0534185776592	0.663395538057	1359484551.126389
-0.0483356798071	-0.26618344138	0.800815889073	-0.747556074676	0.0605057063841	-0.0535549941171	0.659265377003	1359484551.159478
-0.0471428805161	-0.265699961746	0.801240243448	-0.748505998331	0.0599402825876	-0.0544665192658	0.658163605241	1359484551.193600
-0.0383282117755	-0.264200578657	0.791335833796	-0.746789169151	0.0583961885215	-0.0528681973064	0.660379266572	1359484551.226864
-0.0456903298438	-0.258845288608	0.814997869558	-0.751616721613	0.0591191540275	-0.057063818487	0.654462336608	1359484551.260150
-0.0406802465618	-0.260291173859	0.805185268263	-0.749803229756	0.0592496114312	-0.0557721635278	0.6566384591	1359484551.293045
-0.0315415752161	-0.261975822462	0.775743116568	-0.744231750738	0.0589665727331	-0.0522611253525	0.66325773216	1359484551.326586
-0.0375649759385	-0.25336166025	0.808904222139	-0.752679956466	0.0601333058936	-0.055769591464	0.653258464411	1359484551.359396
-0.024274893533	-0.255047989525	0.793708178945	-0.749892189296	0.0588656796442	-0.052117676375	0.65687158867	1359484551.394832
-0.0252959067569	-0.251231773633	0.785486095267	-0.748220577472	0.0601780464166	-0.0526333251691	0.658615444139	1359484551.432567
-0.019120246912	-0.249480744742	0.792003521405	-0.749702809489	0.060060084357	-0.0510264609015	0.657065281384	1359484551.461117
-0.0135529234765	-0.243170807057	0.793160732433	-0.750000174558	0.0608546788287	-0.0493126046163	0.6567836122	1359484551.493306
-0.0112489687147	-0.241079158913	0.79249807565	-0.749432733098	0.0601371798127	-0.0502638445339	0.657425010247	1359484551.527175
-0.00676518991796	-0.239372237465	0.785185811383	-0.747814063054	0.0593017392859	-0.05058656816	0.659316638603	1359484551.559131
-0.00193106833576	-0.237660338492	0.776196767011	-0.745952671635	0.058432288088	-0.0507262872866	0.661488566166	1359484551.592794
0.0122350038638	-0.224825826889	0.785675646298	-0.747946177593	0.0549573049965	-0.0500143454827	0.659586821652	1359484551.625493
0.0204938368087	-0.21470885181	0.78354257213	-0.744068970826	0.0523836539525	-0.0517181646317	0.664035052463	1359484551.692397
0.0351913230938	-0.204735959654	0.773261235618	-0.739175426093	0.0497236559483	-0.0517545687596	0.669678066023	1359484551.759383
0.0364116275791	-0.197776543284	0.780144424926	-0.73965153121	0.0505651871445	-0.0527380415704	0.669012311694	1359484551.864409
0.04537325389	-0.196191833266	0.776240568724	-0.737534953981	0.050702039044	-0.0510987073961	0.671461403951	1359484551.897820
0.0536063680663	-0.181757177154	0.783583143492	-0.737009080561	0.0513313305304	-0.0515436771255	0.671956813363	1359484551.931317
0.0583109840706	-0.174261495949	0.797319442539	-0.739265614352	0.0510333252511	-0.052109766298	0.669452405633	1359484551.965890
0.0683472468605	-0.172582090358	0.788493885947	-0.736342062272	0.0503547448787	-0.0506297163579	0.672830884264	1359484551.999360
0.0776909270974	-0.168904384252	0.775566300734	-0.732829139938	0.049918372281	-0.0493933827019	0.676779064032	1359484552.028271
0.0800896745129	-0.164153801652	0.771909700281	-0.731017745366	0.0507241863222	-0.0500219451438	0.678629440774	1359484552.061933
0.0878583143984	-0.158883791055	0.773204088049	-0.730654712421	0.0511536983172	-0.0489000165211	0.679069789307	1359484552.092923
0.0975050398625	-0.157028554317	0.765137261621	-0.728618027668	0.0508097486038	-0.0471185865865	0.681405883451	1359484552.127272
0.103173707362	-0.152428752319	0.765486249719	-0.728923795255	0.0508779360186	-0.0466606760198	0.681105217753	1359484552.162972
0.107996015323	-0.144822320663	0.787854021744	-0.734588903	0.0507829909821	-0.0476447606877	0.674929780196	1359484552.194241
0.119024753962	-0.144279147222	0.766585413985	-0.729618880246	0.0503154452599	-0.0459022111345	0.680453990046	1359484552.226657
0.12893496708	-0.140540590863	0.77367938331	-0.73244317697	0.0490997774265	-0.0454467324693	0.677532876601	1359484552.259096
0.137062521577	-0.137186889468	0.764239404575	-0.731190806848	0.0466977189094	-0.047229693986	0.678932016505	1359484552.292422
0.14241491046	-0.133891332696	0.761371863191	-0.731390722153	0.0450778709341	-0.0501050687506	0.678619981423	1359484552.325949
0.150562699215	-0.129393796206	0.767560480409	-0.733449707593	0.0424459258312	-0.0528092990179	0.676358667979	1359484552.361218
0.162117782745	-0.12710542447	0.76737325155	-0.733929567788	0.0383055941438	-0.0548169429902	0.675925420253	1359484552.391845
0.162009772522	-0.122740165255	0.769877590796	-0.734862722941	0.0361814186669	-0.0606633038693	0.674527721401	1359484552.424502
0.174612798433	-0.120260229041	0.768744875594	-0.7348402424	0.0316455609003	-0.0629678431468	0.67456906789	1359484552.457975
0.177905861755	-0.115824394229	0.770684589141	-0.735184347531	0.0300181823821	-0.0657991725959	0.673998036167	1359484552.491469
0.197408202258	-0.112793307536	0.780419368435	-0.737617909408	0.0280721618224	-0.0645235832098	0.671541868137	1359484552.524202
0.200368289953	-0.109190582104	0.775203587987	-0.736520561649	0.0289975299991	-0.0650530634365	0.672654966873	1359484552.591568
0.2155410921	-0.104691831214	0.772152994087	-0.736556633144	0.0278465804433	-0.0653046469575	0.672639723191	1359484552.624969
0.225318680676	-0.104464397121	0.765622138137	-0.735268896394	0.0268453880545	-0.0648250983424	0.674134023589	1359484552.691458
0.237244312338	-0.0990544601591	0.773137289196	-0.737580273601	0.0241907502744	-0.0678452607428	0.67140685742	1359484552.724510
0.240953660493	-0.0954750371438	0.779363566927	-0.738996953886	0.0225694439726	-0.0703159537406	0.669649004327	1359484552.758183
0.249285648222	-0.0910179491066	0.779246340275	-0.738131398973	0.0199265815801	-0.0744495752539	0.670240426968	1359484552.857544
0.256481202943	-0.0884858778027	0.786492908189	-0.739981642561	0.018104557072	-0.0742755506304	0.668268311582	1359484552.892161
0.265584104669	-0.0825320363601	0.788101667044	-0.739959922813	0.017811776327	-0.0750262089578	0.668216373059	1359484552.924542
0.271197856907	-0.0805721480446	0.79323044032	-0.740855901425	0.0176386164901	-0.0734128726048	0.667406894382	1359484552.958784
0.265719406544	-0.0765920952557	0.802612366339	-0.743095804069	0.0205664999301	-0.0757647322716	0.664564030324	1359484552.992988
0.280925488054	-0.07670858981	0.800383301931	-0.742027094575	0.0177153238083	-0.0716869724604	0.666290429316	1359484553.024750
0.277370131426	-0.0716473213661	0.797788884515	-0.740714323876	0.0194986502768	-0.0732032022232	0.667535305603	1359484553.057643
0.278748313092	-0.0689414993576	0.810567212827	-0.743040214248	0.0196703416732	-0.0742465956167	0.664824608982	1359484553.091139
0.282901864041	-0.0672191454588	0.80002981132	-0.73900818085	0.0194208454022	-0.073577692561	0.669384838907	1359484553.124417
0.288580520948	-0.0645388247575	0.807579393487	-0.739168481763	0.0184275023073	-0.0731864761942	0.669278807694	1359484553.158314
0.291378610501	-0.0616893430696	0.815684519385	-0.739870223008	0.0181823995582	-0.0732178721059	0.668506242795	1359484553.192337
0.287773258217	-0.0570036707109	0.829138976083	-0.742674535149	0.0193944870043	-0.0742201963116	0.665244129004	1359484553.225705
0.286224011271	-0.0531969416968	0.832644613434	-0.742567408476	0.0204788102222	-0.0753140623894	0.665208278818	1359484553.259398
0.298633584762	-0.0502853786866	0.829633965236	-0.740326352086	0.0186473837622	-0.0724360201614	0.668073491818	1359484553.291817
0.297457198763	-0.0454199089454	0.838982922234	-0.742370026514	0.0191830945224	-0.0738484935715	0.665631393952	1359484553.325690
0.300968672436	-0.0436003699218	0.837690608129	-0.740999491839	0.0178347168119	-0.073883964629	0.667190254531	1359484553.358356
0.295475374132	-0.0377296955304	0.849367449533	-0.742946894478	0.0186983372296	-0.0770573904441	0.664637075966	1359484553.391378
0.297709322849	-0.0326031092693	0.851697596133	-0.741182032476	0.016064136597	-0.0786968992781	0.666481759911	1359484553.458045
0.299288991642	-0.0307780920478	0.85390380988	-0.740546361429	0.0152272460844	-0.0786839300462	0.66720915514	1359484553.492716
0.296858916341	-0.0266747314374	0.85690268493	-0.740450037488	0.015553745339	-0.0793690354728	0.667227381931	1359484553.527178
0.297718235006	-0.0232252320499	0.864020490036	-0.741700514392	0.0153880173101	-0.0796714379783	0.665804789593	1359484553.559988
0.294718381372	-0.0190708306099	0.866547606776	-0.741888034585	0.0150508379727	-0.0805926930657	0.665492625233	1359484553.593424
0.291315337371	-0.0137711791238	0.864622351492	-0.740465991105	0.0152415953492	-0.0823983543474	0.666849548991	1359484553.658419
0.289131954119	-0.0109279296409	0.865220834051	-0.74013639431	0.015632812195	-0.0827885338334	0.66715799603	1359484553.694198
0.28753347062	-0.00895496047673	0.8648347461	-0.739857762096	0.0160414852308	-0.0822536619732	0.667523406114	1359484553.726058
0.277350561706	-0.000866104573442	0.877044733525	-0.742952801278	0.0178478395261	-0.0833739469346	0.663891086452	1359484553.758856
0.269074611879	0.0101864492459	0.876530334816	-0.74099065368	0.0252230141384	-0.0780757154381	0.666483933321	1359484553.858400
0.262675970108	0.014350952373	0.884978671282	-0.738682288356	0.033958629223	-0.0690217979799	0.66965011743	1359484553.891893
0.256687146135	0.0208525819045	0.885172856911	-0.736303583127	0.0386820679706	-0.0660814720999	0.672304968103	1359484553.925280
0.247970177737	0.030440448871	0.870401642108	-0.730040812803	0.0442296309926	-0.0651700708874	0.678849772221	1359484553.957731
0.235567179402	0.0430391647166	0.86602648916	-0.722305017744	0.0546582870314	-0.0579192973597	0.686974008237	1359484554.024731
0.229928815864	0.0480087796234	0.864056924938	-0.718163633638	0.0600299247813	-0.0539955617009	0.691174278144	1359484554.058069
0.237355477598	0.0428371774066	0.869388252471	-0.717105405773	0.0608935837861	-0.0460423379201	0.692771182703	1359484554.091234
0.23283823009	0.0456764568633	0.891506591545	-0.721268910418	0.0643971996149	-0.043510380498	0.68828119714	1359484554.124984
0.23073963728	0.0489007217573	0.889714686859	-0.718719697527	0.0664268196	-0.0416478880972	0.690865346823	1359484554.157672
0.232396539459	0.0526044305455	0.901147780241	-0.720655988769	0.066522450702	-0.0403330378003	0.688914331006	1359484554.191014
0.230784555163	0.0529614865983	0.898748386259	-0.717513359461	0.0670611518413	-0.0405669297193	0.692121163613	1359484554.224463
0.235563536961	0.0507340405411	0.902010747528	-0.71659251639	0.0650835245288	-0.0402673031806	0.693280494881	1359484554.257825
0.236336094902	0.0507934618976	0.902981185041	-0.71589161119	0.0626524292923	-0.0418463176696	0.69413454015	1359484554.291218
0.23778984533	0.0509969740489	0.905690033126	-0.716407462076	0.0602870844232	-0.0446771702219	0.693635182351	1359484554.324624
0.23776455475	0.0532843502491	0.912597385412	-0.719049433131	0.0584158750043	-0.0475335489581	0.690866166479	1359484554.358465
0.240442420763	0.0540337972024	0.916443042469	-0.721115687771	0.0559185066631	-0.0497260799348	0.688761644139	1359484554.391719
0.236785689255	0.0548892640823	0.919119901445	-0.722694630338	0.054623830957	-0.0542943546643	0.686863036874	1359484554.425049
0.24056062618	0.0528689224816	0.916641596328	-0.722583971053	0.0522277243916	-0.0562400406482	0.687009262973	1359484554.457987
0.239873153881	0.0510166639113	0.911339825292	-0.721534354108	0.0512597777538	-0.0586095557145	0.687986577634	1359484554.491813
0.24372939795	0.0526388431914	0.930369765456	-0.728013077021	0.0488498290171	-0.0601336315619	0.68117149107	1359484554.525595
0.243623966464	0.0532543431062	0.928357691648	-0.728358915009	0.0474859135605	-0.0632039010365	0.680620045131	1359484554.558424
0.245473630106	0.0521078749269	0.934628096921	-0.731101967009	0.0451606695494	-0.0657171349993	0.677592566317	1359484554.592707
0.248818908775	0.0495752931571	0.931206812095	-0.730989188991	0.0432195688646	-0.066886335706	0.677726414227	1359484554.624398
0.24718762381	0.0500266314339	0.938160900545	-0.733590271839	0.0418758555562	-0.070372706069	0.674640206351	1359484554.659935
0.247799660919	0.0490272885195	0.936280069572	-0.733183914674	0.0408637563157	-0.0725375123774	0.674914668666	1359484554.694053
0.25081092088	0.0464587788193	0.935971539143	-0.732908313189	0.0392515841148	-0.0740538576556	0.675144979814	1359484554.726731
0.260683288181	0.0403762931878	0.932135780315	-0.731935764273	0.0370811845018	-0.071073697725	0.676641376377	1359484554.757754
0.256239643717	0.0426209123482	0.938417153116	-0.734511804661	0.03763666363	-0.073350962404	0.673569244161	1359484554.824474
0.260506304473	0.0374676150673	0.933506657096	-0.734760556286	0.0361409898756	-0.074374640888	0.673267529716	1359484554.858868
0.267207023239	0.0315519007626	0.933518260335	-0.73607556963	0.0353989674106	-0.0716239946417	0.672167889959	1359484554.892523
0.267655679855	0.0265217861173	0.932004250251	-0.735377240038	0.0339154823309	-0.0647588890934	0.673703451955	1359484554.958420
0.256824343891	0.0379771831672	0.94226841432	-0.73905256832	0.0341351039609	-0.066549527727	0.669482827485	1359484554.993269
0.268489646966	0.026413891735	0.934783241127	-0.736677148701	0.029398951611	-0.0594290644334	0.672986379153	1359484555.026668
0.252511960027	0.0380710769881	0.944272181167	-0.739253205176	0.0294372057401	-0.0638467764086	0.66974751862	1359484555.060287
0.260394230028	0.0345672803594	0.950613417587	-0.7396227731	0.0232312362907	-0.0601819825414	0.669922825518	1359484555.092910
0.265756673081	0.0268873919487	0.952078725008	-0.737186334485	0.0176483850577	-0.0555075060118	0.673174390132	1359484555.126327
0.248413053686	0.0371633385495	0.951623270137	-0.733884194916	0.0158285059332	-0.0617826555533	0.676273872278	1359484555.159135
0.252475799636	0.0356317335746	0.964098316814	-0.733899794096	0.0100629150905	-0.0576957315187	0.676728182161	1359484555.193311
0.245621626589	0.038973363118	0.990648157213	-0.738145425358	0.00622611674647	-0.0562746056842	0.672261656834	1359484555.227795
0.245593448255	0.0358728200857	0.985524229405	-0.732628447926	0.00308253828749	-0.0519080501706	0.67863952845	1359484555.260871
0.239664617286	0.0357098190614	0.990792911527	-0.729532221952	-0.00023240177742	-0.0498351656588	0.682128389226	1359484555.291917
0.247631207201	0.0420479748529	1.05316136203	-0.743035248624	-0.0132933659626	-0.0474096964332	0.667438556279	1359484555.324535
0.237076271406	0.0382664167436	1.05844027457	-0.737823622399	-0.0438260851668	-0.0702720622393	0.669893583905	1359484555.356443
0.209294991361	-0.015205624568	0.733954996787	-0.690422502437	0.136054147975	0.0279764472791	0.709946022839	1359484555.925866
0.21200388244	-0.074624418322	0.58329586701	-0.669893654613	0.0351064866782	-0.0678460989086	0.738516711365	1359484555.991254
0.306762758597	-0.119172816064	0.623304702818	-0.702360882135	0.117656407432	0.0901871605731	0.69621292512	1359484564.826466
0.270387039169	-0.162264272027	0.640182714462	-0.713427371846	0.137982931492	0.0830950236635	0.681965770959	1359484564.962296
0.0830850709281	-0.20256158958	0.628734517723	-0.710804291473	0.220108472578	0.0528492441153	0.665970327356	1359484564.992617
0.0321645060229	-0.225850069389	0.81719900676	-0.709189637535	0.232872423737	-0.0451729261929	0.663912568803	1359484565.057892
0.0576949890248	-0.25372427167	0.8409589673	-0.71294351307	0.212185626634	-0.0751854979308	0.66410537411	1359484565.226999
0.0616324857505	-0.259236765139	0.847424453235	-0.7156603847	0.210461969354	-0.0886081898699	0.660064058948	1359484565.258077
0.0568649846003	-0.261094947102	0.883128750941	-0.725808988591	0.216028728929	-0.119385738326	0.64209029415	1359484565.459508
0.0277111718858	-0.239794753443	0.862511394407	-0.721867327684	0.23276113832	-0.135110423843	0.637553909156	1359484565.558629
