0.150745871486	-0.179939221682	0.612797500662	-0.712387849764	-0.154642470868	0.165499860466	0.664228164036	1359484665.958079
0.157682841202	-0.184444816602	0.617682377154	-0.701869674477	-0.141713525866	0.165952395331	0.678053124113	1359484666.024881
0.158509765443	-0.184482305252	0.601622083755	-0.695225735864	-0.137553669285	0.1644040732	0.686084152983	1359484666.091650
0.137041690759	-0.215565294052	0.630657750234	-0.711845543883	-0.11574278433	0.151877221925	0.675879308006	1359484666.159165
0.117341705465	-0.223678312242	0.647177359749	-0.720822339367	-0.113375553317	0.144821692192	0.668272262218	1359484666.225198
0.130738775732	-0.220816474749	0.673494788708	-0.729941336871	-0.119954909438	0.149005321123	0.656196524454	1359484666.259607
0.139720791383	-0.210667205843	0.661937760494	-0.727835231189	-0.129524143678	0.15999138084	0.654126998756	1359484666.291512
0.138311200169	-0.207626945451	0.674930146824	-0.727870829735	-0.134676656931	0.160216844715	0.65299067066	1359484666.358118
0.131756387749	-0.203799675277	0.684456924984	-0.725277602108	-0.142389319261	0.158265141837	0.654713545392	1359484666.426238
0.128147703073	-0.208638146971	0.684098594857	-0.723168179463	-0.146060759534	0.15707663579	0.656521872618	1359484666.458735
0.1134326369	-0.206986016788	0.673241390933	-0.719357011893	-0.147153165961	0.153868033733	0.661208033363	1359484666.526962
0.132950998201	-0.192641599685	0.661182351493	-0.711833073902	-0.152941148873	0.16026727817	0.666496121091	1359484666.558893
0.131903002265	-0.186572420055	0.655445275889	-0.709029603753	-0.15297402614	0.156233553785	0.67042303436	1359484666.592155
0.129569084607	-0.172132297208	0.624417048246	-0.699231565771	-0.144301790645	0.142764779442	0.685470953722	1359484666.658055
0.150921357318	-0.157064559822	0.623734536769	-0.697180309073	-0.143619804883	0.139045376616	0.688461583189	1359484666.694316
0.146933136602	-0.151404860792	0.627131180471	-0.69636433627	-0.134467721888	0.131366696241	0.692631167405	1359484666.724509
0.130506948202	-0.156110387205	0.666667747917	-0.706599967947	-0.1180371223	0.122206332888	0.686912902236	1359484666.759656
0.140596435419	-0.152578596834	0.636182816782	-0.69716102477	-0.114154066403	0.115565538891	0.698269261021	1359484666.791464
0.138044615794	-0.147541101909	0.642239994299	-0.69754949556	-0.106923586717	0.108594222347	0.700142373179	1359484666.825125
0.130007907838	-0.163184613289	0.681483613312	-0.707946817411	-0.0926135478347	0.10459274013	0.692310907893	1359484666.858600
0.138328130084	-0.147051320129	0.682896091374	-0.705404883692	-0.0895527550148	0.107078832913	0.694923289058	1359484666.892104
0.143787648959	-0.144745035775	0.701774539014	-0.706272472826	-0.0859676713738	0.106649190115	0.69456079925	1359484666.926809
0.159988161126	-0.131909366961	0.708071650005	-0.70125872318	-0.0846135807417	0.109963395375	0.699274478868	1359484666.960409
0.171368117986	-0.123465983748	0.718278247924	-0.694066475452	-0.0801172910339	0.110352638587	0.706877105647	1359484666.994193
0.178412677317	-0.116742221118	0.704264234602	-0.680285919527	-0.0752108071128	0.110532126978	0.720650436128	1359484667.026811
0.155617258599	-0.145516996412	0.741734784152	-0.681620416925	-0.0635260237966	0.0991441635166	0.722169292044	1359484667.061625
0.160467711158	-0.139411678258	0.746320527255	-0.673718883121	-0.0603850713573	0.101035590997	0.729553506629	1359484667.091327
0.133762253583	-0.164324661522	0.760010417911	-0.658450366399	-0.0483220360026	0.100297580269	0.744344336459	1359484667.161893
0.122775483966	-0.181835935437	0.758035072444	-0.652416141915	-0.0510810159657	0.095217657289	0.750118327544	1359484667.193226
0.0765258373667	-0.189231108001	0.677510441174	-0.631993648152	-0.0449010425907	0.0846077371577	0.769031505131	1359484667.226191
0.121495082389	-0.186930454789	0.694694502947	-0.651903396747	-0.0560397462117	0.0963333814665	0.750067588801	1359484667.291620
0.124163114647	-0.189414710136	0.723831562307	-0.674149045511	-0.0594194828405	0.090275119706	0.730645462764	1359484667.325829
0.156836073504	-0.161337370006	0.762583260665	-0.683131002138	-0.0688885627827	0.0991682404659	0.720244444559	1359484667.425633
0.164552250068	-0.157036202617	0.759912346148	-0.679601913739	-0.0715624489398	0.0996018675672	0.723256194389	1359484667.459653
0.156093675665	-0.164446565582	0.757238226983	-0.675324032608	-0.0721683047088	0.0947320940889	0.727842714552	1359484667.527338
0.155378727911	-0.162815690942	0.759540555598	-0.675833085911	-0.0758877436932	0.0870487034432	0.727951381325	1359484667.562598
0.143750628058	-0.167111343555	0.77347536137	-0.681502010518	-0.0741476182212	0.0843936924735	0.72314234079	1359484667.592219
0.133204121227	-0.162016539624	0.738784493597	-0.683595285622	-0.0780864850348	0.0792623286406	0.72133034706	1359484667.658336
0.112217020422	-0.164554368289	0.727356094741	-0.690804363288	-0.0702345376455	0.0655218858946	0.716633325944	1359484667.691443
0.214990351614	-0.130931575379	0.715199032954	-0.692158766107	-0.0929268165987	0.0762958840859	0.711659881776	1359484667.724361
0.191274140089	-0.128646725516	0.745120673177	-0.702590442578	-0.0791584980167	0.0654288283756	0.704144637562	1359484667.759242
0.198390675242	-0.125240673013	0.747476856957	-0.70388714621	-0.0765756575534	0.0645322138361	0.703217354342	1359484667.793028
0.192216641406	-0.12604513192	0.750471378816	-0.706689892082	-0.0741320399108	0.0590102980815	0.701150213441	1359484667.826172
0.197162712331	-0.112963577833	0.742702845769	-0.706797023467	-0.0758773637049	0.0566210537051	0.701052529824	1359484667.858840
0.235932389546	-0.0717527299881	0.748061499412	-0.705460718087	-0.0786947468257	0.0608450715746	0.70173370257	1359484667.926287
0.240815535202	-0.0529974759671	0.746453483214	-0.693389077083	-0.0506818963866	0.0631045072527	0.716003320052	1359484667.957865
0.218552651375	-0.0544643048129	0.753095666536	-0.687475100119	-0.0296502756517	0.053759326623	0.723608169295	1359484668.024723
0.220643024074	-0.057535304543	0.755314180281	-0.680081272026	-0.0209142875411	0.0482806647273	0.73124621943	1359484668.058542
0.219777120325	-0.0502167094356	0.865188127474	-0.69668342498	0.0109084662686	0.0494330627454	0.715590373768	1359484668.090595
0.221329866237	-0.0433173945996	0.884186190511	-0.696157819666	0.0230814631039	0.0448764491047	0.716112868544	1359484668.159731
0.260078836786	-0.0313224661337	0.889869693518	-0.683513063186	0.0282958073358	0.0397919823811	0.728303396861	1359484668.190765
0.263141158476	-0.024685133447	0.914901101081	-0.672114645993	0.0272947112319	0.0216883846815	0.739625929339	1359484668.291308
0.266870822254	-0.0191702551974	0.939355033186	-0.669958548862	0.024622583417	0.0107027956472	0.741912879897	1359484668.331451
0.273523824984	-0.0183903318552	0.930471238707	-0.65931362744	0.0164382772403	0.00042541964206	0.751688195152	1359484668.360810
0.269628069686	-0.0204690739293	0.936024132964	-0.654755844255	0.0116987355786	-0.011320513877	0.755665117605	1359484668.425516
0.273136296795	-0.00916503364733	0.94341273315	-0.647649125865	-0.0040919335213	-0.026854827304	0.76145432174	1359484668.460513
0.271085589171	0.00221230492037	0.951787721209	-0.65612570823	-0.025761247519	-0.0406702770393	0.753114428019	1359484668.524004
0.27638441543	0.00324559800387	0.960263766802	-0.668928187592	-0.0374473756651	-0.0445812939196	0.741043373989	1359484668.557612
0.246653694147	0.00465828764178	0.954828855754	-0.679759753781	-0.0316680038929	-0.050443170057	0.731012517857	1359484668.591976
0.318039297036	0.0440601961997	0.656440517006	-0.696797863357	-0.0346928922453	0.0167567270273	0.716232052444	1359484669.358328
0.287317789769	0.0238147065118	0.70189695194	-0.699736324554	-0.0288180442345	-0.00515721019508	0.713801092469	1359484669.390563
0.285739732729	0.0246898913853	0.722445625053	-0.694761621711	-0.0314189370194	-0.018150652803	0.718324225678	1359484669.423884
0.293078654726	0.020151012684	0.765929100579	-0.695750193833	-0.0381323797227	-0.0338382235831	0.716472305133	1359484669.456630
0.308077285684	0.0140912176238	0.825222475625	-0.6915786939	-0.0592120301447	-0.0552238184042	0.717748685482	1359484669.525016
0.326314449213	0.00579288762714	0.782946699325	-0.677165447143	-0.0703433828494	-0.0527897788966	0.730555956056	1359484669.558242
0.322780932675	0.00551983393461	0.741052844386	-0.667323714627	-0.0742052528941	-0.0538690159751	0.739101325568	1359484669.590949
0.339868956099	0.0087570097464	0.695629154702	-0.667154930143	-0.0863866570939	-0.0391588964588	0.738856024873	1359484669.657097
0.27639828854	0.0111078432222	0.784000981084	-0.710621899902	-0.0671578846498	-0.0461550736883	0.698839068085	1359484669.690606
0.31259617308	0.0599255524744	0.691786764955	-0.691143081181	-0.0653792814441	0.0138535304638	0.719621338335	1359484670.394269
0.301088395229	0.0390124467639	0.724586790231	-0.691655904089	-0.0701696636567	-0.00719949255818	0.718774301119	1359484670.459702
0.288371721948	0.0281213609958	0.747205609304	-0.684686652159	-0.0863198533095	-0.0443827593903	0.722345652682	1359484670.525452
0.28231405336	0.0286365756362	0.78892198886	-0.68881686267	-0.09589362214	-0.0629493568928	0.715802431821	1359484670.558851
0.276996918864	0.0235813017026	0.781294587568	-0.684265192228	-0.0953491489297	-0.0662020143663	0.719935399739	1359484670.592241
0.271997508862	0.0238924201639	0.797158000811	-0.692991916201	-0.0937766572795	-0.0524968767349	0.712890048017	1359484670.659734
0.269834179989	0.0184032087219	0.774281981292	-0.69369321453	-0.0891621553124	-0.0400062059113	0.713610073964	1359484670.692010
0.206591271451	-0.012200186298	0.657054444764	-0.672536310045	-0.0621548654973	-0.0479468850171	0.735889108891	1359484670.724156
0.266601319133	0.0258974385609	0.580983768323	-0.714815606112	-0.0143115832858	0.0387792201526	0.698090251993	1359484671.296239
0.26595156744	0.0305853412143	0.63316967893	-0.720125062102	-0.0246607738834	0.0348404816835	0.692530058553	1359484671.325843
0.266282631261	0.0254998726872	0.68662119969	-0.726755494823	-0.0347756602233	0.0276763159741	0.685456873723	1359484671.394817
0.283897738807	0.0288669536905	0.703984863743	-0.715833040594	-0.0642378135146	0.00906878006498	0.69525126288	1359484671.427021
0.273322732285	0.0244964787432	0.710637727452	-0.706289471338	-0.0774468856546	-0.0162999266943	0.703485234364	1359484671.526357
0.26917180899	0.0171517507817	0.731987175807	-0.707518044667	-0.0832635780308	-0.0268046014275	0.701260940297	1359484671.560145
0.261135756631	0.0168221279046	0.713800542223	-0.70034375266	-0.0914692905631	-0.0305143575662	0.707262943307	1359484671.592756
0.236302116352	0.00139307679669	0.707257301913	-0.710347454196	-0.0912409522492	-0.0178665281683	0.697683574496	1359484671.658443
0.221754351934	-0.00519464849283	0.701795038742	-0.719927237929	-0.0871466409786	-0.00489085951579	0.688539261442	1359484671.690995
0.20378019667	-0.003980489946	0.64659129161	-0.716343121375	-0.0781569288418	0.00644549918488	0.69332711073	1359484671.724310
0.265530974643	0.0326728876415	0.49239773901	-0.697130698681	-0.0241686654373	0.0497063898554	0.714810421983	1359484672.293954
0.25177708385	0.0308358629819	0.493417776993	-0.684755989396	-0.023386376629	0.0399635238705	0.727299958156	1359484672.324601
0.268141828508	0.041688811807	0.657623569918	-0.712435976923	-0.0360887644845	0.0427027413542	0.699506294285	1359484672.392264
0.255271499372	0.0252264779271	0.697490700426	-0.715085597207	-0.0393746821054	0.0327327393067	0.697159085757	1359484672.424946
0.249348347287	0.0343509930364	0.721649007567	-0.713717395938	-0.0469167004485	0.0238579864105	0.698453361678	1359484672.458087
0.232555807504	0.0291226302715	0.768302770306	-0.706510384091	-0.0474844528314	0.00767414022048	0.706066152342	1359484672.558272
0.234697761424	0.0195674952756	0.83338459951	-0.697914939754	-0.0422347809285	0.0108011134228	0.714852639428	1359484672.590999
0.226132621561	0.0200442219168	0.842112019269	-0.695647296119	-0.037129015863	0.0125600240152	0.71731340527	1359484672.658218
0.231930508536	0.0223849857416	0.875896187801	-0.699082391144	-0.0239847264011	0.0239629287744	0.714236880409	1359484672.692674
0.249502837123	0.0276069450279	0.886220936061	-0.689124236397	0.00540883369816	0.0348885482576	0.723782647297	1359484672.793110
0.267853479863	0.0308477337526	0.911918820387	-0.692447879268	0.00918645754289	0.0379035413605	0.720412982287	1359484672.824086
0.284098923513	0.0386183411644	0.927046382246	-0.692746579859	0.0134755002448	0.0351380152003	0.720198519072	1359484672.891246
0.295373038856	0.0473785156189	0.889504597077	-0.674337240986	0.028412297623	0.0269371113624	0.737384851211	1359484672.924428
0.304585946153	0.0525842760572	0.893007382631	-0.67543993588	0.0361752440985	0.0253872579703	0.736089486316	1359484672.957387
0.309772059909	0.071468389446	0.838117171169	-0.660776259328	0.047740492154	0.0191050988752	0.748819454684	1359484673.024399
0.306513630116	0.0803928489349	0.836911458933	-0.662978438871	0.0480858906945	0.0105805171228	0.747017663356	1359484673.057170
0.319404441971	0.08727596377	0.849770501134	-0.673322745908	0.0371695441443	-0.00160094428208	0.738412040671	1359484673.091541
0.321599407073	0.113850691142	0.757989321644	-0.657859260779	0.017441812047	-0.0151712251961	0.752786032101	1359484673.157962
0.322994749914	0.119000564354	0.784882873539	-0.675908357374	0.00956945086169	-0.0145768005664	0.736779366519	1359484673.191487
0.322137065248	0.132445922852	0.785911555165	-0.684156650651	0.00464118163847	-0.0185228115866	0.729085072028	1359484673.224833
0.328444794562	0.151762446855	0.792596121715	-0.693876333437	-0.00559490932295	-0.0315618731219	0.719380413308	1359484673.291735
0.340068285591	0.161277059755	0.805427640734	-0.699512917951	-0.0091269836749	-0.0350848670659	0.713699816373	1359484673.324831
0.342431131331	0.176543155996	0.79620964071	-0.697448674284	-0.00618838593177	-0.0419693545811	0.715377958771	1359484673.358054
0.340910906809	0.188841354162	0.796350530145	-0.697645359235	-0.000909431049303	-0.0493848979777	0.71473859384	1359484673.391183
0.360096002337	0.198585419346	0.78539120444	-0.693629991913	-0.00157459971998	-0.048191317592	0.718715904835	1359484673.424436
0.368831956276	0.206410143806	0.8007408354	-0.699057534326	0.000105992193998	-0.0520718823218	0.713166931047	1359484673.457675
0.386149263021	0.22866851467	0.797432680808	-0.701529979206	0.00240146146591	-0.067590703323	0.709423299647	1359484673.557651
0.389857406395	0.243404691078	0.801743569932	-0.705087110708	0.00691842353007	-0.0750684091971	0.705102145557	1359484673.591058
0.429772966413	0.288112182426	0.802304183191	-0.704693754277	0.0211923258151	-0.104139294077	0.701507380887	1359484673.656998
0.42871774426	0.301841902211	0.810256310261	-0.708431515907	0.0330898871175	-0.111831402967	0.696077283031	1359484673.724228
0.454356019176	0.326272906876	0.789397545156	-0.699405000632	0.0495295795234	-0.118581518759	0.70307744186	1359484673.791129
0.471124953562	0.331882903551	0.787366734043	-0.698242441547	0.0508896218009	-0.121186311202	0.703691421856	1359484673.825209
0.484520089158	0.341781135549	0.782293117973	-0.696010170249	0.0555742355019	-0.122796411726	0.705267600649	1359484673.857809
0.483817171464	0.355088399614	0.787260356278	-0.698242171699	0.0621465140355	-0.130171891183	0.701178264923	1359484673.893992
0.514767339846	0.37807790158	0.780410764931	-0.696637499936	0.0626051593239	-0.136058222072	0.701615954719	1359484673.924611
0.515317093759	0.394560007235	0.772762338617	-0.692796114009	0.0695047362332	-0.144697580906	0.703040003225	1359484673.990098
0.548681403343	0.411664602852	0.754645575106	-0.686643699851	0.0751340413466	-0.142931034314	0.708834271685	1359484674.023307
0.566469400394	0.419611895486	0.750296392995	-0.686909631843	0.0776303244243	-0.141495749406	0.708595542825	1359484674.058390
0.572387451106	0.440000156464	0.738554253393	-0.685706692822	0.0855465599468	-0.145039757668	0.708132463735	1359484674.134826
0.622202433873	0.452171555121	0.707494381	-0.684940434546	0.083625339303	-0.126076377524	0.712718844132	1359484674.157091
0.64361574066	0.461156985185	0.691763776195	-0.687112051452	0.0789749171955	-0.120728704421	0.712084665705	1359484674.225727
0.699386184345	0.501768181944	0.64679975225	-0.696608470986	0.0663536130542	-0.104674981989	0.706666105265	1359484674.290741
0.728557407536	0.512909400998	0.626667884801	-0.695719408636	0.0572623461355	-0.0902583368778	0.710316099202	1359484674.325554
0.765625276807	0.559184965502	0.68355881643	-0.757747179181	0.0291829908186	-0.103130381162	0.643686018158	1359484674.423805
0.794616173938	0.567954252464	0.689974938896	-0.771176193753	0.0113173124552	-0.103687294467	0.62801922072	1359484674.457199
0.822636627584	0.585017451883	0.725516189084	-0.800655987996	-0.00678134135772	-0.102146887568	0.590313489306	1359484674.523441
0.832859252215	0.589232222787	0.686279275228	-0.792570493423	-0.00169647059549	-0.104664522645	0.600728285202	1359484674.556587
0.85158801469	0.598788223692	0.669221157368	-0.794023595076	-0.00529905055985	-0.10538304339	0.598659222506	1359484674.589596
-0.213940013083	0.193561635375	0.604015469229	-0.748318532224	0.0699214604424	-0.0887530401758	0.653646128696	1359484692.259710
-0.175781856785	0.119650522508	0.473501184321	-0.699850391722	0.0717278302033	-0.0849053281111	0.705588855382	1359484692.693188
-0.127356611372	0.123617033494	0.452824566446	-0.694346154777	0.0650430712632	-0.0706862708242	0.7132014213	1359484692.725145
-0.13239081773	0.12152280557	0.465050834396	-0.69890900281	0.0736712954252	-0.0764279722146	0.707288845582	1359484692.759333
-0.0170862525217	0.156833205001	0.536792104703	-0.729514388551	0.0582716962978	-0.0435889155713	0.680083210164	1359484692.857645
-0.0249757550343	0.175930986766	0.525291364657	-0.726007226837	0.066697726543	-0.0491994782626	0.682674396175	1359484692.891288
-0.0184846203023	0.202038644609	0.512379947264	-0.724341726327	0.0703432243387	-0.0450880770815	0.684359525101	1359484692.924134
0.000260060887514	0.25691637269	0.516607171477	-0.728483916974	0.070641192921	-0.0308103826581	0.680714128613	1359484692.993117
0.00806997316333	0.272236162783	0.512736873586	-0.725226865381	0.0655638015082	-0.0241644879101	0.684955078225	1359484693.024161
0.00673621760265	0.280966420522	0.515320093268	-0.725018126661	0.0653471563784	-0.0179478020386	0.685387730827	1359484693.058475
0.0060040773954	0.291109134794	0.51265864795	-0.723688376498	0.0693748206713	-0.00636720535464	0.686601577827	1359484693.092278
0.0173193589561	0.290837099722	0.528660399925	-0.730499241498	0.070465598457	0.0110882089156	0.679177818563	1359484693.125889
0.00600854807157	0.290819503847	0.524077461691	-0.727873080817	0.0742869265712	0.0158231864151	0.681492375257	1359484693.158654
-0.00236963888858	0.291454951446	0.529654080646	-0.731386642112	0.0730526579912	0.0180916708985	0.677797595411	1359484693.192218
0.010418274154	0.301869667959	0.526572623089	-0.732897913119	0.061573096287	0.0273828359068	0.676993045058	1359484693.224506
-0.0179919342387	0.295330998313	0.514859485201	-0.729491974432	0.0678854129019	0.022271295438	0.680247763212	1359484693.257562
-0.00542356784778	0.30102273838	0.517380611085	-0.732836489201	0.0578924909447	0.0330263378489	0.677132483784	1359484693.291578
-0.00490865175948	0.312994493865	0.524983883357	-0.737204306598	0.0516727867949	0.0381798061023	0.672608382228	1359484693.327710
-0.0111537289457	0.311553364844	0.51901105238	-0.732578898908	0.0470807884606	0.0373515025185	0.678023909233	1359484693.358855
-0.0115146299925	0.315012249586	0.511294517021	-0.72347108369	0.0387686417325	0.0341277861227	0.688419841155	1359484693.391735
-0.00386217327839	0.320272933215	0.508017334625	-0.716169952752	0.0343943825588	0.0373124571252	0.69607859166	1359484693.423950
-0.006332882635	0.311516525823	0.508650085105	-0.704895234341	0.0391066904196	0.0290899062751	0.707634900723	1359484693.490705
-0.0188748732096	0.301996976403	0.510430224469	-0.70235811645	0.0451491863296	0.0146518551383	0.710239361322	1359484693.525306
-0.0152849292004	0.285397139644	0.517523880117	-0.705775421551	0.0540137563346	0.00566329247068	0.706350830381	1359484693.559355
-0.0164444889004	0.269935473011	0.522288212209	-0.70837323934	0.054223669491	-0.0033540558413	0.703744199098	1359484693.591872
-0.0188009892695	0.25344659119	0.528368447391	-0.713163137462	0.0593195348904	-0.00552801509505	0.698461862377	1359484693.624148
-0.0298119691022	0.239917812225	0.526587268941	-0.715202164807	0.061673295687	-0.014121884728	0.696048015891	1359484693.657549
-0.0187398771424	0.224495829022	0.530034185729	-0.720763363537	0.0560852437729	-0.010703610008	0.690825630638	1359484693.692108
-0.0242020417606	0.216191850111	0.541835481708	-0.72785337305	0.0543271216044	-0.0152905190656	0.68340634415	1359484693.725121
-0.0195547058219	0.217169392815	0.538013882365	-0.728842033907	0.0461610710308	-0.0156405304348	0.682944960402	1359484693.791398
-0.0192785389802	0.216034467587	0.542357018801	-0.728717547634	0.0414062409869	-0.0177824846604	0.683330112184	1359484693.824935
-0.0256869946768	0.211958272129	0.587627617852	-0.735133348175	0.0378038918321	-0.0287815702459	0.676255460147	1359484693.891612
-0.0280828511588	0.204881208288	0.604991644105	-0.735361887262	0.0367125258985	-0.0338232474216	0.675833613501	1359484693.924701
-0.0383354105081	0.2122642693	0.619100770783	-0.735862912749	0.0417825287885	-0.0411339795823	0.674587273562	1359484693.958603
-0.0296635239594	0.210585265646	0.619205470688	-0.730329746269	0.0421410967127	-0.0409984304165	0.680559856578	1359484693.990954
-0.0231718002615	0.207303320855	0.611532685756	-0.723817392501	0.0460476216908	-0.036547901196	0.687482545064	1359484694.027457
-0.0353282687055	0.195908364973	0.627169799793	-0.726969559486	0.0534025241495	-0.0414393791884	0.683334623627	1359484694.058529
-0.0142212544861	0.179054635475	0.565313716745	-0.703830051807	0.0490975345552	-0.0316295734741	0.707963459761	1359484694.092049
0.012751885953	0.183821561227	0.565375602097	-0.704847394264	0.0383794117771	-0.0230656825093	0.707944309845	1359484694.124796
-0.00795510485651	0.172829701807	0.592994119619	-0.716632545783	0.0474157063604	-0.0381328914237	0.694791643377	1359484694.258014
-0.00157840935068	0.169878676929	0.573522857516	-0.717009978134	0.0448648357213	-0.0397373046977	0.694481665983	1359484694.291599
-0.0100532000241	0.167328577777	0.588894204135	-0.724945521565	0.0465643188652	-0.0426696831381	0.685904551022	1359484694.323996
-0.00169727383144	0.164549113932	0.587446983965	-0.727802261677	0.0408922983081	-0.037830847234	0.683520676231	1359484694.358131
0.0069046353352	0.167553343883	0.592403594863	-0.730945415563	0.0309635474412	-0.0356228946637	0.680801782881	1359484694.390618
-0.00045663922992	0.170108258921	0.596553560492	-0.733415705684	0.0269638629933	-0.0387984288235	0.678136442516	1359484694.490644
0.0121697527337	0.174482849982	0.594969623069	-0.733986440295	0.0118428781201	-0.0261401080135	0.678557548373	1359484694.558728
0.00785915571845	0.184501544654	0.590698926818	-0.73275891002	0.00479510017165	-0.0275148664369	0.679914935065	1359484694.594172
0.0338772337936	0.240536940212	0.602252409671	-0.741450841946	-0.0185670307242	-0.00689461787485	0.670714826578	1359484694.657436
0.0386289492677	0.268375785881	0.611172077457	-0.747091985503	-0.0330524861468	-0.00277788406958	0.663892598028	1359484694.691337
0.0427984360103	0.276169628406	0.610656370518	-0.749199282355	-0.0437049131811	0.00550271574504	0.660878230843	1359484694.723870
0.0415378493509	0.285308820477	0.626061154415	-0.758862411701	-0.0524282211154	0.0141922537199	0.648982050347	1359484694.757199
0.0860986029785	0.146521034363	0.599593005048	-0.742068847172	-0.102683047089	0.115192437487	0.65231949246	1359484710.660536
-0.11019096249	0.0678761658967	0.515164261775	-0.708037626562	-0.0339385402198	0.048553427465	0.703685625504	1359484710.691907
-0.104967038306	0.0672429671512	0.49888033594	-0.698940903519	-0.0351484067905	0.0501748523135	0.712550831228	1359484710.759514
-0.12200484514	0.0544933892648	0.518693524814	-0.703908406261	-0.0304305587563	0.0424339593048	0.708368756924	1359484710.792100
-0.102669819156	0.0607527547447	0.500769185667	-0.698923502071	-0.0390958625828	0.0435589066471	0.712797357903	1359484710.825141
-0.108178600557	0.0565536808502	0.503288464041	-0.70117738556	-0.0391811462742	0.0382046790709	0.710883615125	1359484710.858146
-0.154276601126	0.0467155067084	0.466193121105	-0.690181804596	-0.0251799575664	0.0204663751909	0.722908136507	1359484710.890704
-0.128277931002	0.0448716637734	0.527177058009	-0.710146132828	-0.0349872589709	0.0262904665262	0.702692801378	1359484710.958390
-0.12179286726	0.0437928132626	0.528204508756	-0.710696407738	-0.0380030852886	0.0268823679903	0.701957064092	1359484710.992370
-0.118935801372	0.0300040441049	0.538517031902	-0.714255744896	-0.0375957615244	0.0281987814783	0.698305175637	1359484711.025171
-0.11345650291	0.0267009767673	0.527446566289	-0.710747617273	-0.0386891133736	0.0296573821837	0.7017559524	1359484711.058403
-0.109464579186	0.0202579014107	0.525507184998	-0.710302562867	-0.037307247899	0.0336557997061	0.702100936892	1359484711.091476
-0.158343305738	0.0123176557244	0.541316424917	-0.716610192703	-0.0197428709714	0.019553943173	0.696920148988	1359484711.125270
-0.132390069824	0.0104762417518	0.553738623779	-0.721686294541	-0.0258513147098	0.0289898214903	0.691129649233	1359484711.159350
-0.118502348113	-0.00129462495968	0.557343416531	-0.724108203683	-0.0302791370507	0.0333021952451	0.688216133936	1359484711.191454
-0.126437088425	-0.00766577501381	0.550618002728	-0.72359864191	-0.0283552569203	0.0312869652308	0.688928233299	1359484711.224673
-0.122552841341	-0.0143719105145	0.569224069307	-0.72921817675	-0.0300825002794	0.0314987999986	0.682893637013	1359484711.258544
-0.1032511431	-0.00987949314888	0.517771749388	-0.712849460383	-0.0354918327738	0.036272271343	0.699478590787	1359484711.360549
-0.123690093771	-0.0295789929296	0.524187940681	-0.713864227608	-0.0275613391819	0.0317643878728	0.699020214863	1359484711.393985
-0.121113277489	-0.0404262089952	0.537979574423	-0.717244297784	-0.0291909425964	0.0317931308655	0.695483790607	1359484711.428469
-0.123939578848	-0.0551847864145	0.56603759778	-0.723933525114	-0.0290655861176	0.0299670059529	0.688605417836	1359484711.460370
-0.126210994729	-0.0616945817055	0.548995299726	-0.718288389077	-0.0298800752574	0.0276771579373	0.694552335068	1359484711.529189
-0.119195236441	-0.0742512022468	0.579562565398	-0.726114780939	-0.0330559201954	0.0284703847534	0.6861880706	1359484711.563494
-0.133814366099	-0.0793070867032	0.579380478112	-0.725503656946	-0.0322013787213	0.0213211348392	0.687133847351	1359484711.593833
-0.122433459328	-0.103958516866	0.598614181596	-0.7308576788	-0.042847820671	0.0180246248889	0.680945100944	1359484711.627372
-0.136648531617	-0.111170584679	0.598751087738	-0.732668683456	-0.0425144926822	0.010890936897	0.679168981689	1359484711.659178
-0.144538284737	-0.122515490407	0.623063021781	-0.741376451112	-0.0428725104311	0.00686913903406	0.669683298668	1359484711.692231
-0.14954056203	-0.129566412803	0.609082323971	-0.739585494325	-0.043232671893	0.00498319164013	0.671654226865	1359484711.760035
-0.132709820959	-0.141323332387	0.597901052124	-0.738256071734	-0.0489500310102	0.0096457802175	0.672672896686	1359484711.793860
-0.140560791312	-0.160082497145	0.596137450804	-0.742344423863	-0.0453798899636	0.0128018980902	0.668357339566	1359484711.825288
-0.127575211819	-0.170597722684	0.596897622304	-0.744454652304	-0.0475178596605	0.0193132474479	0.665699873929	1359484711.859122
-0.132930330599	-0.177323637981	0.609943982767	-0.750078615691	-0.0439820029788	0.0224383762644	0.659502974191	1359484711.926127
-0.145919552911	-0.185679787933	0.612738250273	-0.753012861312	-0.0388512949947	0.022296831762	0.65647929051	1359484711.960839
-0.137314223499	-0.201774578149	0.589079047602	-0.748356480773	-0.0406163180581	0.0297264744519	0.661384327837	1359484711.991476
-0.128990096115	-0.207398352747	0.582120727975	-0.745626766891	-0.0442639475293	0.0324710711543	0.664098680155	1359484712.024930
-0.133813984517	-0.214614428848	0.590276959023	-0.747294073339	-0.0435547772272	0.0329220873875	0.662246695344	1359484712.092558
-0.154276120092	-0.232264489928	0.597866299149	-0.749947908483	-0.0384945229595	0.0319471662222	0.659602671943	1359484712.126666
-0.153515192666	-0.245237997056	0.582091122319	-0.746691136289	-0.0384336184547	0.0359009052018	0.663088477479	1359484712.191930
-0.161136679656	-0.25515316461	0.605884657627	-0.752832804728	-0.0365863162821	0.0364023523115	0.656185246964	1359484712.225060
-0.164226934169	-0.256666130363	0.594805398979	-0.750821850057	-0.035086611568	0.0382389531107	0.65846280201	1359484712.258067
-0.160762360401	-0.268726353709	0.589562178544	-0.750720837121	-0.0364960507193	0.0421289841373	0.65826393771	1359484712.358477
-0.156193289961	-0.271950398399	0.603124661826	-0.754761180942	-0.0371992901519	0.0446833963048	0.653418064221	1359484712.392291
-0.169008877983	-0.279495082246	0.580523261296	-0.752095909811	-0.032077836357	0.0464614603269	0.656630860959	1359484712.425683
-0.170469870921	-0.283866172625	0.583325891091	-0.753347371878	-0.030576690742	0.0483054992649	0.655133102513	1359484712.461450
-0.156091103903	-0.292279782985	0.59721846148	-0.756540223992	-0.0360521817445	0.0522320649653	0.650860154767	1359484712.493737
-0.172200286926	-0.28683822658	0.587164236742	-0.754084480462	-0.032071837544	0.0487664047825	0.654178745701	1359484712.524161
-0.158376153499	-0.304231795534	0.593117397482	-0.7545991065	-0.0387491726175	0.0504336369356	0.653096576592	1359484712.558537
-0.140475876955	-0.2916966216	0.607007909027	-0.757668728185	-0.0440902531045	0.0550539570899	0.648816776694	1359484712.591764
-0.178746215451	-0.288037134063	0.629424916068	-0.764212357605	-0.0342898437165	0.0471416330247	0.642324953227	1359484712.624214
-0.18289521488	-0.288109800974	0.579559842275	-0.756066439639	-0.0355146659562	0.046582828798	0.651868305269	1359484712.691995
-0.182622215434	-0.28383632037	0.618039698988	-0.766155779637	-0.0359709769983	0.048325956572	0.639824985495	1359484712.724900
-0.172456536996	-0.291427893893	0.595616896415	-0.761785464519	-0.040437842678	0.050402391529	0.644598546271	1359484712.759976
-0.182297068613	-0.278342911444	0.587033429053	-0.761563501386	-0.0419373763192	0.0470665719474	0.645017075456	1359484712.791624
-0.17636496396	-0.273061206623	0.569024373449	-0.75735801716	-0.0459714835699	0.0485695719017	0.649566357832	1359484712.824549
-0.189450038744	-0.269361355589	0.564766336454	-0.756276937208	-0.0442051030263	0.044695828438	0.651224528127	1359484712.857683
-0.191900279184	-0.261518827354	0.586338732664	-0.760780546265	-0.0454888530097	0.0443629771075	0.645891361561	1359484712.891660
-0.131032815186	-0.249307183915	0.573953838006	-0.755409746717	-0.0630759259702	0.0592917594986	0.649509067976	1359484712.957819
-0.147373948064	-0.255352553611	0.553164479493	-0.749095894019	-0.0608245863826	0.056015640681	0.657280730932	1359484712.991454
-0.162605508739	-0.234189677307	0.569193264242	-0.749014158961	-0.0588900958525	0.0551718000784	0.657621333872	1359484713.025740
-0.173643804029	-0.230551702364	0.552004315164	-0.742716829103	-0.0569079464792	0.0538285345777	0.665008034733	1359484713.059093
-0.134468341334	-0.217208419243	0.584817483864	-0.747881537543	-0.0672388818162	0.0669899414587	0.657011785524	1359484713.092878
-0.166728500871	-0.212478703201	0.57945115727	-0.745498288425	-0.0592465684899	0.0602098847546	0.661133054578	1359484713.127395
-0.207778327107	-0.208825112357	0.561322607501	-0.740650451414	-0.0497598474593	0.0511022432212	0.668093875993	1359484713.157701
-0.185927166693	-0.187286927129	0.608148729488	-0.749644799837	-0.0564198619398	0.060760143041	0.656625980504	1359484713.227842
-0.193081269276	-0.176617522086	0.58449771519	-0.741398950394	-0.0550213967619	0.0606554799698	0.666048913371	1359484713.294604
-0.219971430824	-0.165865753501	0.581950485455	-0.73792233647	-0.0495962552269	0.0542888463403	0.67086776489	1359484713.328064
-0.144352153494	-0.148952205329	0.594428304568	-0.734924802883	-0.0716962165845	0.0754987998763	0.670108288154	1359484713.361244
-0.199045129965	-0.141564762015	0.576047785636	-0.727867159431	-0.0578727198074	0.0627080877051	0.680388008611	1359484713.395180
-0.15983063671	-0.128499554386	0.595184947467	-0.724532010129	-0.0728200048464	0.0727680620083	0.681509664161	1359484713.430113
-0.200476555132	-0.119209441279	0.603108126713	-0.725471265959	-0.0632129723026	0.0616469557074	0.682565172898	1359484713.459990
-0.185953533001	-0.112265526946	0.600638378723	-0.722818241152	-0.0683440035101	0.0647941165696	0.684590833929	1359484713.494794
-0.207135428798	-0.0944409650104	0.619442385194	-0.726879936976	-0.0632935747836	0.0590608864472	0.681286497961	1359484713.529119
-0.180752444293	-0.089185757378	0.603589384273	-0.721564325416	-0.0713551896173	0.0662162582047	0.685469742841	1359484713.595476
-0.175770818874	-0.0743104955509	0.608642787072	-0.720836424977	-0.0741045615827	0.0659634137158	0.685968068083	1359484713.626024
-0.175551022926	-0.0652189484198	0.617524255441	-0.719208238966	-0.074637304982	0.0657788907662	0.687635018914	1359484713.659257
-0.191098532349	-0.0600884754712	0.633154699031	-0.719706194674	-0.0705089986004	0.0606077902855	0.688024832562	1359484713.692407
-0.187596473882	-0.0485251305312	0.626229642919	-0.710272748271	-0.0737439761576	0.0592389953958	0.697542249952	1359484713.724717
-0.198222984351	-0.0424638049139	0.637467732011	-0.71167202432	-0.0700192185128	0.056629421759	0.696716116816	1359484713.792896
-0.201898011984	-0.0360420508064	0.630160396778	-0.708534718611	-0.0689892774597	0.0565746310972	0.700013102188	1359484713.826323
-0.192996864505	-0.0255654804139	0.622884272563	-0.706131174448	-0.0698417021139	0.0615755681358	0.701932582608	1359484713.858889
-0.201070632611	-0.0239486310538	0.643636318695	-0.713222983899	-0.0658889441061	0.0610654956011	0.695156548937	1359484713.892383
-0.216322558596	-0.0180317311764	0.659090085247	-0.719082139765	-0.0588808441294	0.0590616289202	0.689902635489	1359484713.925176
-0.233761797784	-0.0106650109822	0.679725767158	-0.726133707428	-0.052483233861	0.0551432530056	0.683326108639	1359484713.993125
-0.208810838988	-0.00874401387598	0.644683805684	-0.71545701315	-0.0591422074866	0.0633943352622	0.693256532523	1359484714.028398
-0.206411430666	-0.000856988620969	0.647699655121	-0.717383566613	-0.0601088781998	0.0646878304012	0.691059495061	1359484714.058760
-0.214562069777	0.00374923389392	0.668675405959	-0.724785150087	-0.0569057276602	0.0629724778637	0.683727059143	1359484714.091625
-0.214020029355	0.00518053608274	0.651960934281	-0.720672853341	-0.057449645769	0.0630467744825	0.688008198269	1359484714.124219
-0.210308949876	0.005543665048	0.650366014361	-0.720675276661	-0.0582452474605	0.0644867090021	0.687805278491	1359484714.158175
-0.207214379374	0.0108337746078	0.668555826183	-0.725645738227	-0.0594196240834	0.0661386317763	0.682299972339	1359484714.191126
-0.215321206659	0.0135726871984	0.678265327197	-0.72861661561	-0.0572152110063	0.0635704223571	0.679560923309	1359484714.224781
-0.215835203397	0.0187883038604	0.680709128561	-0.729038059501	-0.0565902545563	0.0638273841005	0.679137037665	1359484714.257918
-0.233368383204	0.0259891805475	0.698369572669	-0.732515429347	-0.0506506445885	0.0591967220266	0.676277610211	1359484714.358361
-0.236960227885	0.0241902437913	0.699577102519	-0.73125944371	-0.049590467927	0.0581463934519	0.677804845368	1359484714.391407
-0.205720865119	0.0275783213575	0.671701304664	-0.719485117598	-0.059470587227	0.0682143217366	0.688586393359	1359484714.424603
-0.219595434766	0.0314997617103	0.710669772611	-0.730498678021	-0.055623869427	0.0634256040651	0.677683450667	1359484714.457719
-0.239126844628	0.0363893345008	0.729278253501	-0.735620052655	-0.0499991078022	0.057148717018	0.673124989504	1359484714.491860
-0.206954798335	0.0326379486933	0.70228413131	-0.725478101475	-0.0616127873351	0.0657646965733	0.682319861503	1359484714.524986
-0.205638035623	0.0345682147006	0.694526190363	-0.722393983739	-0.0637888045643	0.0653360289717	0.685426235264	1359484714.558874
-0.214407960618	0.0333953641924	0.70545727516	-0.72559504582	-0.0618658272644	0.0619962369466	0.682525395501	1359484714.591916
-0.238483791766	0.0378959773089	0.73934633603	-0.736241347153	-0.0543885591115	0.0544005825308	0.672332611139	1359484714.625563
-0.235140560992	0.0386271200928	0.742546855726	-0.738054388017	-0.0564849916517	0.053910790269	0.67020802199	1359484714.658513
-0.239238740727	0.0390563934146	0.740148700383	-0.739319888126	-0.0560852551327	0.0512353016066	0.669055671112	1359484714.693870
-0.208727539023	0.0349679242906	0.693416768016	-0.725851471875	-0.0677101254278	0.0590897093616	0.681955560091	1359484714.725249
-0.224928619414	0.03946512493	0.720450138661	-0.735816875014	-0.0610480081179	0.0556671519674	0.672121890241	1359484714.757757
-0.215056409528	0.0373043792849	0.684668264756	-0.725219382296	-0.0629878164419	0.0591128273676	0.683077635531	1359484714.824541
-0.222661902159	0.0382090744843	0.710713635936	-0.734304805166	-0.0603283870283	0.0573752630785	0.673695048234	1359484714.858638
-0.200896418585	0.0400300572241	0.700803116568	-0.732408342093	-0.0683093885772	0.0644930395928	0.674353390819	1359484714.891221
-0.216637151949	0.038088397871	0.682438072312	-0.72871097975	-0.0640834529449	0.0594691611309	0.679217960544	1359484714.924405
-0.2484318409	0.0468904143981	0.728491326864	-0.744915835694	-0.0541804129039	0.0503615214873	0.663044943984	1359484714.964335
-0.249123029782	0.0452541889939	0.729749789911	-0.746360465057	-0.0545462679321	0.0500328517216	0.661413240421	1359484715.028511
-0.251531365913	0.045554944608	0.711201705867	-0.742174886982	-0.0543566939651	0.0488196591279	0.666211999169	1359484715.061886
-0.244068515978	0.0468182563916	0.718837079019	-0.745384614969	-0.0566980844916	0.0516021665006	0.662211687752	1359484715.091479
-0.246735706638	0.0476335556811	0.704664197901	-0.743485319314	-0.0569069015962	0.0505537225324	0.664406130054	1359484715.125464
-0.240133979635	0.0467559474282	0.713058418779	-0.746618499809	-0.0585659078952	0.0539522605987	0.660469532795	1359484715.159058
-0.2265639949	0.0475225344733	0.671768684176	-0.7350164223	-0.0631352577222	0.0595883561748	0.672468605951	1359484715.225285
-0.246900316915	0.0502336788773	0.682963043279	-0.739637665791	-0.0570963976267	0.0532790545379	0.668459024225	1359484715.258363
-0.221160696855	0.0519926755156	0.651122412424	-0.730045634533	-0.0666966490804	0.0626949025418	0.677240192027	1359484715.357982
-0.229336147291	0.0530035088538	0.650090440227	-0.730043512266	-0.0660002118778	0.0598908076701	0.677564412722	1359484715.391443
-0.251668955837	0.0581165463911	0.662547434637	-0.735327648994	-0.0601568779035	0.0525037341269	0.67299164673	1359484715.425641
-0.249139031303	0.0564979435638	0.658823629469	-0.734341831946	-0.0615930166331	0.0547241279137	0.673760821049	1359484715.458602
-0.255161274711	0.059227848221	0.675478148758	-0.739992702742	-0.0594593315382	0.0541620618764	0.6677887831	1359484715.491881
-0.249276256995	0.0583263957933	0.654952630947	-0.73405175615	-0.0625501882158	0.0564297180048	0.673848039377	1359484715.524882
-0.226969232278	0.0549312598786	0.616313752022	-0.721317678778	-0.0706938067613	0.0631715531475	0.686084941418	1359484715.558324
-0.246355222462	0.063824825575	0.661195957277	-0.736564684766	-0.0650348341711	0.0581944934529	0.670713304201	1359484715.591253
-0.250994851686	0.0639713062191	0.654746136887	-0.734907254744	-0.0662714992772	0.0557692628302	0.672613711302	1359484715.624466
-0.246152609001	0.0643889572244	0.62280387713	-0.724629837858	-0.0695635731574	0.0565768621208	0.683280005597	1359484715.658885
-0.23539992925	0.0654328313438	0.629519466747	-0.725933687329	-0.0739099331637	0.0610138726466	0.681054264156	1359484715.691672
-0.252493951346	0.0690726575121	0.64960664369	-0.732291395996	-0.0689565713193	0.056723046988	0.675112434015	1359484715.725001
-0.258837432031	0.0672578392457	0.635834072813	-0.726903913106	-0.0675815424086	0.055872351227	0.681117990223	1359484715.758000
-0.256698039244	0.0723901177734	0.659482246047	-0.733371304392	-0.0693784548088	0.0572455660359	0.673851693678	1359484715.791550
-0.252330709206	0.0709949664973	0.656592460127	-0.730475473696	-0.0711072047775	0.0600389410328	0.676568306468	1359484715.824915
-0.257085432646	0.0719545940931	0.662835292089	-0.730857149223	-0.0707021123427	0.059822308813	0.676217664741	1359484715.859002
-0.248380743544	0.0743152565469	0.649038466592	-0.724712177684	-0.0735131936143	0.0648089293706	0.682046825779	1359484715.892076
-0.280572072637	0.0793823435007	0.678466244018	-0.734516159118	-0.0637407732852	0.0561752639593	0.673251413318	1359484715.924658
-0.280331094123	0.0760821382417	0.671578187024	-0.731509100367	-0.0651566412154	0.0571836820099	0.67629806646	1359484715.958492
-0.261187450233	0.0764046324601	0.654911928663	-0.724841484599	-0.0734739008157	0.0632858988229	0.682056671482	1359484715.991463
-0.280706447468	0.0797304520671	0.685693401542	-0.734019437836	-0.0694934487847	0.0582490711891	0.673047673764	1359484716.025241
-0.271574768905	0.077384318333	0.668792194875	-0.727546944209	-0.0750277748086	0.061043006367	0.67920543899	1359484716.057968
-0.268434021969	0.0751161872484	0.645902818792	-0.71894537005	-0.0785716970496	0.0627108926997	0.687758233134	1359484716.091923
-0.299123492679	0.0817951220667	0.691849642872	-0.734336540216	-0.0701998039369	0.0554317146597	0.672866374729	1359484716.125556
-0.305001106343	0.0828491522479	0.697957947064	-0.7359005297	-0.0685412110155	0.0564270842704	0.671243992107	1359484716.158973
-0.310615885562	0.0820415467568	0.69463470604	-0.734740808751	-0.0681567927045	0.0569526821754	0.672507983267	1359484716.191970
-0.321296723684	0.0843619847996	0.719562878673	-0.742186091521	-0.0640236620585	0.0578453281489	0.66461620072	1359484716.225126
-0.344620195429	0.08762642422	0.720322285673	-0.742742527043	-0.0559085418302	0.0540666506356	0.665044788538	1359484716.258073
-0.346968052076	0.0879871292723	0.718476995076	-0.740445736305	-0.0516802535693	0.0629267554694	0.667165261704	1359484716.324334
-0.309763512143	0.0796779999959	0.695905028687	-0.73018807424	-0.0607699348103	0.080717376973	0.675734486552	1359484716.357867
-0.344436577863	0.0844423061839	0.707925253363	-0.733647699395	-0.0504932681702	0.0718141700881	0.6738354458	1359484716.392517
-0.325164082669	0.0815988538819	0.718942377271	-0.733957339287	-0.054455785189	0.0823838638651	0.67197774557	1359484716.424420
-0.346526229662	0.0847475121682	0.729359042067	-0.735811096696	-0.0492098067766	0.0761476838833	0.671090124451	1359484716.458613
-0.349490978019	0.0828056807812	0.715068093991	-0.729649854278	-0.050365633982	0.0754967832819	0.677771811732	1359484716.496799
-0.343554440147	0.0788335127289	0.713290421996	-0.726935012168	-0.0535012265532	0.0788116661593	0.680067517324	1359484716.529281
-0.338502744971	0.0789026641058	0.722248000732	-0.72768501097	-0.0559703892803	0.0804481570965	0.678874019501	1359484716.559142
-0.355229067973	0.0860330046444	0.756373110116	-0.737007304351	-0.0516247275227	0.0750453667195	0.669718831881	1359484716.591604
-0.344768572633	0.0767045863337	0.739893936965	-0.729131358142	-0.0574222804657	0.0779209427687	0.677494258985	1359484716.625945
-0.355488930044	0.0738991709072	0.723181276752	-0.722861996024	-0.0568761648029	0.0730983096529	0.684757091024	1359484716.659247
-0.362577813543	0.0688892776869	0.710083091415	-0.718141120834	-0.0566885318845	0.0698685954646	0.690056606583	1359484716.691769
-0.346322663854	0.0664112345061	0.724320293591	-0.721928392583	-0.0625826397094	0.075884267336	0.684941155984	1359484716.724728
-0.370106639239	0.0672055509214	0.726657367478	-0.722957079147	-0.0541283206506	0.0693368396967	0.685270449732	1359484716.759076
-0.365956229717	0.065278401632	0.728129860367	-0.723375520655	-0.0546666769296	0.0729407469707	0.684411468331	1359484716.791862
-0.351729909882	0.0623902836808	0.736063611992	-0.725625001563	-0.0567090947051	0.0804894071956	0.681009464702	1359484716.825685
-0.37603517024	0.070025556877	0.757345115804	-0.732979057327	-0.0462140691163	0.0767505520576	0.67432582191	1359484716.857323
-0.370571833662	0.0612763642193	0.750202078514	-0.729802841456	-0.0467756447874	0.080905707317	0.677240074258	1359484716.890624
-0.37128616032	0.0591920353089	0.742358856114	-0.727412766255	-0.0439295840325	0.0832128435178	0.679717942833	1359484716.958653
-0.38383284905	0.0530258455999	0.710674438535	-0.718596142162	-0.0396235953874	0.0808276956898	0.689576999883	1359484716.991262
-0.393812700065	0.0614352213991	0.758245398735	-0.734122727867	-0.0342079146526	0.0803210343994	0.673381147967	1359484717.024851
-0.395182877919	0.0483955499235	0.724329481393	-0.723283774769	-0.0346210277036	0.0802241023717	0.685000772989	1359484717.057703
-0.358497812819	0.0525702328344	0.75594659999	-0.732415081072	-0.0415534553199	0.0944343791105	0.672995993607	1359484717.091487
-0.385962299378	0.0585271156613	0.766521357659	-0.736394055124	-0.0325953861344	0.0858727545508	0.67028889772	1359484717.124836
-0.37523747278	0.0556495027466	0.770662701829	-0.737010993749	-0.0342752037446	0.0897327061935	0.66902021415	1359484717.158073
-0.375542532334	0.0555711596968	0.77052507502	-0.736764225768	-0.0331962901419	0.0907376989801	0.669210842659	1359484717.191045
-0.351796042015	0.0461054606532	0.737359738927	-0.725306764128	-0.0378336515353	0.100147463419	0.680050879193	1359484717.224136
-0.35867901432	0.0465112171693	0.741641154154	-0.726443740637	-0.036231260556	0.0956223374905	0.679575717651	1359484717.326266
-0.36007653221	0.0506379175746	0.763810756648	-0.732929726899	-0.0333680636571	0.0961043680285	0.67265484329	1359484717.361065
-0.374908811772	0.0336046240238	0.682477377986	-0.707358393769	-0.0333872963863	0.0883023945516	0.700522717919	1359484717.392266
-0.322432156009	0.0392977448961	0.739314095997	-0.723849873016	-0.0427598358251	0.104407869083	0.680670224594	1359484717.424620
-0.337716863145	0.0397785508596	0.734167150607	-0.723055283943	-0.0387212672504	0.0975771295306	0.682766741733	1359484717.458530
-0.328421457964	0.0404879771518	0.737768098817	-0.724082611609	-0.0393971319134	0.0998174868784	0.681313956172	1359484717.491469
-0.339428855217	0.0446783111275	0.761669599889	-0.732124352041	-0.0343535357267	0.0942125596824	0.673749034382	1359484717.524512
-0.318671966042	0.0425683257783	0.739011218277	-0.725087167077	-0.0388757392627	0.0992749130205	0.680354149456	1359484717.592421
-0.290591652931	0.0443563136742	0.743466035058	-0.726202464868	-0.0431603593143	0.103746534082	0.678235814499	1359484717.624531
-0.28989708613	0.0354900743362	0.712649103378	-0.716397302268	-0.042542568641	0.101106273179	0.689015643277	1359484717.658682
-0.27902462594	0.0353515278849	0.716705789188	-0.717724544048	-0.0428091012985	0.102139881206	0.687463674956	1359484717.691209
-0.244749599538	0.0433793489496	0.729369519555	-0.721582933669	-0.0500325376543	0.1105101383	0.681617432542	1359484717.725460
-0.27461688531	0.0362013163886	0.706377896909	-0.714982947903	-0.0406238777924	0.096089207382	0.691314652662	1359484717.758460
-0.25031071247	0.0392040620694	0.711615131855	-0.71597946098	-0.0441420073249	0.101327946295	0.689316721068	1359484717.791608
-0.253317617758	0.0362872548884	0.712321059594	-0.716088366757	-0.043052407182	0.0947484321929	0.690207704845	1359484717.824761
-0.167943705078	0.0634749376129	0.740197705736	-0.723074493406	-0.0694485669915	0.116191281498	0.677377117736	1359484717.858485
-0.157046259877	0.0591659751522	0.740828034986	-0.722515404812	-0.0731824067014	0.110422288242	0.678544577326	1359484717.893257
-0.143136356754	0.0625543167422	0.743410458483	-0.722480910762	-0.0810781460972	0.104836762735	0.678569761328	1359484717.925609
-0.133060906915	0.0647617982353	0.740918205584	-0.721376207367	-0.0860089108859	0.0998379455067	0.679890593647	1359484717.959659
-0.165651147921	0.0439882898084	0.729488618389	-0.718413651388	-0.0776882844849	0.0784383536872	0.686799665568	1359484717.992384
-0.0936918105033	0.074495645983	0.7307232504	-0.717018170385	-0.102953324026	0.0938139717557	0.682996702125	1359484718.040909
-0.091546923034	0.0753782522781	0.747141371292	-0.722614525404	-0.102770481468	0.0877986152643	0.677906984012	1359484718.063159
-0.0825772942397	0.0756579042955	0.733408424929	-0.718224707338	-0.106815907268	0.082526748757	0.682592826994	1359484718.094045
-0.0788105504408	0.0767337013896	0.75156917822	-0.723916237916	-0.107126196701	0.0772081994756	0.677132300511	1359484718.128943
-0.0671017347837	0.0813201590576	0.752405290671	-0.723305279051	-0.111925093033	0.0746746184663	0.677293103615	1359484718.162882
-0.06469175775	0.0778189936174	0.746169036353	-0.721127590799	-0.111896277925	0.0694803602124	0.680166670985	1359484718.194417
-0.056092535262	0.0837269350606	0.743871216502	-0.719841716117	-0.113100789965	0.0693473608535	0.681342100996	1359484718.229334
-0.0415524049274	0.080746942388	0.733508437645	-0.715673430934	-0.114542493866	0.0703956118723	0.685372902283	1359484718.293411
-0.0319168473785	0.0900942305595	0.754907766799	-0.721221164373	-0.115539729303	0.0722476448632	0.679169257862	1359484718.326354
-0.00702414206557	0.095726302174	0.775710929051	-0.724486369032	-0.117956390697	0.0709702535593	0.675402853185	1359484718.360857
-0.000271354027562	0.0954129095533	0.764940185926	-0.719936500187	-0.118984937525	0.069808166765	0.68019176722	1359484718.392276
0.00460312358257	0.0987274338965	0.771408746079	-0.720881811663	-0.120087163206	0.0688032558621	0.679098371983	1359484718.425714
0.0096704988992	0.100460003463	0.778666512581	-0.722294207192	-0.120122766066	0.0691019409105	0.677559238069	1359484718.459080
0.0149148012318	0.103408587613	0.779168241362	-0.721602344488	-0.12119754168	0.0686045458989	0.678155313038	1359484718.491871
0.0163132395901	0.104060568349	0.794312775929	-0.725759597422	-0.120210762229	0.067740318237	0.673968566537	1359484718.525320
0.0232240435284	0.106025492661	0.79009567049	-0.723214847451	-0.122088930064	0.0680921927136	0.676326866887	1359484718.559057
0.0201809216242	0.107315908222	0.797734424716	-0.72488568669	-0.11990873845	0.066476535461	0.675087776447	1359484718.591488
0.0292062865706	0.107736166629	0.790280299251	-0.72186842489	-0.122266904633	0.0683367622582	0.677707066587	1359484718.625128
0.0280458307117	0.103589391834	0.781212634053	-0.717948571606	-0.121221348366	0.0668003486492	0.682197146468	1359484718.660162
0.0300159754229	0.108580895231	0.792503068471	-0.720971815193	-0.122632073942	0.0668367843671	0.678744326233	1359484718.692845
0.0292806067341	0.110665961596	0.806005372364	-0.72427741201	-0.122138020945	0.0659521177931	0.675392369257	1359484718.725092
0.0321691673062	0.108598774167	0.799811681364	-0.721573674095	-0.122265484309	0.0668202222621	0.678172280543	1359484718.758235
0.0382696680583	0.114928999467	0.801384298593	-0.720951274537	-0.124498419299	0.0694076175695	0.678168110397	1359484718.792156
0.0386383448993	0.115286640387	0.790098439927	-0.716630742536	-0.125155752005	0.0696619868587	0.682585982994	1359484718.825021
0.0398120921762	0.118377936419	0.811038509957	-0.722879799729	-0.125470508487	0.0710427737322	0.675762436766	1359484718.858005
0.0362465244388	0.116355897992	0.815691588251	-0.723942972849	-0.124545379601	0.0698183111954	0.67492253178	1359484718.894058
0.0293702542182	0.116122530434	0.820876541488	-0.725592143922	-0.122332434769	0.0693710834109	0.673601120003	1359484718.924581
0.0265742522047	0.115185241947	0.822166640871	-0.725827968236	-0.119662387969	0.0720039210408	0.673550375835	1359484718.959917
0.0327836600549	0.118251023862	0.811750406778	-0.721955674424	-0.120146045643	0.0777706217119	0.676976116478	1359484718.994108
0.0236986012612	0.115788249606	0.810446280156	-0.721616455123	-0.115425457155	0.0781137813252	0.678118642055	1359484719.025105
0.0246524058417	0.118007357844	0.817630389424	-0.723505645349	-0.112820855137	0.0824875090709	0.676022815179	1359484719.058369
0.020849572073	0.120542605826	0.825602385236	-0.725790908913	-0.109738383041	0.0858776000756	0.673654274559	1359484719.093412
0.017416520272	0.121503466777	0.834729788489	-0.728465449623	-0.107840130849	0.0872325410019	0.67089423807	1359484719.124937
0.0222813749719	0.123375802216	0.822962137193	-0.724000935527	-0.109698185258	0.090457116357	0.674986269199	1359484719.158146
0.0239578011229	0.127670998077	0.822333591958	-0.723124022637	-0.110253235699	0.0934716700381	0.675424991249	1359484719.192088
0.0128285281054	0.123304010054	0.825524711595	-0.724005010146	-0.107010041693	0.0912266297806	0.675309779493	1359484719.225068
0.0108887757412	0.126265219754	0.818310596995	-0.72022803427	-0.106602225418	0.0955500133184	0.67880611307	1359484719.291598
0.00654400893681	0.130379077117	0.8293494102	-0.723663291542	-0.105679131308	0.0962139778417	0.675193477567	1359484719.325244
0.00442929927771	0.13269963216	0.82991724173	-0.723694957207	-0.106658184282	0.0966218525915	0.674947300343	1359484719.358673
0.00686633143663	0.132306045274	0.826704087046	-0.721990642889	-0.108143260616	0.0992594265735	0.676152433258	1359484719.392726
-0.0055429583523	0.132737102492	0.825744981846	-0.721950310496	-0.104804986829	0.0974100487728	0.676989620532	1359484719.425816
-0.00214431257282	0.128509368647	0.818422586606	-0.720026044851	-0.107098027686	0.0981332143862	0.67857378334	1359484719.458960
-0.0114409614574	0.132653016663	0.838356666549	-0.727576712654	-0.104647514287	0.0972849610747	0.670981863619	1359484719.493058
-0.0147303615671	0.129762764907	0.821871240924	-0.722998702573	-0.104138078614	0.096900630415	0.676046155588	1359484719.525829
-0.0167857122373	0.13580640121	0.836371094431	-0.72820399773	-0.104974794006	0.0976531810351	0.670196304487	1359484719.558688
-0.0136964621167	0.14027926178	0.832731757457	-0.726679917186	-0.106914831018	0.100337876219	0.671146651234	1359484719.591719
-0.0182213414807	0.136327052021	0.815733981212	-0.720234649638	-0.105358707994	0.100289721326	0.678309342341	1359484719.625841
-0.0188966201028	0.143190776666	0.813567365374	-0.717898891528	-0.105556779447	0.103311725669	0.68029819579	1359484719.660447
-0.0183784660894	0.14736052567	0.830741664019	-0.720871777857	-0.10412706743	0.107172783639	0.676768371132	1359484719.698527
-0.0229842771899	0.15102727278	0.820329810267	-0.708860065742	-0.101666072529	0.11184060876	0.688965235063	1359484719.728552
-0.0225752214776	0.151767904063	0.837413387483	-0.710011519949	-0.0988813280138	0.115941646737	0.687505388387	1359484719.792352
-0.0336365371925	0.151015170617	0.834738537811	-0.705377568145	-0.0950498569982	0.116193705277	0.692753227272	1359484719.825735
-0.0432341476766	0.147624739404	0.833468645671	-0.699109270751	-0.0907986228939	0.118470144905	0.699261512166	1359484719.859575
-0.0404312367868	0.145359853779	0.841559526533	-0.699382820772	-0.0886313653931	0.123410857269	0.69841099031	1359484719.892639
-0.0390028331179	0.14610751841	0.839314993544	-0.697157977773	-0.0869901250118	0.129162553493	0.699800333633	1359484719.924472
-0.0306197605009	0.145490038036	0.837967587233	-0.695967042843	-0.0904588507156	0.133141938655	0.699800182749	1359484719.992395
-0.0695279975606	0.107020390858	0.825769772564	-0.703427052119	-0.0778927996452	0.116705456432	0.69678040339	1359484720.025147
-0.0455534571278	0.115145907336	0.813432799415	-0.706619144944	-0.0926500832369	0.117844781025	0.691533045963	1359484720.058485
-0.0248805032873	0.142002974282	0.816826544409	-0.713155170369	-0.108477179587	0.120223374728	0.682047465103	1359484720.091756
-0.0402030606566	0.108865727254	0.817932802348	-0.723365954789	-0.102247977357	0.108552516405	0.674168671595	1359484720.124413
-0.0224860387622	0.131995010136	0.820525654886	-0.731195400665	-0.11572295948	0.109358942392	0.663326544331	1359484720.191876
-0.006754643116	0.136842107046	0.827783571885	-0.724340425203	-0.117178580191	0.11465843685	0.669666761621	1359484720.325232
-0.00148286028204	0.132098351045	0.825239169897	-0.71716041527	-0.116745589551	0.115880559656	0.677217174903	1359484720.361449
0.00282430238606	0.130232779226	0.826724501961	-0.714104591788	-0.11953507392	0.114410406035	0.680203099876	1359484720.391533
0.0078350764011	0.130679137029	0.833396262526	-0.71394331302	-0.123051048924	0.111750532139	0.680187623909	1359484720.425639
0.00786744863087	0.129168815824	0.8340709826	-0.712842318022	-0.124993837961	0.108794669497	0.681466132686	1359484720.461652
0.00726205910866	0.121464067894	0.841118833301	-0.714837768247	-0.125039204379	0.104766139405	0.679997219472	1359484720.492294
0.012379070392	0.125716078526	0.853150622028	-0.717919562881	-0.129161885954	0.103467453898	0.676168022339	1359484720.526166
0.00286344933745	0.121417423893	0.858313186038	-0.719382636106	-0.128533789981	0.0975811743517	0.675607579971	1359484720.559575
0.0254866875334	0.129412144556	0.857050740035	-0.716463934522	-0.137168597063	0.10425058092	0.676014809665	1359484720.594214
0.0202364468534	0.127421085392	0.869618062562	-0.720089414608	-0.136655406797	0.101244678524	0.672715430054	1359484720.625865
0.00634893787872	0.123242681737	0.876715703583	-0.722093943661	-0.133090119307	0.0961224951446	0.672032605309	1359484720.662357
0.00830245771031	0.119545321639	0.873997776026	-0.720416802828	-0.134243642499	0.096708940479	0.673517375784	1359484720.694104
0.0200308950647	0.121260188524	0.865287937957	-0.715717867417	-0.137945881874	0.10144532496	0.677072901523	1359484720.730060
0.0168296775595	0.125400281299	0.88542987263	-0.721287646389	-0.137853845043	0.100714221079	0.671265293491	1359484720.759822
0.00574450254256	0.115250914108	0.898894649413	-0.72315621272	-0.134235917777	0.0982961099373	0.670345944386	1359484720.792828
0.00755197530813	0.118181840244	0.906229953496	-0.724061164097	-0.134130663321	0.100851099786	0.669009305971	1359484720.858885
-0.000255355022905	0.115698032517	0.917234243053	-0.727334254038	-0.130985544668	0.099912739714	0.66621701752	1359484720.892598
0.0110631410756	0.115998595418	0.921670876808	-0.726566186777	-0.133438155749	0.106624043178	0.665527721616	1359484720.924904
0.00877044242643	0.115716570905	0.927179011228	-0.726938345246	-0.133626266516	0.107571219683	0.66493089551	1359484720.958956
-0.00907668542271	0.104143244133	0.931479860547	-0.727694596022	-0.126877826574	0.102607492987	0.666208896989	1359484720.991895
-0.0112198387932	0.109055547508	0.920276996599	-0.720553842308	-0.12811372075	0.105197593051	0.673292285198	1359484721.058218
-0.00769156679305	0.112131671724	0.946753752047	-0.726026279369	-0.129747324798	0.107554866085	0.666695900809	1359484721.091235
-0.00939621731064	0.114823714539	0.895435927513	-0.706825940731	-0.132247681851	0.105967772396	0.68678852012	1359484721.124112
-0.0216752233134	0.103163466364	0.937885113412	-0.719069607629	-0.125920582019	0.106628108815	0.67506544336	1359484721.157019
-0.0274318221587	0.107133551232	0.962715954946	-0.726064321178	-0.124872763622	0.106298696642	0.667785879987	1359484721.191431
-0.0136386628375	0.111728161112	0.964296441404	-0.725890413405	-0.127916521715	0.115977312402	0.665785051054	1359484721.293382
-0.027130052693	0.102411423406	0.967291971025	-0.728566134306	-0.122365623511	0.11384546637	0.664271971344	1359484721.326871
-0.0101013835787	0.107557324563	0.916150209491	-0.713587371126	-0.128713986146	0.122545264445	0.677649195161	1359484721.360029
-0.0311081668561	0.100781943477	0.956330789521	-0.729211841576	-0.119585378983	0.121501771144	0.662711661923	1359484721.393646
-0.0298629184937	0.102643551089	0.949476536273	-0.728487021807	-0.119387759897	0.124910186004	0.66291075363	1359484721.459241
-0.0396181955384	0.096968992103	0.949282781538	-0.730426338847	-0.115755937377	0.12362763359	0.661660135337	1359484721.493231
-0.038109709278	0.101042547348	0.930363888789	-0.726647570679	-0.116487914985	0.129791704075	0.664505821826	1359484721.525577
-0.0384314782004	0.0985980942741	0.931579876074	-0.728107784985	-0.115832907001	0.131851957411	0.66261365246	1359484721.558418
-0.0430178031831	0.0984116605348	0.921982768491	-0.726426275877	-0.114906274064	0.132071793199	0.664573890051	1359484721.592429
-0.0472209664294	0.0917933449808	0.917919045556	-0.726319230618	-0.112971592125	0.131865770509	0.665063315162	1359484721.626015
-0.045879161809	0.0972610498747	0.911993539548	-0.726797435343	-0.116444479913	0.13447877917	0.663416633067	1359484721.692962
-0.0500395596859	0.0864493468226	0.887285015331	-0.72041823987	-0.114492843542	0.133815383311	0.670807268617	1359484721.725644
-0.0392888560668	0.0956255791005	0.894773123974	-0.723724924913	-0.119877429795	0.137179189454	0.665607620799	1359484721.761367
-0.0535618116878	0.0863915415108	0.8798375184	-0.721169253188	-0.116678211285	0.131360298993	0.67010862934	1359484721.792691
-0.0630537663675	0.0813217053538	0.873113914351	-0.721028034869	-0.11603360692	0.127265859232	0.671161810648	1359484721.825971
-0.0547183586994	0.0836904882904	0.878185362143	-0.724238537468	-0.118769072636	0.129677939927	0.666750388172	1359484721.859485
-0.0491853762378	0.0787755061514	0.842336991315	-0.71537040655	-0.121955859271	0.130677533931	0.675496359685	1359484721.891976
-0.0528390094869	0.081352335926	0.853515166346	-0.721539815891	-0.121747854226	0.128453206999	0.669370994059	1359484721.925519
-0.0561103829701	0.084450702171	0.859626679312	-0.72591868975	-0.122147191469	0.127941269139	0.664645131735	1359484721.958748
-0.0551079194403	0.0786627417559	0.822179838952	-0.716767400887	-0.123600018422	0.127363872298	0.674348554165	1359484721.991712
-0.0575338900749	0.082377450573	0.834330696949	-0.723013713144	-0.12435310877	0.126208312136	0.66772669326	1359484722.025311
-0.045253289446	0.0903693058008	0.833306283211	-0.724165288537	-0.127976734573	0.132032197569	0.664660882776	1359484722.058530
-0.0514768956531	0.0861529053962	0.819036062392	-0.722137237974	-0.127195792018	0.129317634103	0.667544747215	1359484722.093369
-0.0447970694061	0.088967473832	0.820472637729	-0.723888163778	-0.130377636044	0.131313425718	0.664638535286	1359484722.125045
-0.0388221933715	0.093479564274	0.80963396177	-0.721723117695	-0.134072818655	0.132551356643	0.666010779593	1359484722.159051
-0.0317814721973	0.0958216643911	0.809219984305	-0.722253237166	-0.137210469806	0.13436937505	0.664430898911	1359484722.191706
-0.0285358501067	0.101153193577	0.805951569149	-0.72161178184	-0.139152751942	0.135349544256	0.664524979822	1359484722.258222
-0.0222658320828	0.107734236067	0.796426448087	-0.718333770768	-0.14234079547	0.137373181164	0.666981484613	1359484722.292371
-0.0246461646291	0.105527442083	0.799530964159	-0.71974848604	-0.141266869678	0.136905569031	0.665779733502	1359484722.325475
-0.0302967012962	0.0992556847588	0.76839370178	-0.71083933142	-0.140222579119	0.133950415413	0.676093454651	1359484722.359072
-0.0205105135752	0.106060312468	0.779360531183	-0.714387143651	-0.143413847819	0.13772543315	0.670906239577	1359484722.392119
-0.0273341789295	0.103326940119	0.76177265684	-0.709735620341	-0.141969618644	0.134645567549	0.676749989096	1359484722.427273
-0.0176318623623	0.110489212525	0.772986174333	-0.713448908682	-0.144089262735	0.138569948643	0.671585667207	1359484722.458990
-0.0152233411528	0.113592664388	0.76284105797	-0.7104745864	-0.145904432572	0.139345586648	0.674181404458	1359484722.492237
-0.013722519332	0.113561099869	0.764965182612	-0.711760263044	-0.14644059675	0.139032043579	0.67277230207	1359484722.525642
-0.0168236471177	0.112680624713	0.763271435241	-0.71247071926	-0.144674469998	0.137429897805	0.672731592181	1359484722.558496
-0.0181127459038	0.109971952835	0.754347529721	-0.710594290135	-0.145297406132	0.135024095518	0.675065117028	1359484722.595236
-0.0152092959323	0.113186060031	0.751577218555	-0.710597318163	-0.14546249222	0.136058106534	0.674818721156	1359484722.627672
-0.0154093778945	0.115573812455	0.752047476096	-0.711984017018	-0.145648595543	0.136263224423	0.673273777744	1359484722.659313
-0.0140299926384	0.118803348005	0.753825590528	-0.713231512113	-0.145952368532	0.137055636373	0.671724994911	1359484722.692753
-0.0123481537762	0.118125880919	0.753595169793	-0.713748361591	-0.143833829343	0.138535249523	0.671329345778	1359484722.724889
-0.00366630852963	0.125147588685	0.75110845183	-0.712492318912	-0.146781359145	0.141129940462	0.671485121208	1359484722.792554
0.0170159660892	0.134842004131	0.742280566523	-0.707943210925	-0.152692497596	0.148648514549	0.673353570129	1359484722.831048
0.00988675033509	0.131165801945	0.743668420115	-0.707964834814	-0.149818724216	0.14497619067	0.674775552817	1359484722.862344
0.00574297043133	0.129466847654	0.743061780918	-0.705136696819	-0.148917907923	0.141073326429	0.678751804469	1359484722.893932
0.0158678005978	0.135671045496	0.741853042738	-0.702827052244	-0.152429789636	0.142703375262	0.680025764625	1359484722.925375
0.0152910642281	0.138503983719	0.738189296521	-0.700892995572	-0.152125162506	0.141441301153	0.68234983844	1359484722.958909
0.0129827947554	0.135698968157	0.739147925015	-0.700728278169	-0.150658402955	0.139876424426	0.683166532907	1359484723.025795
0.0276128403785	0.139025021994	0.734920706355	-0.698558559603	-0.153811515399	0.144231653876	0.683780071775	1359484723.060097
0.0268571598521	0.143196382155	0.740224997638	-0.700979535354	-0.153878588438	0.141523595208	0.681850528368	1359484723.093687
0.0347197622272	0.143677191772	0.733049478214	-0.698984177894	-0.15563935533	0.141793208969	0.683441435689	1359484723.126890
0.0358013316441	0.14179102842	0.739673394508	-0.701757208945	-0.154397423598	0.141271951138	0.680984941906	1359484723.158651
0.0295186685214	0.143716882006	0.743783280256	-0.704438442821	-0.149945128232	0.140488839044	0.679371639752	1359484723.258855
0.0372822148229	0.146405551901	0.752103008399	-0.705452995573	-0.150821137505	0.148629062359	0.676386322556	1359484723.292181
0.0444032333107	0.14889558055	0.754474384592	-0.702452472812	-0.153706222233	0.155665219249	0.677276354381	1359484723.326545
0.0534047331729	0.149100539911	0.758781250404	-0.701310203487	-0.158400531406	0.158457159566	0.67673081703	1359484723.359126
0.0495827695655	0.14898097162	0.77664634693	-0.705433600264	-0.160886528669	0.156839341639	0.672220485723	1359484723.392227
0.0558947954517	0.145011536272	0.777593596429	-0.702922059928	-0.166746357328	0.156092556532	0.673595831177	1359484723.425716
0.0504162050949	0.139171306138	0.786907925446	-0.704256424399	-0.170147334096	0.15060938916	0.672599126739	1359484723.459241
0.0632514184414	0.14410729205	0.78434237258	-0.699952049088	-0.17952227611	0.152334441006	0.674264858525	1359484723.492468
0.0563147890372	0.13912039728	0.79709906654	-0.70200199835	-0.182796167402	0.146518574365	0.672540751823	1359484723.525257
0.0625526729657	0.143641726826	0.81320463286	-0.704157049206	-0.189834661961	0.146614301296	0.66830374668	1359484723.559497
0.0611803393683	0.138642149428	0.826309810978	-0.704994453142	-0.194482376693	0.142959012564	0.666874911	1359484723.592260
0.0750432178248	0.14508407633	0.814996373983	-0.697578850255	-0.203045535393	0.1458528977	0.671478361875	1359484723.625530
0.0723725180675	0.149353868801	0.83550765519	-0.698700395291	-0.213979607277	0.136919150141	0.668792667136	1359484723.658245
0.059139823768	0.134976051214	0.817356665	-0.683753251949	-0.237955375145	0.102800779162	0.682122224893	1359484723.691300
-0.10576102482	0.0207396952922	0.705577940036	-0.746877729406	0.058099029087	0.162289380445	0.642230735118	1359484724.191952
-0.168645262357	0.0750382291033	0.505151277749	-0.723726160773	-0.106495282266	0.0717487966685	0.678034887926	1359484729.127181
0.0827124855666	0.231673601204	0.440674115936	-0.691644772333	-0.180711656678	0.17043904468	0.678175005506	1359484729.192241
0.0983938973699	0.264094899489	0.439643870049	-0.689824205232	-0.185728757521	0.180734985116	0.676004629911	1359484729.225567
0.0944301818346	0.256804217998	0.432459946554	-0.687981188433	-0.182669957738	0.173506437056	0.680594657048	1359484729.258756
0.107808370012	0.26483055791	0.439173677512	-0.688954012371	-0.187861741536	0.173938025781	0.678082515696	1359484729.325830
0.109651824931	0.263782931402	0.448454829309	-0.692715950878	-0.187089308861	0.170731682979	0.675272459335	1359484729.359096
0.130471476188	0.278178642378	0.454133362359	-0.693322010083	-0.195102741937	0.174893358028	0.671306058174	1359484729.392577
0.120578334633	0.264990973163	0.449926683387	-0.694134534812	-0.189825863797	0.16467070212	0.674556853704	1359484729.425343
0.143092683737	0.286405857919	0.455542691148	-0.693781621969	-0.199995185738	0.169979319409	0.670653425901	1359484729.458398
0.140810716532	0.276159417574	0.458961730014	-0.696159717034	-0.196372954833	0.162070714198	0.671217099446	1359484729.491968
0.164731231226	0.303236384975	0.463587580327	-0.693440269721	-0.208775633949	0.166123580028	0.669295363167	1359484729.525150
0.17019460517	0.307102282712	0.466072374602	-0.692981858093	-0.210607392288	0.163840112785	0.669758977626	1359484729.558969
0.170993408774	0.300118098578	0.47822732972	-0.697414172251	-0.207766516089	0.160259034412	0.666905982149	1359484729.624692
0.184697272209	0.312085544755	0.480532930943	-0.695449680681	-0.211284171524	0.16143373179	0.667568641223	1359484729.658249
0.189016889131	0.321417401997	0.484591985926	-0.695234686605	-0.21359869043	0.161052569143	0.667147959571	1359484729.691224
0.192640750963	0.322051089794	0.486066232734	-0.694278816854	-0.21454724318	0.159560869053	0.66819662823	1359484729.725301
0.189629000898	0.317080228256	0.491017906196	-0.695413179697	-0.212505655302	0.155587070545	0.668606400992	1359484729.757814
0.204059149066	0.339723771115	0.487717790935	-0.690000956689	-0.221350132483	0.16013183966	0.670269044895	1359484729.791327
0.198076323518	0.331419929284	0.496787532508	-0.691621661722	-0.21805726479	0.152634934758	0.67142615603	1359484729.859299
0.213730199386	0.355814069991	0.503154213629	-0.688697001007	-0.226245479344	0.158661253031	0.670325317041	1359484729.925199
0.21095665048	0.352721033971	0.50712524406	-0.68966063721	-0.224841373163	0.155687085071	0.670504357882	1359484729.962570
0.21658183981	0.363888194335	0.511896575449	-0.689489770278	-0.228229290868	0.159565552775	0.668621030061	1359484729.992270
0.213197467981	0.359328809461	0.504080432281	-0.68561831168	-0.227477284103	0.154458478847	0.67403575144	1359484730.024854
0.212554112632	0.367234184808	0.517844794019	-0.690461143068	-0.227053294938	0.158152688198	0.668354650157	1359484730.058904
0.216844682257	0.375492705945	0.512419893257	-0.68518528347	-0.231730922089	0.158986852711	0.671971046794	1359484730.093894
0.207417621412	0.366782603728	0.514066907345	-0.68542205159	-0.228291499405	0.152839975454	0.674328958593	1359484730.127839
0.202681683303	0.363317412581	0.524329260135	-0.688353432558	-0.226993575338	0.151236827625	0.67213904113	1359484730.159175
0.202242810337	0.370742664977	0.509272945908	-0.67971396467	-0.230449191459	0.150829846571	0.679803246368	1359484730.191972
0.206887871709	0.382052078508	0.513893916479	-0.678706476889	-0.235268360363	0.155513029211	0.67810177303	1359484730.225310
0.204347395349	0.383056915635	0.514482413456	-0.677761004547	-0.235516287235	0.155019029274	0.679073780767	1359484730.257745
0.185461139038	0.384473271489	0.522262444889	-0.677829515498	-0.232442405933	0.154873453581	0.680096970454	1359484730.359324
0.178195997335	0.388017107008	0.51373547772	-0.67328899179	-0.232704332995	0.158736422891	0.683617857423	1359484730.390944
0.169089101808	0.382954263356	0.523960591422	-0.679434855241	-0.228717844797	0.158582593329	0.678902044516	1359484730.424749
0.165236129355	0.384224523065	0.512567582631	-0.67468134239	-0.228769104246	0.160513124124	0.683158341937	1359484730.458005
0.160808496539	0.386675652408	0.514940581438	-0.675221543861	-0.228615336964	0.164176802034	0.681804130293	1359484730.490872
0.15334988966	0.386470663832	0.516341333231	-0.675747094503	-0.226104896992	0.166092375395	0.681656631056	1359484730.524288
0.139223272611	0.373306389627	0.527688257385	-0.682342055719	-0.21802698457	0.164748683261	0.678034972815	1359484730.559031
0.131428386188	0.372425805889	0.536101567304	-0.685838094503	-0.214863270808	0.168617371147	0.674557681102	1359484730.593705
0.134099003847	0.383709331293	0.533119345882	-0.683540950685	-0.21646437632	0.178316822481	0.673882818701	1359484730.624414
0.120169859897	0.373718773104	0.52978105659	-0.683349507956	-0.208409082611	0.178630347134	0.676528124577	1359484730.658671
0.122231733091	0.38064819686	0.52457695467	-0.680422048445	-0.205976717957	0.190918658521	0.676867412037	1359484730.692750
0.106949069126	0.371170359979	0.546644426312	-0.69170030647	-0.193764450726	0.195934113259	0.667544640399	1359484730.725271
0.0989264111073	0.368429906375	0.537746101993	-0.68875701319	-0.18921326682	0.199894197671	0.670711880153	1359484730.758714
0.0942695681746	0.368281403718	0.541741887233	-0.691062255327	-0.183413280993	0.207391568039	0.667668529379	1359484730.796594
0.0917789581397	0.369883342012	0.542523311164	-0.691506621475	-0.179720582341	0.214284556772	0.666033958195	1359484730.829076
0.0882190500048	0.371040979906	0.539320996238	-0.690039587349	-0.177102330345	0.219587699516	0.666529350216	1359484730.859049
0.0754421325539	0.363559641644	0.549638432414	-0.696057501804	-0.169017878306	0.220246300155	0.662139319376	1359484730.892024
0.0720303950983	0.362352394664	0.541574650528	-0.693159625787	-0.168256975775	0.22213722604	0.664736320724	1359484730.925559
0.0661808864227	0.359188178965	0.523823569941	-0.686061083613	-0.168435597143	0.221108111915	0.672354699554	1359484730.958669
0.0618933744186	0.358543091047	0.530016405032	-0.689362750198	-0.165821894357	0.221917936283	0.669353813426	1359484730.992179
0.0696400936548	0.36723154087	0.534302885228	-0.689898167842	-0.169053833854	0.228636809865	0.665722561163	1359484731.023988
0.058449857846	0.356679945646	0.533036972299	-0.690013904263	-0.163367532352	0.224613899581	0.66838645813	1359484731.058217
0.0583216597761	0.361898665546	0.54319153927	-0.6938549708	-0.16186159033	0.226837042319	0.664011341246	1359484731.091799
0.0657349809599	0.369150960541	0.529983969691	-0.686646735691	-0.166476558265	0.230286987716	0.669155975242	1359484731.124664
0.0654667631086	0.364639227235	0.530009575566	-0.686748835446	-0.162085698987	0.231352476093	0.669761371686	1359484731.157679
0.0600758686436	0.360979231407	0.523456380262	-0.685372886856	-0.159925340159	0.227533669926	0.672990579865	1359484731.191272
0.0610732648553	0.361270865078	0.521932322203	-0.68518972119	-0.160931014295	0.225263462879	0.673700695342	1359484731.257353
0.0709755935642	0.367719714098	0.525270020806	-0.687330974268	-0.167470169285	0.221255276444	0.671249563767	1359484731.359697
0.0724379220099	0.364191931581	0.519748551102	-0.686007416419	-0.171244690784	0.209815583182	0.675312151194	1359484731.391093
0.0811341774359	0.369846422641	0.498363201455	-0.676017632815	-0.178929334445	0.205229920448	0.684737273085	1359484731.424798
0.0948973044473	0.377474983962	0.518404472441	-0.684066268935	-0.182409808664	0.207498614489	0.675073571097	1359484731.458769
0.0980000017788	0.375726162356	0.513504462656	-0.68252800897	-0.184133200717	0.201478061683	0.677980141321	1359484731.490997
0.106643059916	0.37502914443	0.529032454274	-0.690774197253	-0.183532896413	0.195251431078	0.671582878732	1359484731.558092
0.11344477742	0.375182442865	0.518059643291	-0.685684471453	-0.186476752572	0.191028685021	0.677178903878	1359484731.591723
0.12271262663	0.382422524373	0.526953209877	-0.688768597174	-0.188242234833	0.191618401628	0.673383300008	1359484731.625572
0.133383433387	0.389909311823	0.51821920703	-0.683342269072	-0.193876185971	0.190055429193	0.677742061294	1359484731.658147
0.143260277512	0.392748155678	0.526904645377	-0.686315730843	-0.195838714903	0.189225972081	0.674397098773	1359484731.691570
0.150322143508	0.396790643606	0.517435898019	-0.680446336227	-0.200181189167	0.184833671181	0.680262294278	1359484731.724894
0.153615467765	0.39237802663	0.528838132105	-0.684713837378	-0.199851532443	0.17889195785	0.677660677109	1359484731.758435
0.166795942217	0.402251989316	0.538788888393	-0.687115032894	-0.204940182194	0.179284922106	0.673594366069	1359484731.794450
0.174779266167	0.404913038039	0.541919677778	-0.686625409808	-0.207734362758	0.176014365748	0.674100084695	1359484731.825137
0.181789711744	0.405697907071	0.537922588684	-0.682525185855	-0.210184983648	0.171636541179	0.678618111352	1359484731.858019
0.188867943432	0.411114653579	0.541294884493	-0.6813797874	-0.212609466427	0.169613434337	0.679521951817	1359484731.891428
0.196138449475	0.414893807581	0.549047630889	-0.682105743737	-0.214277671394	0.167471328015	0.678800551116	1359484731.924573
0.204067334919	0.418946803952	0.564059638704	-0.686541610543	-0.215599864062	0.167488126371	0.67388800489	1359484731.959232
0.20480294517	0.413911587362	0.557641238612	-0.6823117233	-0.214977306335	0.16113257242	0.679905702368	1359484731.992718
0.216330443113	0.422370193698	0.571484282862	-0.686209440368	-0.217873449182	0.163592823234	0.674451741993	1359484732.025090
0.214789231045	0.413058560532	0.559889200389	-0.679783980671	-0.217224335005	0.154293975777	0.683301322217	1359484732.058056
0.226908322896	0.424811496563	0.582426218031	-0.68728850251	-0.220357508364	0.159558707188	0.673511768112	1359484732.093794
0.228695620382	0.423126280155	0.588037429853	-0.687877495115	-0.220559477452	0.155231257522	0.673855567098	1359484732.126484
0.233802675588	0.425282001505	0.590680302884	-0.687307644832	-0.222072632914	0.154714058499	0.674058978998	1359484732.158060
0.231431398286	0.41758619873	0.584287764393	-0.683059750611	-0.221879572718	0.147129372266	0.680111593875	1359484732.190871
0.239557903982	0.430353209329	0.591218612383	-0.684584756455	-0.22488631831	0.151514692831	0.676618912625	1359484732.224303
0.242551239212	0.430710729385	0.605013746212	-0.689901196388	-0.224039300757	0.152044206963	0.671360774895	1359484732.257363
0.249985171054	0.439780604872	0.620959492653	-0.694407938832	-0.225756943679	0.154672975315	0.66551310098	1359484732.365842
0.251102432948	0.43895478543	0.617010181919	-0.691248289594	-0.226383875656	0.153524717775	0.668846995963	1359484732.401740
0.24998075865	0.436533054829	0.631631569182	-0.698835450167	-0.224239626067	0.15052896415	0.662334231821	1359484732.426609
0.251247086136	0.438207676833	0.619883990422	-0.693132900226	-0.225618255722	0.150056058391	0.66794188718	1359484732.458541
0.25310705605	0.450154627067	0.624865222929	-0.694847593272	-0.228133029606	0.154563777405	0.66426815492	1359484732.491585
0.252002879403	0.445165062236	0.617790736566	-0.691337852746	-0.227593167511	0.153355505448	0.668382684105	1359484732.525348
0.24876248156	0.447335795969	0.616894773888	-0.691491676455	-0.226629406824	0.154372980063	0.668316808394	1359484732.558887
0.248212975065	0.450118552777	0.616952548491	-0.691795706653	-0.22698915577	0.1559001621	0.667525102807	1359484732.592188
0.241692655697	0.440186754538	0.616372590455	-0.692724645765	-0.223503726273	0.152928820752	0.668424584583	1359484732.625443
0.240552901987	0.441092671143	0.609219078381	-0.690531036853	-0.224073760513	0.153715662032	0.670320320622	1359484732.659564
0.237546862468	0.446854327732	0.610131318277	-0.692673010047	-0.224498891495	0.156247445943	0.667376269062	1359484732.693327
0.235977123583	0.446091914577	0.608985490709	-0.694132885605	-0.224236858994	0.15733004274	0.6656910889	1359484732.726490
0.226980910187	0.438979773929	0.609268314619	-0.696779130354	-0.221366965015	0.154193430804	0.664620114201	1359484732.758625
0.222630908491	0.437822592691	0.59426630831	-0.691461378038	-0.222770299221	0.152803824739	0.670004139996	1359484732.791579
0.222948610282	0.44404455029	0.588565353182	-0.690390715669	-0.224684137266	0.156091310228	0.66971128186	1359484732.825233
0.216711927021	0.442809127303	0.592736413114	-0.694797275157	-0.223120526577	0.157110960195	0.665424769032	1359484732.858238
0.214110002734	0.446300300959	0.582693524807	-0.692218341877	-0.225268637106	0.159274263321	0.666872939433	1359484732.892270
0.203342525548	0.437324896584	0.573615700546	-0.69122048815	-0.222085845024	0.156066324064	0.669727867641	1359484732.925818
0.199468886772	0.445220086134	0.578012716715	-0.694799374923	-0.222358236535	0.162381590162	0.664411666385	1359484732.958521
0.19209383035	0.445171560368	0.56359638396	-0.689892740933	-0.220111020495	0.164256575441	0.669790207519	1359484732.992228
0.189443579433	0.450057787156	0.569785209798	-0.693424190029	-0.218364724498	0.172273321017	0.664681609978	1359484733.028846
0.183383834145	0.446726958052	0.5639077974	-0.691474978034	-0.214201687324	0.176641874488	0.666916516573	1359484733.059055
0.179341005309	0.45018651187	0.566368347209	-0.693679577386	-0.210651117697	0.184857615435	0.663522729487	1359484733.091778
0.164014725902	0.444411190611	0.549631237292	-0.688412202161	-0.204315248213	0.189742642582	0.669583190387	1359484733.124797
0.155476082587	0.442299507991	0.550663702358	-0.690289560167	-0.202121535549	0.191514237965	0.667809482299	1359484733.192074
0.151867644316	0.444712663255	0.545549696956	-0.688682135436	-0.203133957474	0.194663004585	0.668251319713	1359484733.225420
0.143945581177	0.440207899577	0.54608554802	-0.690161486766	-0.201511325573	0.194754860093	0.667188768131	1359484733.259272
0.133276233262	0.446213999386	0.523664834694	-0.680792889423	-0.208981124068	0.198366829035	0.67342299681	1359484733.358044
0.123218396667	0.446242993252	0.532116926934	-0.68657998566	-0.209600609413	0.19976666814	0.666909878563	1359484733.391633
0.114368861532	0.438408305249	0.526853092995	-0.685580032385	-0.208450530912	0.195841492777	0.669458366939	1359484733.425767
0.110254329045	0.441438388506	0.522319053131	-0.683606309137	-0.211657956905	0.195150078968	0.670671134064	1359484733.457835
0.105390901018	0.439519034944	0.522754711265	-0.684813299028	-0.213247621148	0.193925672492	0.669289945463	1359484733.492037
0.0983667800961	0.436469710049	0.519789721457	-0.685077873908	-0.213674632985	0.190621938387	0.669831870328	1359484733.525337
0.0993798387184	0.442831979919	0.52224241297	-0.685983620743	-0.218694161421	0.193111981558	0.666563649182	1359484733.560503
0.0891266047209	0.437389477931	0.529823758388	-0.690721286881	-0.217515849624	0.189174168139	0.663177271264	1359484733.591179
0.0895543653748	0.44212889014	0.520092590348	-0.685762506999	-0.222780472735	0.189656936352	0.666429959903	1359484733.625908
0.0866962607278	0.444395344792	0.516964601448	-0.684700527001	-0.226135752971	0.189221873317	0.66651548535	1359484733.658115
0.077648442144	0.438596281735	0.519082317823	-0.686769746197	-0.225736488563	0.185653675878	0.665524654745	1359484733.695737
0.0698018288681	0.434879622425	0.518015398774	-0.687327655855	-0.225304549086	0.183403052862	0.665719065266	1359484733.724804
0.0724609893614	0.443499396384	0.517307199095	-0.685313992441	-0.230358674526	0.187422551974	0.664945411178	1359484733.757433
0.0646204957247	0.440873830416	0.52003959346	-0.686370064679	-0.229431098719	0.186001553091	0.664575750009	1359484733.794239
0.0555414757364	0.437700809173	0.52033691835	-0.685630399668	-0.228893171406	0.183667502538	0.666171989539	1359484733.826669
0.0491400654296	0.434069528262	0.523218187372	-0.686753994868	-0.226857813999	0.183336643194	0.665801890973	1359484733.858888
0.0539576254681	0.441705132404	0.513549302925	-0.679914902849	-0.233090306939	0.188128751056	0.669322199483	1359484733.896492
0.0464455964908	0.442202086918	0.521393717156	-0.682665976711	-0.231495449522	0.189712418581	0.666622996399	1359484733.927067
0.0397687078866	0.439853901131	0.520553765965	-0.680671294887	-0.231062423415	0.189141290854	0.668971088236	1359484733.959488
0.0330095032403	0.437349690538	0.522875581866	-0.680942747267	-0.230474174022	0.188303629876	0.669134047131	1359484733.993080
0.0302402311948	0.43913988702	0.513993766115	-0.675086521963	-0.233498144205	0.189051863989	0.673792399215	1359484734.026148
0.0208741738847	0.435334742467	0.525183362243	-0.68004508256	-0.230684037115	0.189622763159	0.669601947726	1359484734.059688
0.0160465058993	0.434603952706	0.52163081845	-0.677188568903	-0.229886167484	0.191769223856	0.672155158374	1359484734.092006
0.00634864844971	0.431459986965	0.523990171084	-0.678231843807	-0.225520360153	0.193350121821	0.672129350345	1359484734.126338
0.00406065177512	0.436353725982	0.530393403277	-0.679365554169	-0.225212467475	0.199997561943	0.669135833385	1359484734.160781
-0.00314963241662	0.436134901125	0.529756177209	-0.674261499824	-0.225614540833	0.206121358268	0.672297177211	1359484734.193292
-0.0189274234493	0.427004786156	0.533152426609	-0.675664316233	-0.219681732972	0.203861109074	0.673541621709	1359484734.225744
-0.0389232389321	0.41661300484	0.543103133734	-0.679918103441	-0.213230080362	0.204099002808	0.67125844687	1359484734.325253
-0.0481419990443	0.411455811957	0.531492772097	-0.674805588339	-0.21403411301	0.201577698331	0.676899732567	1359484734.357850
-0.0430946882524	0.419106212206	0.533133229575	-0.673956821168	-0.218816560283	0.208824255545	0.674013313254	1359484734.390822
-0.0480978061081	0.416772444482	0.53417570611	-0.673688626503	-0.219661147727	0.209904639236	0.673671030346	1359484734.424005
-0.0631240617935	0.410543399018	0.542098618344	-0.677957122579	-0.215310703134	0.206862538666	0.671731591603	1359484734.457745
-0.0646713837973	0.410036878214	0.540833033941	-0.676400826455	-0.21764429868	0.209556831818	0.671713343222	1359484734.491000
-0.0672424380287	0.411667238065	0.552149391636	-0.68087365392	-0.217455129036	0.214312362707	0.665728582415	1359484734.524136
-0.0646130456758	0.412033135783	0.545466839998	-0.676216229918	-0.221855233168	0.218212055274	0.667753970295	1359484734.557616
-0.0845478126203	0.40004305212	0.544633769562	-0.677935511461	-0.215298387878	0.211319701119	0.67036857802	1359484734.590510
-0.104542662947	0.38906117237	0.557338293904	-0.685006950147	-0.208242553467	0.212181167419	0.665116282591	1359484734.657604
-0.108485083713	0.386142998945	0.555687003941	-0.683573564857	-0.209064560736	0.213484457181	0.665915593311	1359484734.690287
-0.103837604641	0.403543177245	0.561712407993	-0.681882236363	-0.214992248968	0.227225046203	0.661198704622	1359484734.723215
-0.107870735495	0.403438125646	0.568555286818	-0.683936067618	-0.215976405952	0.228674137276	0.658250549885	1359484734.790510
-0.11847989147	0.399770730712	0.556525712297	-0.678318827298	-0.214993232051	0.225990111887	0.66527434043	1359484734.823893
-0.11699912594	0.397938260692	0.55941296753	-0.67738393643	-0.213907092002	0.231329237812	0.664741711036	1359484734.857184
-0.115485856719	0.400173292716	0.564016867309	-0.676261205189	-0.215025898817	0.23670616895	0.663630043605	1359484734.890532
-0.12973193784	0.390549931228	0.586683192184	-0.685377698671	-0.208369531416	0.233252346397	0.657596298227	1359484734.924804
-0.1260401	0.388974791329	0.575431496343	-0.674994216725	-0.214745120181	0.237399950941	0.664762065734	1359484734.956426
-0.127981570309	0.389908492655	0.582715349224	-0.676940705107	-0.213067569406	0.240947891332	0.662040486903	1359484735.023555
-0.132772841703	0.381109021064	0.580621812897	-0.675236358514	-0.212209076285	0.239475484949	0.664586081852	1359484735.057158
-0.136420345595	0.385302591766	0.589140431521	-0.675849606252	-0.212472205335	0.242762767335	0.662683265584	1359484735.089787
-0.137326284307	0.382274744201	0.586307273868	-0.672974515759	-0.211951945187	0.24437276758	0.665179392748	1359484735.123566
-0.134683246604	0.381065986658	0.589767455709	-0.672359014238	-0.212951799641	0.247168249333	0.664449203118	1359484735.156135
-0.131289069416	0.37838574391	0.592236631661	-0.668714283842	-0.214636904024	0.249265824831	0.666797386459	1359484735.222297
-0.130451514373	0.378152177386	0.589230412522	-0.663763186182	-0.216826077321	0.249069761513	0.671095476637	1359484735.289447
-0.131642120914	0.373583733794	0.593346924831	-0.662173924613	-0.218922114356	0.244624386934	0.673615402678	1359484735.322786
-0.141106607856	0.366238215771	0.610244025206	-0.667124756493	-0.215738170902	0.237886333217	0.672169393351	1359484735.356131
-0.118935696007	0.376942279975	0.621247637458	-0.6618202846	-0.226906624391	0.24437723028	0.671406779844	1359484735.389979
-0.135584983333	0.364543005728	0.636186087541	-0.667777264612	-0.219224649545	0.234541378134	0.671568626309	1359484735.423212
-0.137626494528	0.359894008352	0.645208008002	-0.669453579409	-0.217422974272	0.231501708233	0.671540106293	1359484735.456765
-0.120077821633	0.36947891951	0.626422901964	-0.656387362287	-0.226115717314	0.237166880228	0.67954336428	1359484735.493654
-0.125150781896	0.354213620729	0.619847966285	-0.651347826891	-0.223618036377	0.22949727017	0.687802286414	1359484735.523092
-0.125656401241	0.351201158054	0.648373090446	-0.660942623685	-0.220446352446	0.228572852609	0.679935809426	1359484735.558308
-0.120372897093	0.366099536735	0.677534745245	-0.670217535263	-0.221885441149	0.232721005931	0.668891799794	1359484735.590517
-0.120873361969	0.358754222839	0.672848738154	-0.666624567527	-0.220982512936	0.228644866239	0.674166107194	1359484735.623908
-0.115886389896	0.358001677344	0.679193114297	-0.667502777081	-0.222611014594	0.227824425673	0.673038193446	1359484735.659238
-0.114804786436	0.352864704593	0.687066887884	-0.669750406248	-0.222820771313	0.224265250237	0.671930349618	1359484735.691333
-0.111103869115	0.348145565172	0.687694371392	-0.668809899406	-0.223822360978	0.221674289268	0.673392440305	1359484735.724600
-0.109322426725	0.343148133786	0.688579862607	-0.669025411663	-0.224281027365	0.218654830803	0.674012673679	1359484735.758261
-0.103319428833	0.339717078563	0.691388752739	-0.670089571019	-0.225855493103	0.218061051361	0.672620725911	1359484735.791153
-0.100770419507	0.328500561119	0.704107566804	-0.677460000553	-0.221679361984	0.216608527755	0.667073424613	1359484735.824423
-0.0938498901102	0.322748805864	0.697224752451	-0.675158262651	-0.221834371065	0.217886364347	0.668936741717	1359484735.856913
-0.0874472769761	0.325213287003	0.696938587125	-0.675083259247	-0.224163740129	0.219124200288	0.667830663824	1359484735.890221
-0.103677072107	0.303180632688	0.711258448736	-0.682694827633	-0.215135098558	0.208772987364	0.666377146546	1359484735.957900
-0.067803294209	0.324667578507	0.704574456918	-0.675078743121	-0.229576681228	0.222438937356	0.664894094702	1359484735.991218
-0.0770043458694	0.308377846796	0.711920370674	-0.678248971582	-0.225115950958	0.214851607891	0.665687560166	1359484736.025405
-0.0595928386014	0.312935897609	0.70784465203	-0.673650733013	-0.230251509456	0.220978726561	0.666593830388	1359484736.058062
-0.0653336430024	0.305069955665	0.713193759657	-0.674557666737	-0.228863614809	0.215359565344	0.667992258696	1359484736.091240
-0.0560770003283	0.286688624615	0.716706531973	-0.672933250272	-0.227243564663	0.215463840626	0.67014665289	1359484736.124115
-0.063605521473	0.269893980287	0.720913609577	-0.674000298012	-0.222192454136	0.210055826097	0.672480974844	1359484736.157599
-0.0547920185468	0.26855029629	0.720748216352	-0.672126833749	-0.224134570285	0.212687907475	0.672884141418	1359484736.191446
-0.0506858777732	0.270516909965	0.747864582135	-0.681087291568	-0.223188885219	0.21589232164	0.663096771396	1359484736.224056
-0.0657394256376	0.254649942686	0.752918874906	-0.683209182166	-0.218556659192	0.206792137972	0.665353448777	1359484736.328210
-0.0514719432821	0.248213754915	0.746560419222	-0.678581237475	-0.220888302425	0.210768952843	0.668066097416	1359484736.358178
-0.0420914494811	0.232696235968	0.753951198858	-0.680494339785	-0.220761376738	0.211516489127	0.66592240005	1359484736.391563
-0.0483404536646	0.22225317525	0.759328728179	-0.683690270597	-0.218034562583	0.207600370811	0.664778631914	1359484736.424916
-0.035640987655	0.221493347678	0.757952022796	-0.682649140891	-0.22112809231	0.211501715317	0.663595917445	1359484736.457812
-0.0216302889584	0.220754061361	0.76102023112	-0.682647330947	-0.224805862207	0.215265131429	0.661147388303	1359484736.492013
-0.0139692433465	0.215651259631	0.761853718956	-0.682602903155	-0.225878606307	0.217193540681	0.66019625696	1359484736.526409
-0.0235237214686	0.201330020871	0.777388330879	-0.688908138663	-0.221373143473	0.212454918474	0.656705729721	1359484736.558882
-0.00854576554598	0.201371415919	0.773413026184	-0.685883516168	-0.22474381572	0.217344903207	0.657126481428	1359484736.591782
0.0014528911356	0.196073940554	0.78272683723	-0.68752550895	-0.225352745804	0.220968639187	0.653985989909	1359484736.625676
0.00555867284558	0.192463198345	0.775798661283	-0.684140329311	-0.226212336465	0.221571366296	0.657028247702	1359484736.658477
0.0184626355662	0.197198111048	0.772770814046	-0.681599151355	-0.228476023193	0.227829071705	0.656745930923	1359484736.691988
0.0295586619546	0.175453363624	0.774979395395	-0.682203308075	-0.226786209535	0.229123322268	0.656253887462	1359484736.724696
0.0059064522637	0.148336803194	0.790558169596	-0.689935698759	-0.217398697156	0.21779526938	0.655203600942	1359484736.758195
0.0291296286518	0.153942449483	0.76773509337	-0.680993457833	-0.223397927682	0.225717519464	0.659843070512	1359484736.826114
0.0407662681623	0.157034074992	0.779068053047	-0.683835737756	-0.22597826389	0.229412426436	0.654730819966	1359484736.858216
0.0409903380666	0.145699955659	0.777478980186	-0.683545641802	-0.227078013386	0.225359283054	0.656059543754	1359484736.891488
0.0513919481297	0.134768647629	0.77710304714	-0.683028647088	-0.229823789613	0.224380613097	0.655977311689	1359484736.925594
0.0491180024412	0.110296887166	0.797130144992	-0.692155990122	-0.231203012807	0.213504566627	0.649523711836	1359484736.957981
0.0512918954823	0.10240642169	0.806085723891	-0.696365185797	-0.232038137713	0.210579234637	0.645670362179	1359484736.991792
0.0784413647765	0.107084075125	0.787147751311	-0.689302639924	-0.241826053469	0.215134754439	0.64815049787	1359484737.058710
0.0938187124897	0.104926270875	0.795087713195	-0.69169969421	-0.248189714779	0.213300094404	0.643782935651	1359484737.092291
0.102288093124	0.0968379905174	0.791786921648	-0.690316145904	-0.252770555091	0.209985395378	0.644574897829	1359484737.160466
0.101254692811	0.0847839488673	0.800535764189	-0.693441462675	-0.251878999272	0.206595653788	0.642661764386	1359484737.195200
0.0990138697575	0.0780247497585	0.77845745383	-0.687533429422	-0.251394311012	0.204179621055	0.649930277925	1359484737.225317
0.0901862207021	0.0581722078347	0.821758530977	-0.69998184788	-0.245591507853	0.201304174791	0.639677147568	1359484737.326396
0.105901142336	0.076027288348	0.816168266885	-0.696032706482	-0.249850325288	0.209583993942	0.639677915786	1359484737.359461
0.117334308738	0.0691008113561	0.820117338547	-0.691758277269	-0.252433372138	0.211516099359	0.642657621267	1359484737.393333
0.124437982541	0.0798347879763	0.815474278343	-0.686724763799	-0.255710215853	0.215567900564	0.645408292897	1359484737.426359
0.126854887063	0.0692055335052	0.830454866591	-0.68780347835	-0.255294307728	0.214455624343	0.644794522929	1359484737.460465
0.127622145502	0.0739323892504	0.827520659705	-0.684207302259	-0.256456656018	0.215787951584	0.647708199015	1359484737.493632
0.123179403573	0.0442415534292	0.841761146925	-0.685923787978	-0.253238833576	0.209712631358	0.649152726639	1359484737.526703
0.1067120454	0.0483399108146	0.82637158179	-0.681728460252	-0.251099117259	0.206071387644	0.65553804084	1359484737.558170
0.117030911702	0.0313792623819	0.841659901576	-0.684515101988	-0.250820023859	0.207732717492	0.652208179084	1359484737.592908
0.0980024212149	0.0182801532382	0.84431929215	-0.689889785186	-0.240852504796	0.207440378097	0.650392685048	1359484737.625997
0.100840568195	0.0140200416318	0.850013319234	-0.695300625304	-0.236539080301	0.214228326072	0.643981776334	1359484737.660374
0.101569919236	0.0163551204744	0.852302644099	-0.69941356324	-0.231811590668	0.221182950635	0.638875697093	1359484737.693052
0.114129634106	0.0162944463338	0.848173004121	-0.700431291308	-0.227214726279	0.236584815791	0.633874671568	1359484737.758701
0.108751228868	0.0144542984274	0.874120086768	-0.706122906445	-0.222347250874	0.238916747781	0.628387562458	1359484737.825940
0.112753853125	0.0104921136575	0.864402881596	-0.701652408129	-0.223382226522	0.240449961854	0.632430308322	1359484737.893036
0.128297370667	0.0129778424107	0.851256102826	-0.694707881664	-0.227035213921	0.246492797158	0.636456810587	1359484737.925312
0.11714655916	0.00776432440526	0.85890917957	-0.696729593857	-0.224150863267	0.243084273209	0.63658015965	1359484737.958931
0.116333562844	-0.00212165576714	0.854569046152	-0.694207609398	-0.223965300053	0.24072269375	0.640287376214	1359484737.992630
0.119831947671	0.00283156374214	0.851583199436	-0.692073092051	-0.22740570116	0.239954064064	0.641672447187	1359484738.026550
0.123453452192	0.00519653744929	0.857488100589	-0.692099820447	-0.230440815677	0.238252687422	0.64119460848	1359484738.059280
0.115956763451	-0.00791487080023	0.866507835451	-0.693385339772	-0.230417255875	0.231655275982	0.642230871178	1359484738.092642
0.14136617651	0.0173172336999	0.852849923817	-0.686182961999	-0.241061639052	0.237908986417	0.643771343741	1359484738.125171
0.144870907487	0.0211963935243	0.84587355837	-0.682460640298	-0.2446961972	0.236740183641	0.646780744124	1359484738.158472
0.121012258273	0.00157585140803	0.867104362766	-0.688853358875	-0.23954822117	0.225735792027	0.645864577058	1359484738.193963
0.133083295383	0.00949326108261	0.854502553141	-0.682790275779	-0.246045881012	0.22723210554	0.649326138355	1359484738.225475
0.133283210033	0.0114799259579	0.851086362951	-0.680418116205	-0.248295308816	0.225614887742	0.651520183255	1359484738.292582
0.131756528896	0.00751178226676	0.856419365069	-0.679326205303	-0.250405947013	0.220910574623	0.653461006112	1359484738.324991
0.139746831789	0.00959331096767	0.852772212321	-0.676513894046	-0.253620858514	0.221687835663	0.654873968644	1359484738.358605
0.136933933982	0.0134719441624	0.851937678109	-0.675814621208	-0.255280038994	0.219979379341	0.655527094876	1359484738.426114
0.125573210728	0.00219903665591	0.869999137442	-0.681202576005	-0.252380385339	0.214641128747	0.652837175252	1359484738.459070
0.1114715381	0.0067009104711	0.86398813813	-0.680099055887	-0.251719854557	0.211512093175	0.655259508472	1359484738.525054
0.128982176019	0.00636331127711	0.859921982242	-0.676616854348	-0.254809111763	0.216494686885	0.656042681176	1359484738.625456
0.121003869634	-0.00532353588919	0.859478477217	-0.677729294557	-0.252958846215	0.215238826614	0.656023683214	1359484738.659425
0.134602694409	0.00631813747373	0.839702090826	-0.671987606913	-0.259029550553	0.221006171443	0.657641711177	1359484738.692006
0.132732838449	0.00283672386444	0.846496516292	-0.675213631199	-0.255258416671	0.227785032438	0.653485785583	1359484738.926076
0.120870384202	-0.00052751606949	0.856777093981	-0.679158562269	-0.251043678429	0.228220750449	0.650873265608	1359484738.959142
0.116303132287	-0.0153377463818	0.867040033854	-0.681961803803	-0.248089298767	0.226941848411	0.649520742879	1359484738.992982
0.117439715245	-0.0136305418157	0.858970929597	-0.68007468076	-0.247517564508	0.2306669607	0.650404671794	1359484739.025370
0.115654400184	-0.024110330919	0.86710735589	-0.684351258193	-0.244779242392	0.232044172573	0.646453385697	1359484739.326351
0.117157912411	-0.018527984403	0.867815549789	-0.685424250329	-0.244574283046	0.235207419332	0.644247225082	1359484739.459412
0.1184559541	-0.00692665323965	0.880342821784	-0.68220179641	-0.247591891245	0.24737103351	0.641955244659	1359484739.492700
0.115724615045	-0.0117707601014	0.868517542982	-0.674235946626	-0.249855818273	0.246796561169	0.649668696912	1359484739.526615
0.122497169509	-0.00730866642958	0.878293632926	-0.669439926602	-0.25543553712	0.249488622066	0.651427892024	1359484739.558956
0.116834985342	-0.0190520979304	0.874215800119	-0.662600980085	-0.255507309044	0.248275199084	0.658813616841	1359484739.659634
