0.0110896	-0.451704	1.03037	0.163045	3.02459	-0.153809	76	28.3333	56	30.6667	73	11	54.9234	11	858.784
0.00930079	-0.443491	1.01498	-0.0305702	-3.20095	0.161388	75.1175	30.0983	55.1175	29.49	74.1972	11	54.9908	11	858.794
0.010537	-0.445532	1.02677	0.085782	3.09548	-0.042241	75.307	29.4268	55.5995	31.108	74.0339	11	54.9989	11	858.804
0.00957338	-0.418996	0.95792	-0.00502372	-3.13674	0.297199	75.9151	29.9298	54.1958	29.8431	74.8498	11	54.9999	11	858.814
0.0130353	-0.422536	0.962038	-0.0261658	-3.18755	0.330036	76.2821	29.9914	54.9015	29.1032	74.9768	11	55	11	858.824
0.00517444	-0.437622	1.0175	0.0128515	-2.78444	-1.40856	73.9869	29.7064	54.9879	29.3052	74.9975	11	54.1224	11	858.834
0.00614178	-0.450562	1.04794	0.0666605	2.83799	1.31231	73.9984	28.794	55.8761	30.5	74.4143	11	54.0212	11	858.844
0.00635265	-0.444063	1.02875	-0.00183051	-2.74603	-1.41229	73.9998	29.2673	55.6923	29.1837	74.8986	11	54.0023	11	858.854
0.0126108	-0.430115	0.995265	0.0765837	3.04844	-0.0546419	75.4626	30.4953	55.9623	30.7776	74.9889	11	54.293	11	858.864
0.00511794	-0.436405	1.01898	0.0110213	-2.80592	-1.34831	73.8866	30.0606	55.1665	29.7211	74.9986	11	54.0359	11	858.874
0.00734512	-0.440948	1.02682	0.0361124	-2.69307	-1.3144	73.9861	30.2999	56.2058	29.0788	74.9998	11	54.0044	11	858.884
0.0108109	-0.4654	1.08879	0.0821605	2.85839	0.958828	73.4133	29.7442	56.7665	31.1412	74.5865	11	54.8781	11	858.894
0.00877361	-0.407416	0.936179	-0.020085	-3.22249	0.299027	75.9268	31.2883	54.3917	29.3767	74.9836	11	54.0249	11	858.924
0.00939842	-0.420851	0.980552	0.0251273	-3.19063	0.0438233	75.1099	32.2094	54.6341	30.22	74.9976	11	54.8843	11	858.934
0.00748711	-0.412076	0.967075	-0.00326424	-3.21515	-0.0137329	75.0134	32.6108	54.6627	30.9046	74.9996	11	54.1081	11	858.944
0.00762875	-0.414315	0.952895	0.0719549	3.0707	-0.247854	76.1717	30.0271	54.3737	30.6958	74.1084	11	54.3058	11	858.954
0.00451216	-0.420919	0.971704	0.00935341	3.19393	-0.219505	75.1435	29.4183	53.7532	31.5478	74.3059	11.2927	54.915	11	858.964
0.0139193	-0.40646	0.943569	-0.0488923	-3.2211	0.200528	76.7727	31.3914	54.8473	30.7746	74.915	11.0358	54.9896	11	858.974
0.00543099	-0.440266	1.04217	0.00120074	-2.71539	-1.15853	74.2779	31.1027	56.1748	30.2193	74.0585	11.0546	54.0075	11.9924	859.004
0.00543099	-0.440266	1.04217	0.00120074	-2.71539	-1.15853	74.2779	31.1027	56.1748	30.2193	74.0585	11.0546	54.0075	11.9924	859.014
0.00867284	-0.407723	0.967548	0.0914004	-2.63543	-1.35946	74.9117	31.8903	55.3463	29.3594	75.7882	11.8969	54.0007	11.0882	859.024
0.0128051	-0.413315	0.967733	-0.00672735	-3.22729	0.264456	75.8668	31.9866	55.0444	29.9179	75.0961	11.9874	54.8791	11.8896	859.034
0.00967831	-0.423271	0.998212	-0.00378741	-3.29827	0.22568	75.1061	32.5834	55.0048	29.6936	74.1342	12.5835	54.9852	11.9865	859.044
0.00905372	-0.407705	0.962653	-0.0121906	3.09452	-0.273698	75.598	31.4864	54.1224	31.1336	74.894	12.6565	54.9982	11.9983	859.054
0.00621451	-0.416736	0.993269	0.0792732	3.05846	-0.128781	75.0732	30.767	54.8926	32.7715	74.1095	12.9579	54.1222	11.9998	859.064
0.0101892	-0.39554	0.951606	0.0702434	3.0186	-0.139517	75.8865	32.1416	54.9868	32.972	74.891	12.9949	54.015	12	859.074
0.0109951	-0.392719	0.925575	-0.0577199	-3.23552	0.323202	76.5711	32.0173	54.7059	30.9489	74.9866	12.1218	54.0018	12	859.084
0.0101195	-0.406341	0.960994	0.0308885	-3.23715	0.2978	75.4849	32.5872	54.3789	30.1162	74.9977	12.848	54.8778	12	859.094
0.00780647	-0.411124	1.00973	0.120154	-2.65487	-1.23056	74.4743	33.242	55.509	30.8918	74.9997	13.874	54.6925	12.2925	859.104
0.00760404	-0.418025	1.00622	-0.0562727	2.91205	1.51831	74.6431	31.2745	55.6474	30.4017	75	13.1506	54.0848	12.0358	859.114
0.00743532	-0.421506	1.0152	-0.0332163	2.86804	1.43811	74.0787	31.0336	55.6643	30.9267	75.2969	13.0165	54.0848	12.0358	859.124
0.00360108	-0.413765	1.01762	0.0585722	-2.83957	-1.23678	73.1321	33.0518	55.0813	31.5761	75.3289	13.002	54.0041	12.953	859.134
0.00468091	-0.399034	0.967176	0.00769288	-3.20013	0.23153	74.7713	33.0063	54.1324	31.9481	74.7477	13.5853	54.0005	12.9944	859.144
0.00720228	-0.405738	0.984493	0.00985752	3.03906	-0.203466	74.6795	32.7083	54.8938	31.9936	74.9691	13.9492	54.0001	12.9993	859.154
0.00922745	-0.402842	1.01651	-0.0499622	2.93246	0.975021	73.4956	34.3238	55.2795	33.7543	75.8738	13.9938	54.8776	12.9999	859.164
0.0016211	-0.397793	0.9951	-0.0150072	2.80381	1.22019	73.3478	32.8146	54.1567	33.3849	75.1512	13.9989	53.8149	13	859.174
0.00840343	-0.380874	0.939192	0.0884195	3.00643	-0.0551922	75.679	33.8565	55.1893	33.9247	75.0235	13.1553	53.0998	13	859.184
0.000843069	-0.393918	0.976481	0.0663655	-3.06574	-0.0199601	73.9129	34.8601	53.8531	32.8207	75.0026	13.0169	53.8898	13.8776	859.187
0.00438472	-0.3894	0.972814	0.0113568	-3.1296	0.0349653	74.5831	34.3917	54.2801	33.8693	75.0007	13.7334	53.9878	13.9864	859.204
-0.000792523	-0.38006	0.960636	0.0444061	-2.86498	-1.17881	74.0711	34.3405	53.6345	33.5637	75.0001	13.6725	53.1205	13.1203	859.214
0.00150775	-0.367175	0.93342	0.078195	-3.0893	0.0218663	74.3012	35.7968	53.0986	34.7767	75.586	14.2534	53.8923	13.8923	859.224
0.00558122	-0.384162	0.98863	0.0752338	-2.80243	-1.14537	74.0369	35.0976	55.0908	33.7871	75.5149	14.8708	53.9868	13.9868	859.234
0.00508751	-0.378063	0.963124	-0.0357194	3.12994	-0.0585625	74.8821	35.0119	53.5475	35.1449	74.7594	14.9859	54.8759	13.9984	859.244
0.00288307	-0.367729	0.958857	-0.0304198	3.11409	1.04412	74.693	35.879	54.8222	35.6028	74.9707	14.4129	53.2297	13.9998	859.254
0.00353394	-0.352031	0.906353	0.00853495	2.97362	-0.186203	75.2549	36.2777	53.5156	35.0738	74.9964	15.8057	53.0281	14	859.264
0.003973	-0.353351	0.900343	0.0481341	-3.28589	0.256643	75.3237	37.2041	53.0892	33.3589	74.9996	15.0987	53.5885	14	859.274
0.00359396	-0.362654	0.934675	0.0563474	-3.18877	0.222982	74.7471	36.1474	53.3066	34.5237	75.2925	15.8896	53.9288	14.8269	859.284
0.00574252	-0.367301	0.944306	0.0579941	-3.12203	0.122554	74.6765	36.0181	53.9155	34.6492	75.9134	15.1089	53.9922	14.9811	859.294
0.000229876	-0.369332	0.951391	0.117403	-3.00435	0.103793	74	36	52.6667	35	75	15	55	15	859.344
0.00863787	-0.338089	0.887077	0.0215812	-3.13964	0.310111	76.5005	36.8335	53.255	35.8825	75.8979	15.8979	54.1665	15.8335	859.354
0.000399108	-0.353494	0.956605	-0.0428154	3.19935	-0.0162615	74.0613	36.9959	53.3313	37.9451	75.0232	16.9715	54.0041	16.3211	859.384
0.00107796	-0.352472	0.961882	0.0694838	-3.16137	0.106989	74.0073	38.1749	53.3331	36.8182	75.0039	17.8274	54.0007	16.8861	859.394
0.00134326	-0.331427	0.92953	-0.004897	2.84006	1.11258	74.0009	38.0214	53.3333	38.1481	75.8454	17.1284	53.1092	16.9876	859.404
0.00342721	-0.325845	0.92061	-0.016565	2.8875	1.20619	74.8777	38.0026	53.6259	38.3106	75.9761	17.8654	53.0133	16.9985	859.414
0.00422977	-0.33561	0.973363	-0.0491753	3.10187	0.77658	74.1075	40.048	54.5945	39.5015	75.4031	18.5797	53.8792	17.8774	859.424
0.00421859	-0.324865	0.929482	0.0235183	-2.85441	-1.1968	74.8907	38.8358	54.0531	38.134	75.9273	18.0706	53.1077	17.985	859.434
0.00675844	-0.324487	0.907913	-0.0340939	3.1069	-0.296168	75.5717	38.6874	53.4205	38.3092	75.9911	18.8862	53.8907	17.9982	859.444
0.00868786	-0.31396	0.881889	-0.000339405	-3.25577	0.3597	76.2401	39.8393	53.9291	37.7453	75.9989	18.9861	53.1091	17.9998	859.454
0.00447529	-0.306467	0.887465	0.00786296	-3.33388	0.215278	75.4444	41.4429	53.4063	39.1389	75.1729	19.8245	53.0134	18	859.464
0.00084075	-0.301706	0.908835	-0.11775	3.12527	1.0046	74.4694	41.9318	53.6348	40.4796	75.9096	19.9808	53.0016	18	859.474
0.00584152	-0.317834	0.945137	0.0393208	-2.92726	-0.923503	74.6425	40.8216	54.5403	40.0587	75.989	19.1195	53.5852	18.8776	859.484
0.00739956	-0.316512	0.940666	-0.05269	2.93497	1.16784	74.9562	40.1006	54.0662	39.4222	76.2912	19.8922	53.9492	18.985	859.494
0.00870593	-0.305957	0.895304	-0.0463586	3.19109	-0.316843	75.692	40.0297	53.598	40.3135	76.9132	19.9868	53.9938	19.8757	859.504
0.00528895	-0.288722	0.886069	0.101706	-2.68845	-1.14349	75.9725	42.4313	53.9375	39.6265	76.1581	20.8246	53.1217	19.3997	859.514
0.00518847	-0.287557	0.879528	0.0513795	-3.17395	0.0771457	75.4107	43.2242	53.1448	41.6335	76.6111	20.6839	53.0149	19.9265	859.524
0.00377818	-0.292087	0.881289	-0.00688702	-3.24301	0.271975	75.9279	42.1498	53.0223	41.0978	75.1964	20.9615	53.0018	19.991	859.534
0.0062791	-0.288317	0.885733	-0.00849641	3.12681	-0.109884	75.9912	42.0183	53.0034	43.1292	75.9016	20.9953	53.8778	19.9989	859.544
0.00813602	-0.286056	0.885229	0.0145996	3.1073	-0.241611	76.584	42.0022	53.2975	43.014	75.6954	21.5845	53.985	20.8774	859.554
0.00882273	-0.268649	0.839272	0.0288208	3.0341	-0.298706	77.5341	43.4629	53.0513	43.0024	75.9473	21.5146	53.1705	20.9788	859.564
0.0097491	-0.267189	0.844276	-0.0130735	-3.3038	0.252809	77.0654	45.1043	53.5994	42.4065	75.9942	21.65	53.0186	20.9977	859.574
0.0148038	-0.276193	0.879021	-0.0495968	-3.34325	0.107201	77.008	44.4277	54.8293	43.2204	75.999	21.9397	53.8804	20.9997	859.584
0.0112993	-0.270177	0.868381	-0.0265117	-3.32404	0.332105	77.2935	44.9299	53.809	42.7345	75.1092	22.8841	53.9854	21.8775	859.594
0.0117287	-0.271988	0.881615	-0.00236516	-3.284	0.224468	76.7434	44.9914	53.9766	43.26	75.8465	22.98	53.9982	21.985	859.604
0.00645067	-0.283202	0.927688	0.0584007	-3.1802	-0.0921222	74.921	44.999	53.7046	43.6169	75.9761	22.9969	53.9998	21.9982	859.614
0.00852993	-0.269785	0.91715	0.0530461	3.00394	0.695026	75.8132	44.5864	54.5489	45.7082	75.9963	22.9995	53.1224	22.8773	859.624
0.00431513	-0.265986	0.904464	-0.0159879	3.07304	0.0796711	75.0889	45.8454	53.4822	45.3792	75.9996	23.8915	53.015	22.985	859.634
0.00382088	-0.262119	0.881254	0.0311197	-3.15584	0.0339594	75.5962	46.2739	53.059	44.7539	76	23.1086	53.0018	22.9982	859.644
0.0025747	-0.253982	0.867594	0.0492206	-3.04858	0.0501785	75.658	46.9111	52.7147	45.2624	76.2925	23.0133	53.0002	23.8773	859.654
0.00902478	-0.26136	0.91301	0.00487938	3.14592	0.233294	75.6656	46.1116	54.1351	46.7872	76.3283	23.8792	53.8776	23.985	859.664
0.0109306	-0.251786	0.885449	0.0655868	-2.90473	-0.422144	75.5287	47.2597	54.6016	46.3889	77.7953	23.1076	53.985	23.9982	859.674
0.00424238	-0.240198	0.841428	0.064945	-3.05415	0.0922047	75.9485	47.6222	52.3185	46.6327	77.0974	23.8907	53.1206	23.9998	859.684
-0.00101085	-0.251468	0.878799	-0.0317685	3.13752	-0.131536	75.1156	46.4904	52.039	46.6625	75.363	24.808	53.0148	24	859.694
0.00605554	-0.233381	0.852213	0.0195533	3.08028	0.721524	76.2605	47.7388	53.7599	48.1288	76.821	24.0883	52.1243	24	859.704
0.00741937	-0.24034	0.873142	-0.00468764	-3.27343	0.0914549	76.0405	48.3816	53.6781	47.1382	76.1001	25.767	52.8928	24.8776	859.714
0.00713858	-0.235846	0.857198	0.0454419	2.95681	-0.203386	76.8518	48.0589	53.3755	47.602	75.1904	25.9597	52.9869	24.985	859.724
0.0105619	-0.237429	0.884244	0.00187754	3.09705	0.40402	76.0924	48.6007	54.2161	48.5363	76.8021	25.1049	53.5834	24.9982	859.734
0.00430091	-0.23321	0.868263	0.0568374	-3.00116	-0.340322	75.7185	49.2441	53.1489	48.0657	76.6832	25.0128	53.0714	24.9998	859.744
0.00767135	-0.218321	0.844632	0.0186649	2.8373	0.52896	75.088	49.6149	53.3107	50.0557	76.9612	25.8791	53.0087	25	859.754
0.00928559	-0.218665	0.830246	0.0737543	-3.03583	0.0884351	76.6691	49.9334	52.6403	49.1827	77.8728	25.9852	53.8786	25.8776	859.764
0.0055882	-0.21496	0.867343	0.0690224	-3.02849	-0.805812	75.1825	50.5865	52.9607	49.3169	77.3994	27.4608	53.1076	26.8626	859.774
0.00571579	-0.219549	0.874903	0.00216223	2.93654	0.816239	75.4453	49.2734	52.9952	49.624	76.7564	27.0564	53.0132	26.9832	859.784
0.00540744	-0.2219	0.876801	0.0393609	3.05132	-0.000155984	75.9138	49.0425	53.2919	50.8316	76.0926	27.8845	52.7091	26.9979	859.794
0.00777352	-0.200966	0.833732	0.0838053	2.79596	0.324493	75.9906	51.0847	53.3283	52.7345	75.7188	27.4008	52.9644	26.9997	859.804
0.00581091	-0.199448	0.817155	-0.0511362	-3.24185	0.182797	77.4094	51.731	52.7477	51.5049	75.9513	27.8963	52.1181	27.8775	859.814
0.000810542	-0.201736	0.857716	0.0402357	-2.85635	-0.804326	75.8221	51.6724	53.3698	50.6739	75.9924	28.8284	52.0145	27.985	859.824
-0.000942713	-0.196664	0.855544	0.0394806	-2.82925	-0.739172	75.948	52.6119	53.0404	50.9643	75.576	28.9735	52.0018	28.8757	859.834
0.00240295	-0.186296	0.831229	0.0348544	-2.94786	-0.612702	76.299	53.5727	52.7122	52.4592	76.8455	28.9971	52.0002	28.9848	859.844
-0.00101266	-0.190287	0.826368	0.0275374	-3.1151	0.0704485	76.0512	53.5124	51.5021	52.6413	75.8103	28.9996	52.2925	28.9981	859.854
0.00187571	-0.178805	0.830893	0.0213738	2.92286	0.549525	75.1633	53.9242	52.2316	54.4187	76.5618	29.585	52.0358	29.8773	859.864
0.00382984	-0.187778	0.841512	0.0754688	2.86446	0.109845	75.8708	53.1427	53.2805	54.0725	75.1912	29.9492	52.0044	29.1074	859.874
-0.000536385	-0.174598	0.832606	-0.0574081	3.28588	0.860455	75.9801	54.7133	53.4659	53.589	75.86	31.2316	51.708	29.8907	859.884
-0.00214979	-0.169806	0.828497	0.0490419	-2.77519	-0.840887	75.5741	54.9557	53.4659	53.589	75.9847	31.916	51.0867	30.5717	859.894
-0.000856247	-0.164024	0.804643	0.0586606	-2.82578	-0.985343	76.3571	54.9932	52.066	53.0265	76.8763	31.9898	51.0106	30.9476	859.904
0.00284419	-0.16498	0.801172	0.00437616	3.05276	-0.143538	76.9008	55.8446	51.7143	55.6454	76.3998	31.7062	51.8789	30.9936	859.914
-0.00520964	-0.16608	0.818884	-0.01256	3.09133	0.0671482	75.2062	55.686	50.7948	56.2492	75.7564	31.6715	51.4001	30.9992	859.924
-0.00254962	-0.159842	0.809316	-0.00960377	3.04111	-0.135254	75.8633	56.7736	51.2674	56.0305	75.9702	32.8373	51.049	31.8775	859.934
-0.00600264	-0.157069	0.827532	0.0506104	-3.02765	-0.573241	75.1342	56.9648	51.3253	56.0037	75.9948	32.9718	51.006	31.985	859.944
-0.00103659	-0.156057	0.816766	0.00230164	3.02505	0.174339	75.6089	56.9962	51.3323	57.4631	75.9994	32.4031	51.8783	31.9982	859.954
-0.00116969	-0.147607	0.814833	0.0149867	2.99564	0.328657	75.6596	57.585	51.6257	58.2268	76.2926	33.5127	51.1075	32.8773	859.964
-0.00150882	-0.147528	0.841776	0.0473018	2.93355	0.48149	75.1141	57.1012	52.5392	58.6128	75.7433	34.5254	51.0132	33.8625	859.974
-0.00388955	-0.147214	0.833877	0.0473752	-2.93257	-0.4595	75.0307	58.4889	52.5068	57.6926	75.9686	34.0643	51.5867	33.3981	859.984
0.00310134	-0.140213	0.818764	0.021908	2.94201	0.445103	75.7826	58.1097	52.6492	59.1539	76.8215	34.8381	51.3643	33.6338	859.994
-0.00473755	-0.143951	0.827476	0.0195411	-2.99248	-0.68698	75.1718	58.0241	52.0791	57.5552	76.0898	34.3885	50.7521	33.9552	860.004
-0.00643939	-0.139612	0.822047	0.0344354	-2.97567	-0.618312	75.0211	58.88	51.7172	57.9456	76.0109	34.6328	50.6771	34.287	860.014
-0.00515901	-0.132028	0.802392	0.0103055	-3.1176	0.218641	75.8507	59.8292	50.7106	59.6444	76.0019	35.7634	50.9605	35.7903	860.024
-0.00498931	-0.130318	0.818549	0.0639396	-3.07005	-0.120818	75.1312	60.8194	50.9684	59.6642	76.2971	35.9741	51.5802	35.3893	860.034
0.00256966	-0.124141	0.811379	0.000697482	2.88483	0.440426	75.0202	60.5493	52.167	60.8372	76.8789	35.9955	51.9486	35.6327	860.044
0.00448003	-0.125832	0.810882	0.0333311	2.831	0.182558	75.4259	60.5076	53.2693	60.9718	76.393	36.5933	51.4087	35.0775	860.054
-0.00554369	-0.113934	0.801031	0.0242347	3.09554	0.561696	75.4886	61.3468	51.8419	61.8876	76.0479	36.9504	49.88	36.7646	860.064
-0.00814639	-0.113248	0.819327	0.000495801	2.98424	0.712486	74.1234	61.0288	51.5157	61.5178	76.0015	37.9672	49.9963	37.6385	860.094
-0.00806334	-0.10239	0.782507	0.0637806	-2.86008	-0.613962	75.7844	63.6586	51.0764	61.5026	76.0002	38.5836	50.2933	37.3696	860.104
-0.00656953	-0.101232	0.806807	-0.0789759	3.19356	0.503839	75.1192	63.9481	51.0083	62.5407	76.2926	39.5342	50.9136	37.9229	860.114
-0.00259612	-0.0956122	0.790084	-0.0372673	2.99635	0.613956	75.4413	63.5691	50.5876	63.3348	77.2059	39.3579	50.9894	38.8681	860.124
-0.00762246	-0.0943867	0.802793	-0.105554	3.28062	0.598652	75.0311	64.8992	51.3149	63.0083	76.0315	40.6324	50.9997	38.3473	860.154
-0.0139287	-0.0858563	0.799328	-0.00102898	-2.83461	-0.310783	75.0035	65.8742	51.3311	65.0579	74.2408	40.075	50.1185	40.6856	860.164
-0.0133881	-0.086768	0.818839	-0.0389062	3.0036	-0.107896	74.1525	65.9809	49.5776	65.2997	74.322	42.0572	50.5996	40.669	860.174
-0.00773443	-0.0730693	0.799435	-0.0631356	3.07073	0.537779	74.7735	66.7277	50.5333	66.2068	76.3796	43.1771	50.3659	41.252	860.184
-0.00846988	-0.0713485	0.811666	-0.0260985	-2.94534	-0.444926	75.4083	66.9656	52.1129	66.9029	75.1689	42.4366	50.0448	42.786	860.194
-0.0106039	-0.075797	0.799749	-0.00802815	-3.02516	-0.224264	75.486	66.9948	50.8438	66.6956	75.0292	41.6621	50.0055	41.8037	860.204
-0.00958817	-0.0663391	0.763635	0.017938	-3.00212	0.454607	75.9637	67.929	49.0484	67.9658	75.9759	43.2919	50.6493	43.9424	860.234
-0.00869536	-0.0648009	0.798484	0.0522869	-3.13638	0.0916055	75.1101	68.8776	49.8872	67.9959	75.7033	43.9161	50.9584	43.1117	860.244
-0.0133571	-0.0624618	0.813338	0.0108194	-2.90002	-0.171563	75.0291	68.9677	50.8639	67.9995	74.2083	43.6972	50.7023	43.8914	860.254
-0.0166112	-0.0552766	0.763539	-0.00846294	3.05238	-0.311192	75.0009	69.4827	48.1101	69.9231	74.6548	44.9662	49.0442	43.9972	860.284
-0.0118715	-0.0476729	0.765046	-0.0229317	2.92246	-0.276856	75.0001	70.35	49.2066	70.5896	75.5467	47.0528	48.7114	44.2935	860.294
-0.0129125	-0.0284294	0.792326	0.0491196	2.97653	-0.0100858	75	72.5806	50.2529	73.5033	74.1972	47.8047	48.9987	47.8203	860.324
-0.0129125	-0.0284294	0.792326	0.0491196	2.97653	-0.0100858	75	72.5806	50.2529	73.5033	74.1972	47.8047	48.9987	47.8203	860.354
-0.00361729	-0.0175818	0.739713	0.0349976	2.65586	0.430217	74.0619	72.974	50.3313	75.6107	75.931	47.0308	50.9511	48.9712	860.364
-0.00992814	-0.0170923	0.769514	0.0190327	2.85056	0.274932	74.0037	73.9386	50.3333	75.0156	75.3476	48.3022	49.3747	48.6744	860.394
-0.0164511	-0.0111506	0.760934	0.0434256	2.92275	-0.074545	74.8867	74.8793	49.2237	76.2509	74.226	50.1314	47.5752	49.2553	860.404
-0.0222628	-0.00411201	0.724367	-0.0283204	3.19984	0.690266	74.0946	75.8804	49.0244	75.1365	75.3023	50.8652	46.1926	49.0312	860.414
-0.0146324	-0.00138357	0.753312	0.0153489	3.02332	0.30594	74.8441	75.9794	49.5884	77.0656	75.33	50.9854	47.7787	49.8814	860.424
-0.0183587	0.0099781	0.719927	0.0480515	-3.20457	-0.745897	74.0595	76.9281	46.7428	77.0017	76.3073	51.9736	47.6696	52.5941	860.454
-0.0210637	0.0172293	0.726431	0.0322894	3.03236	0.441682	74.0122	78.5751	48.4387	79.6447	75.1549	52.2907	46.1979	52.9519	860.464
-0.0207245	0.0181097	0.768623	0.0440714	3.06937	0.475027	74.0004	77.5344	49.6348	79.0167	74.3547	53.631	46.9792	53.3234	860.494
-0.0264761	0.0386856	0.743322	-0.0175129	3.12781	0.532589	73.1677	81.2386	48.1833	81.2493	74.4992	56.6969	46.1184	55.4286	860.524
-0.0284737	0.0339695	0.715456	-0.0366501	3.20896	0.589883	73.1677	81.2386	48.1833	81.2493	74.4992	56.6969	45.1502	53.3262	860.554
-0.0285755	0.0423854	0.711482	-0.052075	3.27669	0.406099	73.0117	83.8069	47.68	82.63	74.6626	56.9926	45.8209	54.6473	860.564
-0.0327241	0.048604	0.738016	0.0281383	-2.95242	-0.382016	73.0004	83.994	47.0257	82.0238	73.3673	57.6494	45.9961	56.9491	860.594
-0.0258412	0.0554592	0.703415	0.0353434	-3.05037	-0.586576	73.4264	84.8518	47.0038	83.2819	75.688	58.2523	45.4118	58.4634	860.604
-0.0317454	0.0649362	0.728443	0.0095576	3.20697	0.468123	73.0154	85.4765	47.6505	85.2832	73.5841	59.9328	45.0107	58.9861	860.634
-0.0311789	0.0699325	0.702677	-0.0234096	3.14731	0.573327	73.004	86.608	46.693	85.8798	74.5545	60.8894	44.4136	59.8798	860.644
-0.0349949	0.0788676	0.706674	0.00092378	3.04792	0.528968	73.0009	86.9126	45.2627	87.671	73.4819	61.8649	44.0506	61.7408	860.654
-0.0380688	0.0858511	0.72573	0.00356283	3.08406	0.406036	72.1233	87.866	45.8862	88.7948	72.7665	62.8611	44.0062	61.9683	860.664
-0.0364066	0.0835447	0.716511	-0.0518406	-3.14339	-0.317573	72.4864	88.4771	45.992	88.9856	72.9939	60.7239	44.0002	62.9731	860.694
-0.0371059	0.0910593	0.699356	0.0546542	3.09733	0.523608	72.8679	88.8655	45.9991	89.8841	72.999	63.0341	42.8247	63.8783	860.704
-0.0349352	0.102673	0.723706	0.00316592	-3.16446	-0.463474	72.1935	90.524	45.7021	90.2854	73.5938	64.1916	44.734	65.7406	860.714
-0.0410641	0.103488	0.719259	0.00318077	3.1146	0.342634	72.0063	90.9846	45.0182	91.3061	72.3661	64.979	43.6945	64.6946	860.744
-0.0441134	0.107163	0.701189	0.00699405	3.02956	0.468064	71.2586	90.996	44.4145	92.5054	72.3372	65.879	42.2008	65.5515	860.754
-0.0406124	0.12018	0.705536	-0.00588283	3.03508	0.634767	71.907	91.874	44.8988	92.9145	72.919	68.6184	42.9023	67.9932	860.764
-0.0461375	0.11556	0.694318	0.0109203	3.2039	0.518577	71.5621	93.2518	44.9843	92.9867	71.82	67.7832	41.818	66.244	860.774
-0.0460986	0.122223	0.711064	-0.0279861	-3.05878	-0.466205	71.0867	93.8846	44.9958	92.9964	71.978	67.0959	42.2702	68.6626	860.784
-0.0496762	0.122457	0.69847	-0.0325295	-3.11203	-0.495151	71.0232	93.9691	43.4793	93.6078	71.4123	67.0117	41.4481	69.2512	860.794
-0.0468501	0.133392	0.719418	-0.0240221	-3.17819	-0.400033	71.4398	94.433	43.8478	95.3009	71.343	68.7565	42.81	69.9083	860.804
-0.0544504	0.131234	0.701649	-0.0338791	-2.94168	-0.441783	71.0672	95.7607	43.9655	94.2951	69.8719	69.5552	41.2216	69.1112	860.814
-0.052896	0.136801	0.707928	0.0206884	3.11897	0.489972	70.2852	95.2033	43.9957	95.7895	70.8619	70.2381	41.0271	69.8912	860.824
-0.0493211	0.139106	0.706397	0.0378644	3.1596	0.37492	71.7836	95.8995	43.9993	96.8154	70.6906	70.6142	41.8809	69.6942	860.834
-0.0536195	0.147399	0.716132	0.0238737	3.10773	0.522221	70.696	95.9846	43.577	96.5486	70.3771	71.8303	41.4004	71.7177	860.844
-0.0524296	0.135593	0.669112	0.0124469	3.10842	0.559892	70.5302	96.4205	43.0891	96.9303	71.5088	70.8091	39.5864	70.2103	860.854
-0.0573599	0.144159	0.692257	-0.0498665	-3.03409	-0.464642	70.5047	97.3334	43.0097	96.9924	69.8477	70.967	39.9494	71.7809	860.864
-0.0536402	0.145611	0.653693	0.0216838	3.07611	0.672853	70.0779	97.8971	43.0028	98.4099	71.7647	72.7777	38.2387	72.8507	860.874
-0.0558268	0.146844	0.672787	-0.0605938	-3.10713	-0.548264	70.4348	97.5613	42.6966	98.6438	70.5078	71.5094	38.9068	72.9817	860.884
-0.0557842	0.150698	0.665784	-0.0463819	-3.04037	-0.56672	70.4899	98.7779	42.9113	98.8959	70.6472	72.8175	38.6961	73.2903	860.894
-0.059461	0.155457	0.677932	0.0277464	3.16638	0.578259	70.131	98.9406	42.5526	98.9867	69.7867	74.1477	38.9628	73.0355	860.904
-0.0588614	0.160444	0.689683	-0.00366877	3.11835	0.50316	70.0294	98.9867	42.0844	99.8452	69.9739	74.8956	39.873	73.0043	860.914
-0.0638252	0.166117	0.685696	0.0563096	3.08607	0.440815	69.1269	99.8751	42.0092	101.766	69.1192	74.4022	38.2293	74.7556	860.924
-0.0652567	0.167009	0.678805	0.0278571	3.17192	0.55864	69.0336	100.702	42.0016	100.718	69.0146	75.8044	38.0281	74.6776	860.934
-0.0653117	0.167119	0.682045	-0.0692382	-3.02418	-0.400555	69.3071	101.582	42.0002	100.956	68.7093	73.9284	38.296	75.5456	860.944
-0.0658388	0.17098	0.68056	0.0401967	3.11185	0.49536	69.0525	101.1	41.2676	101.721	68.9142	75.3887	38.0362	75.9444	860.954
-0.066589	0.168288	0.65879	-0.0526051	-3.0142	-0.537091	69.8528	101.86	40.7194	101.671	68.3852	75.9454	37.1269	75.9932	860.964
-0.0701417	0.173253	0.660376	0.0759157	3.16354	0.580655	69.1317	101.978	40.952	102.773	67.7536	76.8724	36.138	76.5842	860.974
-0.0716762	0.185989	0.692811	0.0130952	3.16443	0.492958	68.0838	102.924	40.9964	102.983	67.9932	78.293	37.9486	76.9885	861.004
-0.0732296	0.188332	0.663956	-0.0294122	-3.08641	-0.474097	68.005	104.876	39.5462	104.938	67.9998	78.3323	36.3745	78.9488	861.034
-0.0770858	0.195718	0.663479	0.0293068	3.16212	0.541471	67.2052	105.77	39.8834	105.727	67.4123	80.3901	35.4567	79.5816	861.044
-0.0746104	0.196502	0.646211	0.0112815	3.11477	0.657819	67.903	105.972	39.1108	105.966	67.9281	81.8031	35.0558	80.8266	861.054
-0.0754029	0.19489	0.637285	-0.0478388	-3.03125	-0.59199	67.2389	106.728	39.8643	106.842	67.9912	80.8058	33.8368	80.9788	861.064
-0.0839691	0.195331	0.641971	0.0895654	3.22556	0.564745	67.0535	106.939	39.1333	106.976	65.3662	80.9762	33.1025	80.1198	861.074
-0.0842871	0.198426	0.647457	-0.0274947	-3.05386	-0.494783	66.5682	107.431	37.5286	106.997	66.2149	80.7046	33.8901	80.8922	861.084
-0.087083	0.208397	0.667284	-0.040373	-3.09913	-0.371463	66.0605	108.237	37.5049	108.243	65.7333	80.6713	34.5723	81.8653	861.094
-0.0894283	0.2046	0.645343	-0.0471859	-2.95015	-0.51934	66.0104	108.869	37.9231	107.193	64.7972	82.4224	32.8999	81.691	861.104
-0.0857056	0.209775	0.643901	-0.0615633	-3.02974	-0.514909	66.5	109	38	109	65.6667	82.6667	33	83	861.154
-0.0916099	0.217536	0.630445	0.053502	3.12964	0.632851	66.0729	109.854	36.2915	110.709	64.49	85.6083	31.235	84.765	861.164
-0.0932241	0.217625	0.633236	0.0392718	3.12427	0.648657	65.2861	109.961	36.3288	110.077	64.6451	85.3669	31.0287	84.9713	861.174
-0.0932656	0.219116	0.627528	0.0542685	3.16333	0.622255	65.91	110.869	36.0566	110.841	64.079	85.9225	31.0035	84.9965	861.184
-0.0952494	0.216247	0.612757	-0.0738337	-2.98993	-0.523485	65.5626	112.251	35.5865	111.82	63.6002	85.1597	29.8304	84.9996	861.194
-0.0949205	0.223539	0.629794	-0.0927941	-3.02724	-0.477383	65.8831	112.067	35.9361	112.395	63.5156	85.0248	30.8568	85.8775	861.204
-0.0960255	0.223215	0.61685	-0.0357949	-3.00178	-0.565443	65.1114	112.882	35.1445	112.061	63.9474	86.7856	30.1049	85.985	861.214
-0.097966	0.218513	0.606084	0.0510603	3.21236	0.620447	65.017	112.982	35.0157	112.007	63.1632	86.9631	29.1353	85.1206	861.224
-0.0961115	0.223245	0.609365	-0.0851683	-2.96954	-0.59415	65.4255	112.997	35.8801	112.586	63.3147	86.996	29.0166	86.7699	861.234
-0.0967379	0.222497	0.601874	-0.0741044	-2.98224	-0.571552	65.8464	113.732	34.5227	112.949	63.0384	86.9995	29.002	86.9718	861.244
-0.100104	0.232472	0.624565	0.0632942	3.18294	0.521779	64.6699	113.966	34.9174	113.818	63.0066	87.4134	29.8778	86.9966	861.254
-0.0967337	0.217082	0.586744	0.052152	3.17383	0.675196	64.5259	113.571	34.9872	113.127	63.8914	87.639	27.3524	86.122	861.264
-0.0969418	0.224681	0.596667	0.0667489	3.18143	0.626011	64.9269	114.357	34.998	113.865	63.5674	87.9378	28.2132	87.185	861.274
-0.0983698	0.218582	0.582542	0.0509287	3.1848	0.592649	64.2479	114.828	34.1541	114.402	63.6558	87.3994	27.1486	86.1451	861.284
-0.0960189	0.217772	0.572413	-0.0428238	-2.96413	-0.59286	64.8314	115.737	34.0238	114.062	63.958	87.9268	27.0182	86.8953	861.294
-0.0963934	0.225217	0.583689	-0.0445715	-3.02144	-0.544837	64.963	115.942	33.5808	115.278	63.9927	87.9873	27.8798	87.8647	861.304
-0.100439	0.222934	0.578269	-0.0921771	-3.01144	-0.524568	64.032	115.998	33.9697	115.948	63.0374	87.0372	26.0506	87.9964	861.334
-0.099228	0.221048	0.573808	0.0831269	3.15782	0.567809	64.8572	115.573	33.0768	115.996	63.0055	87.4316	26.2998	87.7057	861.344
-0.0986451	0.219457	0.569676	-0.0667391	-3.01875	-0.513337	64.555	116.357	33.0093	116	63.4239	87.0665	26.3292	87.3789	861.354
-0.09175	0.212355	0.550552	-0.035118	-3.05179	-0.594112	65.777	116.055	32.1235	115.707	65.1262	87.0072	26.3328	87.6314	861.364
-0.0951637	0.214397	0.551318	-0.0183682	-3.0227	-0.549283	64.6971	117.277	32.0214	115.949	64.7227	87.5863	26.0408	87.0773	861.374
-0.100154	0.213558	0.554495	0.0401098	3.18059	0.587637	64.1864	116.342	32.0033	115.992	63.2109	87.9494	25.1274	86.1319	861.384
-0.0991699	0.218434	0.562802	-0.0367771	-3.04189	-0.532245	64.0235	116.917	32.0005	115.999	63.9034	87.1162	25.8932	87.7713	861.394
-0.098015	0.214441	0.555307	-0.0225658	-3.01321	-0.552866	64.0025	117.289	32.0001	115.154	64.2807	87.0142	25.6944	87.387	861.404
-0.0988525	0.212407	0.546953	-0.0548288	-2.98347	-0.519664	64.7069	117.791	31.7028	115.908	63.2216	87.0025	25.085	87.0474	861.414
-0.101472	0.214108	0.557424	0.0427198	3.157	0.526386	64.1605	116.407	31.1211	116.398	63.0242	87.0003	25.3029	86.4208	861.424
-0.0954368	0.209394	0.539429	-0.0245695	3.13288	0.561344	63.4043	117.254	31.4411	116.906	65.6373	87.8782	25.0371	85.4665	861.434
-0.102896	0.212258	0.553608	0.0373901	3.15953	0.495451	63.9842	116.682	30.3611	116.673	62.7457	86.6989	25.001	85.9858	861.464
-0.0958008	0.202832	0.530242	0.0193286	3.15514	0.521788	65.2456	116.947	30.0606	116.945	64.2055	86.5334	24.7063	84.823	861.474
-0.0947725	0.203668	0.527038	0.00142063	3.12582	0.481813	65.4605	117.414	29.1157	117.885	64.6164	86.6521	24.9641	84.9784	861.484
-0.0981503	0.196127	0.521174	0.00210599	3.09741	0.510569	64.1585	116.153	28.6061	117.152	64.3678	85.2014	23.2405	84.1198	861.494
-0.0942663	0.195508	0.518902	-0.00647111	-3.07307	-0.528043	64.855	116.854	29.361	116.179	65.2151	84.7321	23.907	84.8922	861.504
-0.0942863	0.195113	0.516039	-0.00351328	3.12901	0.476476	64.9842	116.984	29.0558	117.719	65.0263	85.5522	23.9886	83.2317	861.514
-0.0945826	0.190142	0.507486	-0.0563332	3.12124	0.5069	64.9953	116.995	27.3173	116.688	65.2957	85.9452	23.9986	82.1508	861.524
-0.0961086	0.187455	0.505832	-0.00982757	3.14445	0.471156	64.674	117	27.9749	116.989	64.6832	84.3758	23.0263	82.004	861.554
-0.0958594	0.180911	0.500059	-0.00116518	3.18902	0.429651	64.9763	117	27.9994	116.674	64.3422	83.3599	23.0007	80.051	861.584
-0.0953762	0.172531	0.485081	0.0309374	3.19529	0.48666	65.4401	116.557	27.7061	115.786	64.0984	81.6782	21.2371	80.0061	861.594
-0.0959818	0.172077	0.49108	-0.00665069	3.16235	0.419039	65.0669	116.085	26.7085	115.963	64.4488	81.5227	22.1993	78.8304	861.604
-0.0937509	0.165168	0.480636	-0.0244816	3.17581	0.425798	65.325	116	26.4824	115.483	65.0689	80.9749	22.0001	77.0536	861.654
-0.0924408	0.152474	0.466382	-0.0316679	3.14148	0.450359	65.8061	114.575	24.8547	113.855	65.6047	78.3084	20.8247	75.5373	861.664
-0.092923	0.152286	0.466553	0.00274097	3.15223	0.37649	65.9753	114.946	24.9823	114.861	65.104	77.2251	20.686	75.6508	861.674
-0.0938529	0.147349	0.466289	0.00092613	3.1745	0.282439	65.2585	114.986	24.9969	114.976	65.0114	75.837	20.9616	73.6171	861.684
-0.0922564	0.143966	0.46399	-0.0229327	3.13254	0.325207	65.4696	114.124	24.155	113.73	65.8795	75.102	20.9953	73.6606	861.694
-0.0858911	0.134589	0.446263	-0.0103855	-3.10924	-0.349185	66.7319	113.759	24.8324	113.475	67.4292	72.2827	20.0434	73.0795	861.724
-0.0871723	0.132963	0.44434	0.0192532	-3.1116	-0.376101	66.7319	113.759	23.2297	112.185	67.4292	72.2827	20.0434	73.0795	861.754
-0.0869541	0.125775	0.444324	-0.0241272	3.13295	0.404478	67.9589	111.089	23.6311	111.403	66.3617	72.9814	20.0011	69.1055	861.764
-0.0870423	0.123886	0.45219	-0.0183994	3.1741	0.262942	67.9972	111.938	23.505	110.534	66.3341	71.0506	21.9489	69.0027	861.794
-0.0862149	0.116891	0.437881	-0.00775924	-3.06048	-0.295176	67.0596	111.996	23.9825	110.019	67.3079	68.0777	20.0496	69.0001	861.824
-0.0869754	0.108041	0.440972	-0.0507781	-3.05481	-0.244147	67.8931	109.341	24.7383	109.262	65.8611	65.9523	20.0059	66.3555	861.834
-0.0827155	0.101586	0.420037	0.00717553	-3.06309	-0.296334	67.6722	110.309	23.5403	109.009	68.2692	65.3494	19.0261	64.0611	861.864
-0.0825703	0.0958272	0.425586	0.0194075	3.14101	0.233245	68.3611	107.971	23.0797	108.575	67.7381	63.2784	19.2969	63.1258	861.874
-0.0847877	0.0951441	0.429037	0.0304188	3.17675	0.196834	68.3364	107.997	23.0086	108.062	66.7977	63.034	19.6215	63.0154	861.884
-0.084327	0.0911263	0.427023	-0.0244935	-3.08004	-0.24645	68.3337	107.121	23.0015	106.355	67.2677	61.8341	19.3686	62.7094	861.894
-0.0823933	0.0883695	0.431618	0.0135096	3.10686	0.188808	68.3333	105.705	23.0001	106.976	67.6562	61.671	19.9835	61.0447	861.924
-0.0817405	0.0823736	0.42165	0.00715392	3.16871	0.21286	68.8084	105.915	22.7012	105.503	67.9423	60.2804	19.7042	59.5362	861.934
-0.0812806	0.0777085	0.425927	0.00464371	3.09189	0.134335	68.5394	104.244	22.1206	105.501	67.991	59.1987	19.9638	58.1878	861.944
-0.081497	0.0785499	0.418733	-0.0057912	3.13098	0.226101	68.9296	104.885	22.0132	105.055	67.999	59.913	19.118	58.023	861.954
-0.081201	0.0714239	0.421424	0.014802	3.15607	0.160782	69.7139	103.504	22.0016	103.25	67.7072	57.6477	19.892	57.1253	861.964
-0.0805969	0.0689468	0.421237	0.00897933	3.13265	0.13051	69.0901	103.064	22.2927	103.616	67.9493	57.1121	19.9868	55.8453	861.974
-0.0809103	0.0670184	0.412368	0.0122574	-3.07758	-0.216155	69.0239	103.752	21.4508	101.613	68.8366	56.1729	19.4133	56.2736	861.984
-0.0775446	0.0627517	0.409296	0.0087499	-3.09954	-0.172064	70.2185	103.066	21.6402	101.66	69.2794	55.4245	19.9282	54.5709	861.994
-0.0775322	0.0606788	0.416454	0.0358605	3.12378	0.0867914	70.4518	101.354	22.2485	102.543	68.4486	54.4663	19.9912	54.6549	862.004
-0.0803716	0.0600507	0.415183	-0.0454783	-3.0658	-0.214122	70.4925	101.055	22.908	100.604	67.4699	54.0571	19.1214	54.9577	862.014
-0.0794609	0.0497516	0.405606	0.00656862	3.14074	0.207945	69.2621	99.5153	21.4152	99.645	68.8413	51.6111	18.1958	51.1663	862.044
-0.0794609	0.0497516	0.405606	0.00656862	3.14074	0.207945	69.2621	99.5153	21.4152	99.645	68.8413	51.6111	18.1958	51.1663	862.054
-0.0773835	0.0458756	0.403986	0.0336081	3.18848	0.174673	70.7819	99.0647	22.5136	99.0789	68.3954	50.4896	18.9017	50.1426	862.064
-0.076399	0.0419562	0.408578	0.0319981	3.08537	0.197129	70.543	96.4678	21.7704	98.1321	69.2185	49.4749	18.4029	50.0175	862.074
-0.078055	0.0383114	0.40935	0.0634953	3.10214	-0.00684095	70.9295	96.495	20.8018	98.6012	68.1492	48.4731	18.9269	50.0021	862.084
-0.0760562	0.0328675	0.410196	0.0877341	3.03074	-0.10867	71.8348	95.2308	21.2683	98.6587	67.1407	47.7654	18.991	48.2451	862.094
-0.0752996	0.0252841	0.412277	0.103516	3.1001	0.0422628	72.2518	92.3951	22.9807	95.536	67.8069	44.9614	18.9615	47.0423	862.124
-0.0752996	0.0252841	0.412277	0.103516	3.1001	0.0422628	72.2518	92.3951	22.9807	95.536	67.8069	44.9614	18.9615	47.0423	862.134
-0.0671226	0.0119575	0.403588	0.113223	2.93306	-0.0809322	72.9248	90.1551	23.5258	95.5639	67.9995	41.3576	19.832	42.3489	862.164
-0.0671226	0.0119575	0.403588	0.113223	2.93306	-0.0809322	72.9248	90.1551	23.5258	95.5639	67.9995	41.3576	19.832	42.3489	862.194
-0.0717276	0.00301652	0.406707	-0.168285	-3.14222	0.00165219	74	86.6667	24.3333	91.3333	68	38	19	43	862.224
-0.0714935	-0.0062353	0.408923	0.191293	3.11134	-0.131046	74.2942	84.3134	24.3333	90.1567	67.1106	36.2213	19.8825	41.235	862.234
-0.0684471	-0.00804092	0.405814	0.222443	3.00531	-0.157879	74.878	82.8133	24.6259	91.4821	67.0118	35.7258	19.1079	40.7361	862.244
-0.069911	-0.0108502	0.408722	0.201139	3.00903	-0.175666	74.6898	82.6827	24.0766	89.5964	67.002	35.9528	19.0132	40.0901	862.254
-0.0668643	-0.0170293	0.409719	0.238632	2.92236	-0.254428	75.8403	80.6197	25.1795	88.7805	66.1558	35.1481	19.0016	39.1335	862.264
-0.0650663	-0.0187184	0.400004	0.261107	2.97086	-0.236719	76.4745	79.5434	25.0047	89.9681	66.9405	33.1513	19	38.6789	862.294
-0.0671477	-0.0224763	0.401697	0.29735	3.06158	-0.220554	76.9455	78.4587	25.882	88.5271	66.1074	31.2458	19	38.9619	862.304
-0.0683407	-0.0258166	0.401083	-0.31337	-3.13215	0.251268	76.9934	77.4702	25.693	87.4793	66.0163	30.1893	19	38.9953	862.314
-0.0611152	-0.028961	0.405576	0.357317	2.99362	-0.233686	79.2724	75.7137	28.9138	87.0125	66.0006	30.0069	19	38.6752	862.344
-0.0636262	-0.0301732	0.407165	0.378746	3.04183	-0.218141	79.0457	75.1198	28.9898	86.7076	65.1036	29.1042	19	38.9615	862.354
-0.0625573	-0.0377841	0.41248	0.405716	2.9797	-0.267889	79.005	72.0434	29.8765	85.2088	65.0304	28.3241	19	38.1176	862.364
-0.061761	-0.0397608	0.419111	0.444665	2.99587	-0.175184	79.0002	70.5594	31.9447	85.0054	64.6748	27.0294	19.3246	38.3277	862.394
-0.0625505	-0.0395799	0.42177	0.465645	3.05621	-0.0138722	79.0002	70.5594	33.4626	84.413	64.0799	25.5341	19.0385	38.3327	862.404
-0.0625964	-0.0483282	0.410888	-0.555163	-3.13055	0.393702	81.2315	67.1553	31.7258	83.4165	62.3595	25.0923	19.0047	38.9184	862.414
-0.0628089	-0.0459871	0.412407	-0.537195	-3.10103	0.248916	80.734	67.8993	32.5827	83.9479	62.9004	24.1698	19.0006	38.99	862.424
-0.0584608	-0.0472798	0.411375	-0.582197	-3.10126	0.169888	82.1377	66.8174	35.0004	83.9937	62.9846	22.7579	19.0001	38.9988	862.434
-0.0600058	-0.0496564	0.413434	-0.598762	-3.11689	0.26123	81.7243	65.8076	34.415	83.7067	62.404	23.2709	19	38.9999	862.444
-0.0580313	-0.0513792	0.410102	0.60384	2.99807	-0.297589	82.5513	64.8064	34.9284	83.6716	62.3419	23.033	18.7075	39	862.454
-0.0535488	-0.0550319	0.416228	0.643952	2.94491	-0.316941	83.5301	62.9287	37.4684	83.1162	62.0592	23.0057	19.8417	39	862.464
-0.0545111	-0.0537972	0.413094	-0.674679	-3.14889	0.288389	83.9425	64.1613	37.0512	82.7158	61.7096	22.4068	19.1031	39	862.474
-0.053865	-0.0545026	0.404975	0.666207	2.89881	-0.368177	83.5173	61.6041	37.0014	84.6152	61.9923	22.9844	18.0292	39	862.504
-0.0577104	-0.0523698	0.40604	-0.702564	-2.98294	0.330207	83.95	61.6602	37.0014	84.6152	60.7505	20.917	19.7664	41.6444	862.514
-0.0523794	-0.0609058	0.42302	0.771123	2.96148	-0.299472	84.3234	58.7442	41.0085	82.017	60.6687	20.998	19.9939	41.0167	862.544
-0.0482654	-0.0614277	0.423772	0.840979	2.93153	-0.323653	85.3333	56.6667	43.6667	83	60	21	21	42	862.594
-0.0452943	-0.0615166	0.418673	0.960905	3.00279	-0.332944	86.6667	53.6667	46.445	83.8335	59.6922	19.1532	21.8825	44.6475	862.604
-0.0433894	-0.0614033	0.421071	0.995707	2.97373	-0.290374	86.9608	53.0783	48.1274	83.9818	59.118	19.0261	21.9856	45.2495	862.614
-0.039541	-0.0630902	0.440981	1.01638	2.84699	-0.175277	86.9614	53.6648	51.4249	81.8277	57.7094	20.291	22.5876	45.9207	862.644
-0.039541	-0.0630902	0.440981	1.01638	2.84699	-0.175277	86.9614	53.6648	51.4249	81.8277	57.7094	20.291	22.5876	45.9207	862.654
-0.0410165	-0.0635264	0.434128	1.09499	2.91134	-0.209708	87.2879	51.3258	51.9297	82.8567	56.5016	19.1579	22.9496	46.868	862.664
-0.0385314	-0.0635792	0.431723	-1.10845	-2.90976	0.297219	88.7904	50.7474	52.2839	82.3974	56.939	19.6044	23.8714	47.8614	862.674
-0.0370637	-0.0671203	0.435055	1.15214	2.88786	-0.278597	87.8043	48.6289	54.0824	82.3412	56.9925	19.074	23.9843	47.6905	862.684
-0.0359406	-0.0630969	0.432854	-1.14651	-2.90668	0.322249	88.9687	49.9641	53.6775	82.3335	57.649	19.9758	23.9996	49.2904	862.714
-0.034821	-0.0662376	0.445385	1.20619	2.84424	-0.160248	87.2333	48.2328	56.6062	82.3334	55.9016	19.1156	24.8814	49.0344	862.724
-0.0348493	-0.0733013	0.450007	-1.26942	-2.90756	0.20907	88.6295	47.032	56.9898	78.7618	54.6987	18.6783	24.9969	49.0009	862.754
-0.0304765	-0.0736703	0.45958	1.36029	2.82687	-0.14913	88.0458	44.2204	60.573	78.6691	54.6675	18.667	26.949	51.9236	862.784
-0.0318962	-0.0697469	0.459017	-1.33639	-2.74863	0.135886	88.0036	44.3244	60.6556	79.8423	53.7853	18.9605	27.8755	52.8725	862.794
-0.0257229	-0.0701805	0.457702	1.40592	2.7105	-0.137738	87.4142	43.1598	63.8836	80.8584	53.5493	19.8203	27.9848	52.9844	862.804
-0.024981	-0.0756148	0.47216	-1.46891	-2.81728	0.0374453	88.5134	43.3121	63.9858	77.1799	53.0854	19.1276	28.8757	52.9981	862.814
-0.0269629	-0.0787583	0.472679	-1.47688	-2.79581	0.1946	88.0629	41.8681	63.7057	76.7295	53.0132	19.8653	28.9848	52.9998	862.824
-0.0228454	-0.0789609	0.469656	-1.48643	-2.74599	0.124792	89.1778	40.8138	65.134	76.3818	53.2986	18.7967	29.8757	53.8775	862.834
-0.0219733	-0.0769826	0.462617	1.48666	2.7133	-0.134111	89.0308	40.9678	65.8501	77.3065	53.0514	18.965	29.1072	53.985	862.844
-0.0212184	-0.0781601	0.473519	1.48567	2.6613	-0.114039	87.8158	40.9965	66.5774	77.0335	53.008	19.8391	29.8907	53.9982	862.854
-0.020293	-0.077439	0.477136	1.52627	2.64926	-0.178335	88.2703	40.7069	67.5339	76.7114	52.1094	21.1712	30.8642	54.8773	862.864
-0.0213793	-0.0788094	0.475054	1.56817	2.71365	-0.0871985	88.0331	39.5015	67.3579	76.6721	52.0188	19.374	30.9834	54.985	862.874
-0.0231514	-0.0753178	0.470215	-1.53396	-2.61554	0.17412	88.4192	38.6733	67.4754	77.7702	51.1584	20.325	31.8755	55.8757	862.884
-0.0166763	-0.0764502	0.463562	1.57977	2.64075	-0.211011	89.5303	38.9643	69.4271	77.0842	51.9087	20.6296	31.1072	55.9848	862.894
-0.017866	-0.0806253	0.467439	1.60982	2.66862	-0.132439	88.5	37.5	69.3333	76.3333	52	19	31.3333	55.6667	862.944
-0.0177763	-0.0901214	0.489047	1.66294	2.59799	-0.26486	88	36	70.3333	72	51	21	33	56	862.994
-0.0157523	-0.0888387	0.494045	-1.67855	-2.57299	0.209144	88	34.8234	71.2158	72.8825	51	21	35.0591	56.5883	863.004
-0.012766	-0.0935897	0.50278	1.73391	2.5835	-0.126208	88	34.9695	72.1967	70.3523	51	20.5769	35.0072	56.9497	863.014
-0.00945646	-0.0937619	0.508763	-1.77599	-2.57702	0.0997742	87.6749	34.0239	73.6284	70.9831	51	20.9846	36.9481	56.9987	863.044
-0.00960792	-0.0943295	0.509641	1.74075	2.51809	-0.0741494	87.1132	34.8363	73.6621	70.4103	51	20.9984	36.1124	56.9998	863.054
-0.0041892	-0.105224	0.526075	1.84018	2.51961	-0.141925	86.6018	31.5128	75.7235	67.6366	52.1952	20.9502	38.8757	57.077	863.084
-0.0041892	-0.105224	0.526075	1.84018	2.51961	-0.141925	86.6018	31.5128	75.7235	67.6366	52.1952	20.9502	38.8757	57.077	863.094
0.000218796	-0.106825	0.538114	1.84639	2.48374	0.0072221	86.8557	32.0683	76.4469	67.1419	51.8374	20.9998	40.4688	56.7064	863.124
0.000218796	-0.106825	0.538114	1.84639	2.48374	0.0072221	86.8557	32.0683	76.4469	67.1419	51.8374	20.9998	40.4688	56.7064	863.134
0.00131606	-0.111981	0.545013	1.886	2.49493	-0.0245966	87.4008	31.1645	76.6398	64.9693	51.9748	21	40.935	56.9641	863.144
-0.0037307	-0.110051	0.533963	1.91472	2.57254	-0.199982	87.0098	30.0285	75.6919	65.9732	51.9991	21	40.349	57.3237	863.174
0.00389995	-0.113002	0.553729	1.88807	2.43536	0.162886	86.4135	31.1788	77.1966	64.7472	51.9999	20.7012	41.8043	57.0384	863.184
0.00182056	-0.114586	0.560128	-1.87237	-2.42652	-0.111143	86.5	30.5	77	65.3333	51	21	43	56	863.234
0.00741761	-0.117661	0.562694	1.96022	2.45578	-0.0314319	86.1272	29.3816	78.765	64.4508	52.667	21.8335	43.8825	56.8825	863.244
0.00937978	-0.128175	0.576601	1.99209	2.43876	-0.137957	86.0041	28.0449	79.3186	61.7389	52.9879	21.9939	44.971	56.0229	863.274
0.0138625	-0.131065	0.589773	1.96725	2.4732	-0.133169	86.2993	28.6024	79.3316	61.9691	54.7029	21.9991	45.8781	55.1212	863.284
0.015785	-0.135457	0.599428	1.95107	2.34194	-0.046941	86	29.5	80	59	54	22	46	56	863.334
0.02031	-0.155877	0.638536	1.92705	2.29963	-0.0662416	85	29	80	56	55	21.5	48	53	863.379
0.0234477	-0.13576	0.611609	1.88248	2.30328	0.303713	85.3254	29.6509	79.5188	61.2934	55.9649	21.0175	48	54.4436	863.412
0.0321031	-0.166892	0.681299	1.93601	2.31978	0.78075	84.8146	28.215	78.4908	54.724	58.7602	20.0799	50.4279	51.6745	863.444
0.0321031	-0.166892	0.681299	1.93601	2.31978	0.78075	84.8146	28.215	78.4908	54.724	58.7602	20.0799	50.4279	51.6745	863.474
0.0285311	-0.164323	0.669588	1.79575	2.31195	0.597917	84.5	29	76.6667	57.6667	59	19	50	50	863.504
0.0278962	-0.178317	0.694744	1.85506	2.36412	0.38814	84.5	29	77.6413	55.0676	58.0237	19	50	49.0254	863.534
0.0311354	-0.183932	0.714807	1.83466	2.44474	0.313145	84.9483	29.2988	77.3698	55.008	59.766	19.5877	50	48.1215	863.544
0.031851	-0.187399	0.715144	1.81848	2.37295	0.331395	84.1631	29.0514	77.923	54.1233	59.9595	19.1016	50	48.0149	863.554
0.028258	-0.18764	0.703148	1.7036	2.3746	0.105443	84.6543	29.9766	76.6994	55.6264	59.0237	19.0025	50	45.0786	863.584
0.0322262	-0.198874	0.730296	1.63258	2.35521	0.0748247	84.0167	30.9739	76.6675	54.0414	60.8563	19.0002	50.3248	43.7026	863.614
0.035427	-0.20029	0.724974	1.63914	2.424	0.0615109	85.6672	30.9956	76.6668	53.4172	61.2955	18.0793	50.4706	43.534	863.624
0.035368	-0.195535	0.726305	1.59325	2.39366	0.0853316	84.6811	31.8441	76.6667	54.5139	62.2944	18.8429	50.0513	43.6522	863.634
0.0358629	-0.198021	0.749319	1.6469	2.41925	0.528282	84.0248	31.0307	75.3681	54.338	62.9826	18.3459	50.6507	44.965	863.664
0.0362634	-0.202389	0.738458	1.51041	2.4122	0.20283	84.4832	31.9658	75.0094	54.9831	63.3244	18.0088	50.6663	41.4258	863.694
0.0258099	-0.206061	0.729933	1.36052	2.47896	0.0398941	83.2117	32.9855	72.7589	54.6513	64.8293	17.8365	47.3575	38.2413	863.724
0.0258099	-0.206061	0.729933	1.36052	2.47896	0.0398941	83.2117	32.9855	72.7589	54.6513	64.8293	17.8365	47.3575	38.2413	863.754
0.0334925	-0.215139	0.765997	1.35262	2.60769	0.0491828	84.9429	33.9676	72.0196	53.6921	65.9714	17.996	49.2822	38.331	863.764
0.0346637	-0.215917	0.763717	1.25248	2.50058	0.106326	84.139	35.2741	71.7085	53.6697	66.2905	17.7057	49.9149	36.5701	863.774
0.035828	-0.215264	0.757734	1.24084	2.52995	0.0765513	84.7703	35.0731	71.536	53.9429	66.6207	17.6714	49.9896	36.0697	863.784
0.0338115	-0.219377	0.769307	1.22401	2.59282	0.199509	84.0972	35.0092	70.6611	53.5689	67.8311	17.0822	49.1212	36.0085	863.794
0.0297938	-0.217234	0.774455	1.22177	2.49645	0.216651	83.0398	35.0003	70.0163	54.6396	66.0479	17.976	49.977	36.0002	863.824
0.0296106	-0.213222	0.784966	1.2015	2.58539	0.459269	83.0059	35.8524	68.8265	54.9573	67.7686	17.9972	49.4096	37.1753	863.834
0.0295358	-0.220481	0.777384	1.09958	2.64061	0.269228	83.4239	36.8233	68.2436	53.5769	68.8494	17.1219	48.7575	34.3883	863.844
0.0334509	-0.207409	0.738434	1.00711	2.53479	0.344147	83.846	36.9528	67.4146	56.0874	69.8591	17.0149	50.1404	32.5849	863.854
0.034496	-0.225537	0.773689	1.01347	2.62917	0.127622	83.9806	36.1202	67.8288	53.9026	69.9756	17.8295	50.0172	31.4866	863.864
0.026082	-0.22614	0.781774	0.961707	2.60901	0.117331	83.1497	37.713	65.798	53.5515	68.216	17.9814	50.0021	31.0596	863.874
0.0299341	-0.227896	0.792407	0.944462	2.71245	0.151545	83.7727	37.9233	65.5455	53.5079	69.7826	17.9977	50.2928	31.2998	863.884
0.0287788	-0.230403	0.80788	0.945359	2.68856	0.263019	82.7638	38.2973	65.6535	53.0551	69.9734	17.9997	50.0358	31.9143	863.894
0.0251998	-0.226911	0.789607	0.916401	2.68211	0.135342	82.931	38.7946	65.1126	53.0095	69.4117	18	49.4193	31.1119	863.904
0.0301251	-0.228488	0.80134	0.877827	2.66039	0.33369	82.2112	38.9534	65.4398	53.0015	71.3906	18	49.9289	31.0137	863.914
0.0282937	-0.227511	0.810875	0.843729	2.70817	0.413352	82.0464	38.9898	64.1563	53.5945	71.8945	18.8269	49.9913	31.0017	863.924
0.025763	-0.234269	0.823793	0.777688	2.65067	0.43571	81.0344	39.9668	63.0455	52.543	71.3475	18.3458	50.9731	30.0267	863.954
0.0267243	-0.229511	0.81162	0.716128	2.67274	0.310816	81.4313	41.2739	62.7059	52.6539	71.8905	18.8902	50.9968	29.1217	863.964
0.0229638	-0.220975	0.791593	0.694097	2.65849	0.324647	81.0467	41.9215	62.1214	53.3545	71.983	18.983	50.1219	29.0149	863.974
0.0184667	-0.228738	0.81467	0.616963	2.71064	0.236831	80.1803	42.8142	60.8257	52.148	71.9982	19.8896	50.0149	28.1243	863.984
0.0216005	-0.236584	0.834148	0.624232	2.68546	0.247353	80.0485	42.2191	61.3838	51.6117	71.9998	19.9865	50.8794	28.0152	863.994
0.0212417	-0.232099	0.822401	0.587399	2.71423	0.2665	80.0061	42.9014	61.042	51.6607	72.8776	19.9984	50.4002	27.7093	864.004
0.0185566	-0.232671	0.820515	0.553253	2.62028	0.222537	79.1536	42.5613	60.4197	51.9586	72.1519	20.8266	50.9266	26.5018	864.014
0.017335	-0.231749	0.819745	0.501625	2.664	0.27896	79.0411	42.8827	59.2457	51.9928	72.9073	20.981	50.991	26.0614	864.024
0.0158195	-0.237092	0.831498	0.497679	2.68907	0.210464	79.0092	42.9737	59.0661	51.2672	72.4033	20.9977	50.9989	26.0075	864.034
0.0136867	-0.232624	0.823162	0.500241	2.6021	0.29433	78.1244	42.9968	59.0084	51.9074	72.0494	20.9997	50.9999	26.0009	864.044
0.0114158	-0.227336	0.812209	0.464683	2.6618	0.325085	78.019	43.847	58.2671	51.9755	72.8836	21	50.1224	26.0001	864.054
0.0126315	-0.230911	0.824967	0.426614	2.68314	0.300852	78.0029	44.8222	58.0337	51.1229	72.9799	21	50.8925	26	864.064
0.00805207	-0.225772	0.822305	0.396916	2.63273	0.262657	77.2682	45.685	57.1108	51.6084	72.1071	21.8907	50.9868	26	864.074
0.0097825	-0.231729	0.832692	0.322227	2.67156	0.193197	77.4707	45.0864	56.1913	51.1048	72.8912	23.1575	51.8759	24.5374	864.084
0.0100398	-0.224351	0.817385	0.288139	2.62647	0.192258	77.1247	45.758	56.0209	51.6053	73.2792	23.8969	51.9848	24.0658	864.094
0.00630027	-0.223918	0.808233	0.233224	2.63767	0.177435	76.1417	46.4065	55.4171	50.7811	73.9117	23.9874	51.1206	23.1305	864.104
0.00359657	-0.216889	0.795788	0.193964	2.66391	0.188607	76.0216	47.7567	54.2452	50.9621	73.9892	23.9985	51.0148	23.3085	864.114
0.000456544	-0.225106	0.816463	0.173217	2.64577	0.281512	74.7347	47.1167	54.066	50.259	73.9987	23.9998	51.0018	23.0378	864.124
0.00314644	-0.220287	0.802633	0.151051	2.54547	0.39194	74.3769	47.9042	53.7018	50.3268	73.9998	23.1224	52.7553	23.0046	864.134
-0.00426772	-0.233984	0.844015	0.0739319	2.66336	0.386736	73.2372	47.9835	52.4989	48.5745	74	23.8925	52.0925	23.0006	864.144
-0.00528695	-0.221937	0.82051	0.0756957	2.64266	0.280869	73.7947	48.7265	51.7685	49.8256	73.415	24.8644	52.0113	23.0001	864.154
-0.00774863	-0.227429	0.8427	0.0305394	2.61909	0.370421	72.1578	48.6719	51.9599	49.1429	73.9284	25.5684	52.0014	23	864.164
-0.0103898	-0.231412	0.85577	-0.0279943	2.70553	0.307205	72.027	49.3583	51.1493	48.1777	73.9876	25.9253	52.0002	23	864.174
-0.00966812	-0.220054	0.819802	-0.0394581	2.58539	0.338834	71.5819	49.9003	50.6003	48.873	73.9986	25.9918	52.5851	22.1224	864.184
-0.0113431	-0.220453	0.818193	-0.0494192	2.64705	0.29305	71.9354	49.9846	50.0651	48.6891	73.9996	25.9976	52.0716	22.015	864.194
-0.0196361	-0.225556	0.826314	-0.0736074	2.5817	0.211363	70.8043	49.404	48.8371	48.084	72.2561	26.8716	52.0088	21.1243	864.204
-0.0206043	-0.230622	0.847969	-0.108242	2.6752	0.200002	70.5524	49.8973	48.9519	47.3198	72.8863	26.9804	51.7086	21.8928	864.214
-0.0238311	-0.231293	0.861696	-0.193351	2.70078	0.397546	69.2413	49.984	48.122	47.041	73.8282	27.8427	51.9643	21.9869	864.224
-0.0252838	-0.223463	0.830039	-0.188773	2.55961	0.28267	68.1917	50.8431	48.0186	47.0063	73.0899	27.9829	51.9956	20.8283	864.234
-0.0271243	-0.220337	0.824352	-0.209475	2.57298	0.291583	68.0296	51.3986	47.2723	47.0017	73.0264	27.995	51.9995	20.979	864.244
-0.0271667	-0.216599	0.806043	-0.24728	2.50029	0.3096	67.2754	51.8392	46.5974	46.5633	73.0024	27.9996	52.8775	20.1199	864.254
-0.0300239	-0.217729	0.801581	-0.275652	2.52942	0.229446	67.0347	51.5428	46.0912	46.086	73.0003	28.8789	52.1074	19.1371	864.264
-0.0358618	-0.215171	0.79595	-0.291706	2.47123	0.25483	65.7343	51.9302	45.1683	46.0133	72.1224	28.9852	52.0132	19.0168	864.274
-0.0366701	-0.215191	0.809376	-0.332136	2.48908	0.188226	65.929	52.7141	44.6032	45.5792	71.6077	29.8244	52.8792	19.8796	864.284
-0.0428132	-0.217257	0.81524	-0.3605	2.57723	0.162859	65.1172	52.9639	44.0931	45.0894	71.939	29.9727	51.2301	19.9853	864.294
-0.0474593	-0.214165	0.800141	-0.410852	2.52404	0.338233	63.7469	52.5708	42.3231	45.0138	71.9934	29.997	51.6132	19.1206	864.304
-0.0456393	-0.211671	0.793298	-0.413743	2.4834	0.0948763	63.961	53.7795	42.8955	44.1565	71.121	30.8778	51.9526	19.0148	864.314
-0.0537198	-0.221692	0.820587	-0.499984	2.58935	0.223579	62.3027	53.1203	42.1382	43.1785	71.8924	30.985	51.1166	19.0018	864.324
-0.0588758	-0.219225	0.813422	-0.5162	2.56876	0.220575	61.6239	53.4414	40.8263	43.0194	71.1093	30.9982	51.0143	19.0002	864.334
-0.057319	-0.213372	0.789321	-0.521993	2.46995	0.277316	61.0963	53.491	40.1424	43.0033	71.0134	30.9998	51.8793	18.1225	864.344
-0.0594015	-0.209781	0.782834	-0.527366	2.40613	0.250122	60.1692	53.9214	40.0221	43.0005	70.4166	31.585	51.9852	18.015	864.354
-0.0624992	-0.218618	0.804561	-0.55361	2.43073	0.223227	60.0261	53.1422	40.0034	42.1545	70.051	31.9492	51.9982	18.0018	864.364
-0.0735265	-0.221969	0.82228	-0.586942	2.48322	0.275646	59.1584	53.022	38.3093	42.0238	69.1287	31.9938	51.1222	18.8778	864.374
-0.0744509	-0.221255	0.809316	-0.597245	2.45451	0.182317	58.6016	53.4262	38.0477	41.158	68.7232	31.9992	51.0212	18.1519	864.384
-0.07162	-0.2165	0.796221	-0.655786	2.42521	0.0957277	58.0242	54.4568	38.0019	40.0466	68.992	32.971	51.9733	18.0041	864.414
-0.0827336	-0.219235	0.788602	-0.683949	2.37139	0.210489	55.4472	54.0675	36.296	39.1547	68.1177	32.1152	51.1154	17.1191	864.424
-0.0844981	-0.218631	0.7894	-0.707283	2.37401	0.194982	55.0688	54.0104	36.0456	39.0238	68.0144	32.8918	51.0141	17.0146	864.434
-0.0906477	-0.219436	0.791431	-0.745114	2.32784	0.379976	53.3193	53.1559	35.1134	39.0026	68.0018	32.9868	51.0017	17.0018	864.444
-0.0933403	-0.218409	0.787739	-0.691154	2.2976	0.134362	53.4721	54.2925	35.4334	38.5866	66.2451	32.9984	50.1227	17.0002	864.454
-0.0976479	-0.224602	0.793455	-0.741648	2.31579	0.131308	52.4569	53.4374	35.0474	37.4703	66.3225	33.5848	49.7225	16.1225	864.464
-0.106425	-0.228699	0.802461	-0.807258	2.39002	0.199702	51.763	52.7606	33.2495	37.0573	66.0395	33.9492	49.0885	16.015	864.474
-0.103384	-0.224312	0.785645	-0.765462	2.25444	0.23196	51.5455	52.9586	33.0432	37.0099	65.1273	33.1162	50.4734	16.0018	864.484
-0.110278	-0.228171	0.794233	-0.76681	2.39188	0.137879	51.9503	52.9955	32.1622	37.0015	65.0156	33.0142	48.3029	16.0002	864.494
-0.113398	-0.229366	0.789783	-0.824998	2.29212	0.176303	50.3361	52.9992	31.1795	35.3091	64.1244	33.0017	49.7922	16	864.504
-0.116029	-0.229192	0.795217	-0.862928	2.37656	0.124063	49.63	53.4221	31.6138	35.3307	64.8928	33.8778	48.512	16	864.514
-0.117478	-0.225253	0.772305	-0.823627	2.29733	0.128261	48.7712	53.6401	30.7821	35.0403	64.1093	33.1075	48.0627	15.1224	864.524
-0.122634	-0.229038	0.779459	-0.863831	2.29927	0.0924051	48.1329	53.1103	30.1353	34.18	63.4283	33.8907	48.0077	15.015	864.534
-0.124653	-0.227764	0.777943	-0.908436	2.29312	0.169282	47.1761	53.0171	29.5988	34.028	63.6375	34.2791	48.2935	15.0018	864.544
-0.135837	-0.236309	0.782719	-1.36097	2.99572	0.278508	46.6044	52.5799	29.8927	33.275	63.3706	33.7417	48.0359	15.0002	864.554
-0.137957	-0.233907	0.790161	-0.875338	2.19387	0.159225	45.1741	52.3601	29.0784	33.6323	61.4103	33.9553	47.1268	15	864.564
-0.133555	-0.222545	0.754421	-0.887757	2.195	0.23056	45.0512	52.8119	27.3557	33.9371	61.9355	33.9951	47.308	14.1224	864.574
-0.138865	-0.229685	0.764662	-0.923303	2.21471	0.119869	44.5706	52.5399	27.0553	32.301	61.114	34.2921	47.0377	14.015	864.584
-0.144154	-0.234573	0.782004	-0.950353	2.20859	0.253001	44.0872	51.2353	27.0085	32.8921	61.014	34.9133	47.0046	14.0018	864.594
-0.149804	-0.244907	0.801442	-0.966747	2.17479	0.165355	43.1677	50.6134	27.7348	31.506	60.1242	34.9894	47.0006	14.0002	864.604
-0.157281	-0.242389	0.786967	-1.04069	2.32759	0.0327564	42.3123	51.6292	25.3451	30.19	60.0152	34.9987	45.245	14	864.614
-0.162608	-0.241079	0.774428	-0.994461	2.15454	0.0661894	40.2967	51.1457	24.8034	29.5847	58.2249	35	45.0008	13.1186	864.644
-0.162608	-0.241079	0.774428	-0.994461	2.15454	0.0661894	40.2967	51.1457	24.8034	29.5847	58.2249	35	45.0008	13.1186	864.654
-0.165501	-0.244453	0.778151	-1.0401	2.10767	0.185675	39.1996	50.1764	24.3846	29.0638	58.0346	35	45.8778	13.0145	864.664
-0.181248	-0.253189	0.793017	-1.50186	2.75573	0.136048	38.0799	50.0117	23.7019	28.3692	58.0023	35.4667	45.0432	13.9515	864.684
-0.180469	-0.253145	0.774586	-1.50973	2.73966	0.0700916	37.1612	49.5764	22.7032	27.2314	58.0002	35.0489	45.0052	13.1136	864.694
-0.189738	-0.254511	0.788669	-1.12765	2.09914	0.19026	35.8285	49.0624	21.1859	26.7283	55.3651	35.0059	44.1229	13.0139	864.704
-0.188587	-0.25251	0.764821	-1.47528	2.68508	-0.0375988	35.5566	49.4246	20.4372	26.3815	56.7999	35.0007	44.0151	13.0017	864.714
-0.195087	-0.254501	0.786494	-1.21672	2.11789	0.226108	34.1701	48.7495	20.3461	25.7542	55.2204	35.8776	44.0151	13.0017	864.724
-0.196273	-0.252769	0.762856	-1.66013	2.78249	0.093593	33.6155	49.3707	21.2125	25.9699	55.027	35.1075	44.0011	13.0001	864.734
-0.204304	-0.259311	0.769232	-1.6007	2.68448	0.111363	33.0673	48.7436	19.5634	24.8262	54.1777	35.0186	43.105	12.1049	864.744
-0.206582	-0.263215	0.77034	-1.63593	2.66955	0.0921983	32.1839	48.1281	19.654	23.8086	54.0276	35.0029	43.0128	12.0128	864.754
-0.207025	-0.261439	0.762582	-1.62547	2.68734	-0.0017121	31.6063	47.5977	18.7876	24.2691	54.003	35.0003	43.0022	12.0022	864.764
-0.209154	-0.259064	0.75604	-1.7011	2.72263	0.0524009	30.7687	47.9563	18.974	24.0329	53.1222	35	43.0002	12.0002	864.774
-0.215059	-0.266243	0.774318	-1.6585	2.66597	0.0936566	30.9718	47.702	18.9968	23.419	53.015	35	42.1219	12	864.784
-0.217551	-0.260607	0.756494	-1.68373	2.69645	0.00867259	29.5339	47.671	17.537	23.6363	52.1243	35	42.0149	12	864.794
-0.223335	-0.262583	0.758701	-1.77341	2.67898	0.0362812	27.8953	46.7896	17.6508	23.0779	51.1946	35.8269	42.0018	12	864.804
-0.222583	-0.264599	0.759133	-1.8102	2.71726	0.0659415	27.9872	46.9742	18.5423	22.717	51.0213	35.0904	42.0018	12	864.814
-0.230416	-0.267451	0.766511	-1.79963	2.6624	0.0866341	27.1209	46.7043	17.7739	22.0878	50.4172	35.5964	41.0488	12	864.824
-0.216072	-0.253246	0.748521	-1.18198	1.86758	0.0798095	27.5998	48.1339	16.8022	21.7182	50.0722	35.1032	41.8864	12	864.834
-0.232541	-0.261765	0.748643	-1.70642	2.58102	0.0642888	26.4884	47.1388	14.8984	21.5378	50.0079	35.9019	40.2307	11.1223	864.844
-0.226545	-0.258753	0.728334	-1.88981	2.68147	0.0651865	25.1822	46.7245	16.4733	21.0588	49.1228	35.4026	41.7834	11.015	864.854
-0.231752	-0.256465	0.733278	-1.81554	2.6322	0.151852	25.6074	47.8438	15.4723	21.0072	49.0213	35.8966	40.2184	11.0018	864.864
-0.239988	-0.269592	0.769276	-1.26525	1.88835	0.18286	25.1051	45.4922	14.1802	20.4158	48.1588	35.1394	40.0267	11.0002	864.874
-0.243817	-0.269109	0.766766	-1.22846	1.86185	0.0836839	24.4177	45.9445	14.0221	20.0509	47.1258	35.0151	39.1777	11	864.884
-0.239423	-0.262578	0.728868	-1.83547	2.63926	-0.0261632	23.1728	46.2859	14.0038	20.0088	47.8935	35.0018	39.9101	11	864.894
-0.252624	-0.270344	0.754719	-1.73271	2.60458	0.00971218	23.8987	46.3275	12.8129	20.5947	47.1094	34.7077	38.2328	11	864.904
-0.241049	-0.264146	0.752503	-1.19748	1.89088	-0.0909026	24.3214	47.3057	13.9674	19.0437	47.0045	34.9881	38.0064	11	864.934
-0.25573	-0.265792	0.745549	-1.75985	2.61554	0.210911	23.6379	47.0513	12.8209	20.4742	46.7017	34.9988	36.2379	10.1186	864.944
-0.26493	-0.275066	0.759915	-1.74669	2.67342	0.0640119	23.0696	45.2238	11.8078	21.8134	45.4998	34.1215	36.6142	10.0145	864.954
-0.258702	-0.259922	0.731777	-1.73968	2.75155	0.0998217	22.7158	47.0762	11.6839	22.8547	45.9135	34.021	35.1976	10.0018	864.964
-0.25687	-0.253933	0.722098	-1.63548	2.7514	0.0245621	22.9652	47.5944	10.2062	23.8598	46.831	34.0033	34.1466	10.0002	864.974
-0.263442	-0.26187	0.738663	-1.65897	2.69871	0.102437	22.9957	47.3653	10.6103	22.5202	46.1283	34.0005	34.018	10	864.984
-0.267484	-0.264064	0.742219	-1.6309	2.76114	0.061306	22.9995	47.0447	10.3672	23.5263	45.7168	33.1085	33.3004	10	864.994
-0.270957	-0.267208	0.745399	-1.61218	2.80358	0.0191024	22.9999	46.713	10.045	23.942	45.1235	32.191	33.0268	10	865.004
-0.280053	-0.275987	0.791483	-1.10974	1.97211	0.266438	23.8776	45.5023	9.42047	24.2854	44.7166	33.2085	32.7103	10	865.014
-0.278085	-0.267541	0.751011	-1.56394	2.83741	0.0647497	23.6925	47.4017	9.12407	24.7891	43.7096	31.3806	32.0869	10	865.024
-0.268839	-0.256712	0.731266	-1.50238	2.85433	0.0375092	23.9623	48.2193	9.0159	25.8448	45.4528	31.6354	31.1331	10	865.034
-0.266312	-0.257237	0.728646	1.39089	-2.7364	0.0148333	24.2879	48.0268	9.00243	25.9763	46.226	31.0774	30.7238	10	865.044
-0.268623	-0.251663	0.725534	-1.48879	2.88383	0.0655701	24.3278	48.8808	8.57751	26.8421	44.8576	31.5945	30.9522	10	865.054
-0.27976	-0.259441	0.746107	-1.47303	2.8816	0.0834296	24.0401	47.8153	8.51196	27.3984	44.105	31.6578	30.1041	10	865.064
-0.278819	-0.26413	0.766528	-0.912574	1.90181	0.37341	24.2974	46.2223	8.07903	27.9071	44.0129	30.203	30.0127	10	865.074
-0.291882	-0.265909	0.752903	-1.37964	2.95508	-0.0330356	23.2245	46.4519	7.28857	28.7077	43.124	30.0249	27.9539	10	865.084
-0.290357	-0.263592	0.760526	-1.30365	2.93499	-0.0617551	24.3017	46.9148	7.63346	29.5825	44.2619	30.4178	27.4093	10.8776	865.094
-0.282405	-0.257693	0.746864	-1.26548	2.95357	0.00602686	25.8157	48.7737	7.89288	29.1702	44.463	29.2205	27.0501	10.985	865.104
-0.261929	-0.227189	0.681035	1.20661	-2.67582	-0.0510734	23.7248	51.9128	7.99634	29.9717	45.3111	29.9801	26.6771	10.9996	865.134
-0.268696	-0.225592	0.68649	-1.32533	3.13267	0.191596	25.7303	52.8711	7.57323	31.7008	42.1395	28.7484	26.0803	11	865.144
-0.278998	-0.232861	0.705145	1.07069	-2.69294	-0.0223432	23.6667	50.6667	8	33	43.6667	28.6667	24	12	865.194
-0.275741	-0.229308	0.717486	-0.996084	3.0988	0.0666983	29.3333	52	7.14575	35.5628	43.5277	27.6942	23.1665	12.8335	865.204
-0.28565	-0.23417	0.735103	0.921684	-2.95886	-0.090105	28.745	51.1175	7.03886	35.8834	43.9485	28.2636	21.2362	12.9818	865.214
-0.270925	-0.218215	0.687708	0.866391	-2.82737	-0.0430582	27.7985	52.4773	7.0049	36.8592	43.9937	26.8613	21.0288	12.9978	865.224
-0.280478	-0.222465	0.712606	0.829778	-2.87078	-0.0263717	28.644	52.0124	7.00018	37.9587	43.0259	27.321	21.0007	13.9739	865.254
-0.280819	-0.227919	0.723405	-0.811591	3.20717	-0.025603	29.9014	50.1463	7.93179	39.8607	43.0007	26.3585	21.0007	13.9739	865.284
-0.272831	-0.210038	0.712649	0.699894	-2.94091	-0.0516379	31.4965	53.2043	8.43515	41.3129	44.1754	27.5117	19.6667	16	865.294
-0.262206	-0.200989	0.696149	0.680789	-2.87378	-0.183254	33.11	54.7817	9.76218	41.8956	44.0303	27.0884	19.9445	16	865.304
-0.265949	-0.204744	0.713717	0.634906	-2.99371	-0.0479532	33.8911	53.8032	9.11754	42.8297	44.5971	27.6034	19.9939	16.891	865.314
-0.269401	-0.208204	0.719363	-0.576877	3.16721	-0.143725	33.9867	52.2208	8.59532	43.8194	44.0728	27.0736	19.9993	17.8648	865.324
-0.260383	-0.201256	0.70541	0.537889	-2.982	0.0535042	34.5834	53.1971	9.78317	44.3949	45.179	26.7165	19.5864	17.9766	865.334
-0.251876	-0.187421	0.685466	0.564542	-2.96335	-0.0462417	35.534	55.6568	9.54371	45.3294	45.0219	27.5503	19.9548	17.9974	865.344
-0.244141	-0.180737	0.661242	0.512557	-2.90941	0.0480208	35.6504	56.2505	9.14541	45.8207	45.0027	26.1898	19.9945	18.8778	865.354
-0.253944	-0.190367	0.696498	-0.409345	3.20632	0.0306395	37.6134	53.735	10.881	47.8602	44.351	26.005	18.0527	18.9968	865.384
-0.234624	-0.175242	0.671822	0.340117	-2.96089	0.0343609	39.7171	55.4377	12.3156	49.7563	45.8046	26.0006	19.7692	20.7626	865.394
-0.234309	-0.172182	0.667108	0.341914	-2.95039	-8.61281e-05	39.3803	55.9312	12.472	49.963	45.9761	26.0001	19.0941	20.971	865.404
-0.236809	-0.178268	0.69007	-0.269395	3.20124	-0.00819154	41.5466	54.7477	13.3415	50.4172	45.7046	26	18.719	21.5815	865.414
-0.229216	-0.166419	0.665829	0.260308	-2.99217	-0.0488131	41.9504	57.0506	13.4755	50.4872	45.9638	25.415	18.088	22.8263	865.424
-0.224673	-0.168774	0.672019	0.172151	-3.01541	0.0140509	43.6468	55.3534	14.7647	52.1893	45.9893	25.1224	18.8883	22.9787	865.434
-0.223958	-0.163478	0.670127	0.129605	-3.01726	-0.0661176	44.8521	56.2262	15.2716	52.912	45.1268	25.0157	18.1088	23.875	865.444
-0.212113	-0.156623	0.640776	0.130211	-2.96849	-0.010705	44.6715	56.6551	15.4911	53.4771	46.9538	24.0251	18.0029	23.9967	865.474
-0.208492	-0.15841	0.674768	0.0702655	3.14193	-0.199164	48.5649	54.3925	17.9114	55.9109	46.9983	25.9255	18.9746	26.9235	865.504
-0.202361	-0.158662	0.65942	-0.13555	-3.04394	0.318314	49.83	53.165	17.9114	55.9109	46.257	24.4957	19.8785	27.8724	865.514
-0.191166	-0.156233	0.65672	0.241073	3.17656	-0.252052	51.4421	51.8499	21.4014	58	48.152	24.0433	19.1074	28.277	865.524
-0.18468	-0.151935	0.653427	0.276091	3.17902	-0.219376	53.1439	52.3875	22.5128	58.8784	48.026	24.0074	19.8455	28.8749	865.534
-0.183812	-0.155479	0.662041	0.31935	3.13512	-0.215414	53.7696	51.3735	23.5613	58.9641	48.0028	24.0008	19.8455	28.8749	865.544
-0.179053	-0.153287	0.661945	0.435283	3.10242	-0.243051	54.8446	50.1735	25.7824	59.9076	48.2931	23.7074	19.0382	30.9039	865.554
-0.180906	-0.155157	0.671427	0.387446	3.17263	-0.199773	54.129	50.8738	25.9627	59.1554	48.8777	23.5359	19.8853	30.9885	865.564
-0.172445	-0.146584	0.656829	0.437954	3.18848	-0.240686	55.4999	50.9663	26.8388	61.1357	48.981	23.9278	20.5711	31.8763	865.574
-0.164117	-0.15198	0.665937	0.50554	3.03218	-0.257854	58.3886	50.0849	28.7654	60.1233	48.9971	23.9889	20.9475	31.9849	865.584
-0.156802	-0.148148	0.647601	-0.565522	-3.07976	0.273141	59.7242	49.6001	29.6371	60.7423	48.9997	22.8101	20.9936	32.8757	865.594
-0.149909	-0.137914	0.639939	-0.549766	-3.05352	0.148155	60.6568	51.3545	30.8785	62.495	49.8277	22.9673	21.4124	33.8054	865.604
-0.145152	-0.143176	0.648716	-0.579894	-3.06771	0.220731	62.186	50.7271	31.808	61.256	49.9732	22.9949	22.8264	33.9787	865.614
-0.134846	-0.138981	0.62558	-0.624359	-3.05121	0.236934	64.104	50.1244	32.8148	62.3067	50.2942	22.108	22.9788	33.9974	865.624
-0.13457	-0.137509	0.63086	-0.611384	-2.94525	0.164795	63.4175	49.7167	34.1685	63.2219	50.6213	21.7204	23.875	34.8773	865.634
-0.130337	-0.144776	0.633792	0.722238	3.0556	-0.387742	64.5276	47.0334	34.8987	62.1489	50.9536	22.5508	23.9847	34.985	865.644
-0.126235	-0.143796	0.633964	0.768948	3.02381	-0.299114	65.2347	46.7116	36.7428	62.8958	50.992	22.0953	23.7056	35.2907	865.654
-0.119956	-0.145574	0.627986	-0.849905	-3.03569	0.304999	67.0764	45.7946	38.334	62.2643	50.4053	21.1198	23.964	35.9132	865.664
-0.115282	-0.145845	0.631653	0.846125	3.02246	-0.306061	67.003	45.0319	39.636	62.9831	51.957	21.3276	24.972	35.9977	865.694
-0.0982542	-0.141424	0.61712	0.884922	2.9415	-0.397388	70.8844	45.0033	42.0339	62.9951	52.8249	21.8871	26.7596	36.8812	865.704
-0.0911542	-0.141503	0.619222	-0.950338	-3.01508	0.246116	71.8643	45.0004	44.6216	62.9994	53.8176	20.2929	26.9706	37.8632	865.714
-0.0849034	-0.14314	0.614909	0.984379	2.92149	-0.303099	73.1535	43.5374	46.2131	62.9999	53.6831	20.3289	27.874	37.9832	865.724
-0.0820537	-0.145158	0.62412	1.01018	2.94105	-0.230605	73.3113	43.0658	47.5091	63.2972	53.9614	20.0401	28.8621	37.9979	865.734
-0.0746408	-0.142691	0.610466	1.05286	3.00384	-0.254013	74.7077	42.1845	48.7432	63.8789	54.8203	19.18	29.8607	38.5848	865.744
-0.0703574	-0.149488	0.627473	-1.08011	-2.94893	0.247829	75.799	42.0287	50.2269	61.8698	54.6835	19.3166	30.8605	38.9492	865.754
-0.0663344	-0.150534	0.64945	1.08889	2.91178	-0.117918	75.3839	42.3003	52.1047	62.283	55.7731	19.8822	31.8605	39.5788	865.764
-0.0582297	-0.141705	0.602211	-1.11629	-2.89102	0.354913	77.9739	40.573	52.4319	63.7042	55.9752	19.6902	31.9829	39.9484	865.774
-0.0544623	-0.148306	0.616674	-1.15074	-2.9364	0.260408	78.409	40.5126	53.7562	62.6872	55.997	19.0841	32.8755	39.1161	865.784
-0.0485469	-0.150175	0.622122	-1.17405	-2.94972	0.372978	79.5292	40.6498	54.8079	61.2606	56.8772	19.8879	33.8623	39.8918	865.794
-0.0408951	-0.151265	0.615533	1.17747	2.81061	-0.286392	79.9426	38.9084	57.3565	62.2169	57.8057	19.1537	34.2757	39.4017	865.804
-0.0351284	-0.154253	0.621037	1.18194	2.7662	-0.239382	81.2305	39.8111	58.7169	60.3819	57.9788	18.423	34.9113	39.9267	865.814
-0.0269298	-0.156946	0.617829	1.20655	2.70354	-0.194219	81.619	38.198	61.1166	60.8337	58.8755	18.0516	35.8667	39.1135	865.824
-0.0235183	-0.16017	0.632092	1.21175	2.7368	-0.165835	81.9343	38.448	61.6183	60.0733	59.8623	18.0063	36.8612	39.5989	865.834
-0.015505	-0.157252	0.612471	1.21461	2.66676	-0.230254	83.6789	38.0696	63.4188	60.3019	59.9831	18.0008	37.5681	39.0733	865.844
-0.0128948	-0.162532	0.62554	1.26961	2.79886	-0.238138	83.9504	36.3196	63.6363	60.0369	61.4605	17.4151	38.8247	39.8865	865.854
-0.00688738	-0.164257	0.626662	1.26766	2.7657	-0.168413	84.589	36.0347	64.833	60.297	61.9339	17.0508	39.8561	39.1086	865.864
-0.0020614	-0.158772	0.605282	1.26738	2.75859	-0.24254	86.5846	36.006	65.5646	60.9139	61.9886	17.0088	40.2749	39.0133	865.874
0.00326463	-0.160827	0.61384	1.25783	2.73174	-0.270441	86.3608	35.7038	66.8242	60.6969	63.6872	17.8459	40.9112	39.0016	865.884
0.0043701	-0.166587	0.612376	1.27206	2.72987	-0.358003	87.5181	35.2069	66.9785	58.3302	63.1061	17.1306	41.2817	39.0002	865.894
0.00876629	-0.168152	0.612429	1.29348	2.72882	-0.360968	87.8906	34.274	68.1674	58.333	63.903	17.0142	41.912	39	865.904
0.0130255	-0.171485	0.623515	1.29026	2.77042	-0.249247	88.7561	34.8404	68.1674	58.333	63.9882	16.1236	43.4518	38.415	865.914
0.0222517	-0.168689	0.603564	1.28576	2.62182	-0.242948	88.97	34.1034	71.8132	58.3333	65.7537	16.0151	43.0553	38.0508	865.924
0.0340309	-0.172613	0.616643	1.31591	2.56905	-0.187827	89.7274	34.0274	74.6195	57.4527	66.8474	16.0019	45.3469	38.5913	865.934
0.0440353	-0.189408	0.647296	1.3087	2.67366	-0.297493	92.0585	33.0765	74.2012	54.9219	67.8041	15.9231	48.7574	37.1205	865.964
0.0440353	-0.189408	0.647296	1.3087	2.67366	-0.297493	92.0585	33.0765	74.2012	54.9219	67.8041	15.9231	48.7574	37.1205	865.974
0.0622701	-0.184611	0.625603	1.29302	2.57642	-0.276881	94.3212	32.5577	78.7164	55.78	70.6884	15.9001	50.9161	36.1189	866.004
0.0622701	-0.184611	0.625603	1.29302	2.57642	-0.276881	94.3212	32.5577	78.7164	55.78	70.6884	15.9001	50.9161	36.1189	866.014
0.0680708	-0.185105	0.624304	1.30495	2.5894	-0.167518	94.8209	31.411	79.3646	57.2027	71.7744	15.1548	52.16	35.4294	866.024
0.0758953	-0.186765	0.620418	1.30097	2.47561	-0.0901792	94.9843	31.9484	81.7119	56.1315	71.9753	14.1262	53.7747	35.0526	866.034
0.0791414	-0.192986	0.634097	1.30138	2.54094	-0.205749	95.8262	31.5767	81.6722	54.8452	72.8751	14.8935	53.9724	35.0064	866.044
0.0847593	-0.195837	0.636785	1.2725	2.50116	-0.213257	95.9532	31.8861	82.7702	54.1463	73.8054	14.9816	54.8742	34.1232	866.054
0.0955456	-0.201465	0.63262	1.24428	2.45379	-0.184751	96.9415	31.2765	84.8456	53.2907	75.4687	14.0029	56.878	32.122	866.084
0.0955456	-0.201465	0.63262	1.24428	2.45379	-0.184751	96.9415	31.2765	84.8456	53.2907	75.4687	14.0029	56.878	32.122	866.094
0.101492	-0.200058	0.635892	1.20498	2.45104	-0.157094	97.4133	32.7326	85.2806	53.3287	76.8128	14.0004	57.8628	32.0149	866.104
0.111817	-0.20824	0.651012	1.18645	2.45879	-0.164257	98.4606	32.5084	85.9814	52.3591	77.9692	14	59.9445	31.0264	866.134
0.118192	-0.197198	0.633288	1.12622	2.42849	-0.130263	99.7727	33.7798	86.8291	54.5568	79.4163	14.7126	61.7564	30.1216	866.144
0.128739	-0.210686	0.657213	1.09266	2.41897	-0.105907	99.054	33.9846	87.9178	52.1794	81.6169	14.0158	62.9677	29.0291	866.174
0.138073	-0.208523	0.648186	1.06399	2.39125	-0.140164	101.396	34.7918	89.3193	52.0205	81.9547	14.0019	65.6406	28.122	866.184
0.140465	-0.213769	0.666108	1.01508	2.39855	-0.120233	100.304	34.9547	88.3481	52.0054	82.8722	14.878	65.9561	27.1372	866.194
0.146746	-0.215854	0.669113	0.996159	2.42926	-0.145749	101.629	34.9901	88.6387	51.6964	83.8619	14.9851	66.8722	26.7243	866.204
0.151464	-0.215405	0.667213	0.965317	2.41284	-0.141622	101.968	35.6088	89.3526	51.5336	84.803	14.9974	67.8619	26.0887	866.214
0.154593	-0.214685	0.66599	0.940837	2.42667	-0.161083	102.409	36.3476	89.8259	51.1435	85.8691	14.9997	67.9831	26.0109	866.224
0.15526	-0.21391	0.664335	0.908116	2.40076	-0.126227	102.11	36.8245	89.5412	51.455	85.984	15	68.8755	25.1238	866.234
0.152758	-0.210777	0.644744	0.911958	2.35855	-0.191591	102.888	36.541	90.7773	51.0695	85.1205	15	68.9847	24.1376	866.244
0.156666	-0.209219	0.64091	0.869386	2.36019	-0.153748	102.983	36.9299	90.9759	51.6019	86.7699	15	69.8757	23.1393	866.254
0.160683	-0.210295	0.652934	0.875918	2.34496	-0.0977235	102.404	37.2896	90.9958	51.9314	86.9718	15	70.8623	23.8946	866.264
0.165355	-0.211504	0.654131	0.828205	2.3758	-0.098563	102.897	37.8776	90.9994	51.5671	88.7517	15	71.2757	23.1095	866.274
0.169123	-0.217686	0.671239	0.817449	2.35858	-0.0940258	102.139	37.981	90.9999	50.7644	88.6771	15.2925	71.9113	23.0134	866.284
0.170723	-0.215193	0.668302	0.755453	2.36303	-0.120177	102.867	39.2654	90.4146	50.6786	88.9605	15.9134	72.8667	22.1241	866.294
0.173782	-0.215787	0.670009	0.732696	2.37102	-0.137977	102.979	39.8866	90.8987	50.1174	89.8727	15.9894	72.9837	22.0152	866.304
0.175901	-0.214904	0.670542	0.740096	2.35708	-0.095274	102.997	39.5597	90.9842	50.8628	89.9844	15.9987	73.8756	22.0019	866.314
0.176533	-0.21242	0.658959	0.708043	2.34873	-0.128609	103.297	40.2494	91.8898	50.3908	90.8756	15.9998	73.9848	21.1227	866.324
0.182931	-0.21808	0.678313	0.686513	2.35192	-0.128238	103.087	40.0733	91.6939	50.0476	91.2773	16.8775	74.8757	21.015	866.334
0.178216	-0.215925	0.667423	0.702848	2.31042	-0.211497	103.003	40.4854	92.9476	49.042	90.0346	16.9967	74.0237	21.0004	866.364
0.187922	-0.218244	0.67944	0.585065	2.34926	-0.171026	103.853	41.3503	91.2019	49.3031	92.0608	18.1749	76.6471	19.2372	866.374
0.189832	-0.218475	0.684908	0.607385	2.35711	-0.13773	103.984	41.0379	91.0246	49.9152	92.0074	18.0214	76.9569	19.9067	866.384
0.192426	-0.215668	0.681387	0.544699	2.37424	-0.143694	103.997	41.8343	91.0042	49.9853	93.756	18.8802	77.2872	19.111	866.394
0.189207	-0.207298	0.664767	0.525212	2.32197	-0.169588	104	43.6633	91.8911	49.9984	93.0926	18.9853	77.9127	19.0136	866.404
0.188335	-0.209335	0.670106	0.517283	2.36219	-0.141032	103.577	43.1024	90.8159	50.2925	93.8889	18.9982	77.1118	19.0017	866.414
0.189383	-0.207998	0.669244	0.50617	2.33129	-0.140121	103.063	43.9026	91.5625	50.0358	93.9808	18.9997	77.5987	19.0002	866.424
0.190807	-0.211356	0.676542	0.455471	2.32802	-0.104749	102.715	44.2808	90.2704	49.5927	93.9979	19	78.8284	18.1225	866.434
0.18722	-0.203785	0.654429	0.414423	2.34186	-0.124921	102.979	44.946	90.4915	49.985	95.4416	19.4805	78.3464	17.0296	866.464
0.185883	-0.199868	0.657431	0.385726	2.35014	-0.123554	102.998	45.4366	89.2203	50.8501	95.0653	20.7754	78.6287	17.2973	866.474
0.182708	-0.200925	0.660118	0.36828	2.33299	-0.168746	102.404	46.2376	89.0238	49.7947	94.1153	20.9757	78.0769	17.3289	866.484
0.194587	-0.206103	0.685061	0.308299	2.38036	-0.150209	102.119	46.776	89.0041	49.1369	96.6485	21.8752	78.887	17.9178	866.494
0.187912	-0.200149	0.663416	0.278756	2.34532	-0.118458	102.027	46.9492	88.1561	49.8658	96.1122	21.9784	79.8637	16.2348	866.504
0.189026	-0.199449	0.668423	0.253697	2.37885	-0.143293	102.786	47.769	87.1785	49.5565	96.0123	22.2945	79.9833	16.9063	866.514
0.184572	-0.193863	0.655517	0.228017	2.31314	-0.152051	101.22	48.8486	88.296	49.5087	96.0015	22.914	79.998	16.111	866.524
0.181869	-0.190885	0.651076	0.190211	2.35709	-0.122539	101.457	49.4007	86.3544	49.9242	96.5852	22.9895	79.9997	16.0136	866.534
0.184145	-0.195358	0.67331	0.174973	2.34458	-0.117334	100.158	49.6378	86.0385	49.3974	96.0717	23.5837	80	16.8792	866.544
0.183471	-0.19586	0.675206	0.184929	2.32105	-0.1123	99.3403	49.1875	86.5901	49.6339	96.0088	23.949	79.7075	16.6927	866.554
0.183471	-0.19586	0.675206	0.184929	2.32105	-0.1123	99.3403	49.1875	86.5901	49.6339	96.0088	23.949	79.7075	16.6927	866.554
0.183545	-0.193675	0.672927	0.166561	2.33786	-0.124625	99.9604	49.9512	86.0437	49.5099	96.0012	23.993	79.9852	16.9844	866.574
0.178153	-0.187644	0.659426	0.0946388	2.37874	-0.109559	99.9897	50.7281	83.7927	49.8724	96.9182	24.9175	79.9982	16.1176	866.584
0.169129	-0.185536	0.650764	0.0594898	2.34505	-0.0815019	98.1739	51.2804	82.461	49.6847	96.1568	24.9859	79.7072	15.1367	866.594
0.168369	-0.187139	0.654876	0.00844202	2.31653	-0.100765	97.728	52.499	81.7628	48.2038	95.1264	24.9985	80.8417	15.0167	866.604
0.166146	-0.188077	0.663772	0.0164487	2.34411	-0.0948204	97.0282	51.5387	81.0295	48.9692	95.3279	25.9739	79.3728	15.3251	866.634
0.160275	-0.183328	0.660119	-0.0653814	2.35206	-0.0414246	95.2997	52.784	78.7801	48.9921	95.9203	26.8784	79.6318	15.0385	866.644
0.157852	-0.184536	0.663642	-0.117586	2.37158	-0.124272	95.0461	53.8128	78.0979	47.25	95.6977	27.5703	78.7847	15.2973	866.654
0.149623	-0.179237	0.650613	-0.130728	2.41007	-0.0988618	95.43	53.9711	75.3321	48.2172	95.0854	27.6549	78.3886	15.0364	866.664
0.151973	-0.185277	0.664223	-0.142147	2.36747	-0.0651858	93.7979	53.9955	76.2114	47.1482	95.0105	27.0802	78.9251	15.0045	866.674
0.14537	-0.18491	0.656061	-0.159241	2.37622	-0.113111	93.0866	53.7023	75.6231	46.6122	95.0018	27.8408	77.2357	14.123	866.684
0.136414	-0.176811	0.626413	-0.127665	2.30793	-0.139263	93.0149	54.7764	75.9414	46.9397	93.2189	27.0919	77.0289	13.1375	866.694
0.138903	-0.181657	0.652099	-0.144281	2.33117	-0.0554656	92.4078	53.4911	74.2107	47.8849	93.0267	27.8893	77.8811	13.8944	866.704
0.135257	-0.178314	0.642031	-0.230481	2.40273	-0.0862383	92.0497	55.4015	72.3809	46.3247	94.7584	27.9865	77.1079	13.9871	866.714
0.130121	-0.181136	0.645211	-0.215718	2.42543	-0.1234	91.7136	54.7566	71.6369	46.0505	94.0929	27.9983	75.2581	13.9984	866.724
0.126669	-0.182412	0.649818	-0.239329	2.39976	-0.148211	90.71	54.9579	71.1704	45.281	93.1338	28.5848	75.0316	13.9998	866.734
0.125584	-0.182819	0.651496	-0.266858	2.39907	-0.0989914	90.1104	55.4157	70.1477	45.0355	93.0232	28.1012	75.8814	14	866.744
0.117638	-0.179419	0.638478	-0.27473	2.41906	-0.116236	89.5943	55.0642	68.7516	45.4291	93.0025	28.9017	74.2304	13.1224	866.754
0.113215	-0.179863	0.64077	-0.253879	2.38723	-0.105031	89.0917	54.5871	68.1159	45.9119	91.3451	28.9831	74.0282	13.015	866.764
0.108985	-0.181024	0.639727	-0.280674	2.41278	-0.0814274	87.8213	55.2524	67.1211	45.0989	91.8982	28.1528	73.1259	13.0018	866.774
0.104297	-0.17782	0.632123	-0.260454	2.41645	-0.0825888	87.9782	55.3235	66.1931	45.8448	91.0975	28.0166	72.4304	13.0002	866.784
0.101497	-0.182662	0.647349	-0.333331	2.42329	-0.11465	86.3423	55.056	65.1855	44.2868	91.0168	29.6583	72.0527	13	866.794
0.0957685	-0.176015	0.627756	-0.356743	2.45598	-0.126899	86.0532	56.6977	63.8315	44.0311	91.5956	29.072	71.1289	13	866.804
0.0913595	-0.180867	0.641398	-0.35476	2.47154	-0.075531	84.7399	55.685	62.8086	44.2965	91.0726	29.0088	70.1382	13	866.814
0.0861298	-0.179543	0.629928	-0.39135	2.46088	-0.119498	84.1142	55.9514	61.7264	43.2243	90.7164	29.5861	69.7244	12.1224	866.824
0.0803478	-0.176741	0.621762	-0.403471	2.45225	-0.101289	83.172	56.8381	60.4647	43.0604	90.0877	29.0718	69.3812	12.015	866.834
0.0782492	-0.18585	0.644561	-0.409176	2.53731	-0.126051	83.4494	55.2837	59.1288	42.7013	89.7182	29.0088	68.1691	12.8794	866.844
0.0730387	-0.183697	0.632996	-0.446436	2.54322	-0.112744	82.3876	55.8084	57.8436	42.0848	89.9655	29.0011	67.7282	12.1077	866.854
0.0687029	-0.180459	0.62702	-0.425998	2.52786	-0.0999162	82.0489	55.9758	57.1459	42.8417	89.1671	29.0002	67.0892	12.0132	866.864
0.0603799	-0.184519	0.635875	-0.461226	2.54393	-0.0782543	80.2197	55.6998	55.2346	42.092	88.1815	29	66.1334	12.0016	866.874
0.0587586	-0.184391	0.633911	-0.505877	2.5458	-0.079455	79.734	56.2562	54.2128	41.1882	88.0197	29	66.8939	12.0002	866.884
0.0546031	-0.187412	0.639592	-0.521297	2.5539	-0.0827327	78.7135	56.0443	53.6108	40.607	87.5895	29	66.1095	12	866.894
0.0444606	-0.183263	0.624773	-0.493162	2.52901	-0.0793239	77.6887	56.0069	51.8777	41.2545	86.1737	29	64.2583	11.1224	866.904
0.0405804	-0.187424	0.623828	-0.49976	2.50126	-0.10009	77.1064	55.1555	51.1512	40.2161	85.1431	29	64.0316	10.1374	866.914
0.0374843	-0.182338	0.612847	-0.505845	2.53409	-0.174957	77.4392	56.2925	50.179	40.0336	85.0175	29	63.1263	10.8944	866.924
0.0352335	-0.190117	0.635658	-0.555368	2.56479	-0.0764787	75.3765	55.6223	50.0276	39.5824	85.5872	29	63.0155	10.9871	866.934
0.0312215	-0.192168	0.645005	-0.609554	2.59746	-0.0245614	74.2125	55.0961	48.7358	39.5127	85.6569	29.8776	63.0019	10.9984	866.944
0.0234481	-0.18678	0.623933	-0.59409	2.54253	-0.0815564	73.3243	55.7583	47.2679	39.0791	84.2029	29.985	61.8302	10.1222	866.954
0.0159364	-0.185201	0.617788	-0.650687	2.5685	-0.0726941	71.5082	56.5869	45.3501	38.1666	84.0248	29.9982	61.1016	10.015	866.964
0.0136274	-0.18707	0.623197	-0.630614	2.54148	-0.0670727	71.1485	56.1715	45.3351	38.3152	83.1255	29.9998	60.7199	10.0018	866.974
0.0108944	-0.189866	0.626539	-0.687732	2.6291	0.00894594	70.583	56.0219	43.8162	38.0543	83.8929	29.1224	60.9657	10.0002	866.984
0.002805	-0.189534	0.622916	-0.666419	2.62054	-0.0741519	70.0891	55.5797	42.2823	38.0084	82.2318	29.6	59.2407	10	866.994
-0.00281511	-0.191304	0.626244	-0.733218	2.72096	0.0109031	68.7451	55.5123	40.842	38.0009	82.9059	29.0735	58.737	10	867.004
-0.00539349	-0.193397	0.631096	-0.693926	2.6211	-0.0308904	67.7837	55.9471	41.5662	37.122	81.3299	29.0127	58.0902	10	867.014
-0.0133657	-0.194713	0.63494	-0.698958	2.60978	0.0283522	66.3073	55.577	40.1917	37.3075	80.2068	29.002	57.1335	9.70748	867.024
-0.0187606	-0.193419	0.628397	-0.739292	2.6692	-0.047299	65.6255	55.9342	38.7928	36.6397	80.0224	29.2974	56.1388	9.96418	867.034
-0.0220699	-0.202556	0.635265	-0.771006	2.69044	-0.0641552	65.0679	54.2099	38.1233	35.255	79.71	29.0362	56.017	9.11806	867.044
-0.0299122	-0.197623	0.631251	-0.767264	2.69947	0.0253947	63.5447	55.1964	37.1219	36.2163	79.0869	29.0044	54.247	9.01445	867.054
-0.0317334	-0.195543	0.62845	-0.777143	2.63343	0.0107395	63.0942	55.034	35.844	36.0264	78.1331	29.8781	55.2003	9.00177	867.064
-0.0369832	-0.195895	0.622963	-0.79907	2.71617	-0.0141855	62.5924	55.0053	34.5183	36.0032	78.0163	29.1075	54.147	9.00022	867.074
-0.0412373	-0.200386	0.637701	-0.768128	2.59959	0.0370519	61.2459	55.0008	34.941	35.4154	76.2469	29.0132	54.018	9.00003	867.084
-0.0480788	-0.202293	0.627124	-0.877826	2.74656	-0.0725403	59.7695	55.4229	33.3359	33.418	76.4562	28.5888	53.1246	9	867.094
-0.0545335	-0.201852	0.625958	-0.909816	2.79404	-0.065596	58.696	55.0653	32.1461	33.6395	76.0499	28.955	52.1377	9	867.104
-0.0577226	-0.196157	0.637319	-0.847148	2.6425	0.193589	57.6846	55.4329	32.0178	36.005	75.1809	29.8199	52.0169	9	867.114
-0.0635664	-0.198996	0.636511	-0.990676	2.90312	0.167982	57.019	55.3361	31.677	36.0001	75.005	29.3469	52.0005	9	867.144
-0.0759006	-0.198304	0.624275	-1.11203	3.02402	0.279488	54.8681	55.8091	30.4824	34.5754	73.2378	29.0411	50.2374	8.11865	867.154
-0.0836845	-0.208102	0.649049	-1.13219	2.96062	0.41743	53.6746	54.2309	30.6503	33.4437	72.2139	29.8343	49.1513	8.01451	867.164
-0.0809273	-0.197906	0.6334	-0.888467	2.58818	0.266039	53.1031	54.8825	27.7348	34.8116	72.0234	29.9819	49.0185	8.00178	867.174
-0.102213	-0.219952	0.655542	1.11994	-3.09387	0.0679672	50.3724	53.0813	26.4795	30.596	69.1767	29.0588	46.1248	8.88149	867.204
-0.104521	-0.210212	0.654581	-1.10704	3.04639	0.26048	50.3724	53.0813	27.8324	35.4043	69.1767	29.0588	46.1248	8.88149	867.234
-0.110223	-0.205277	0.629799	-1.10449	3.01274	0.0330198	48.383	53.6524	24.6036	34	68.6791	29.0014	45.0291	8.99694	867.244
-0.117287	-0.202728	0.630244	1.07685	-2.82738	-0.145395	47.232	54.774	24.3653	33.7061	67.1989	29.294	44.122	8.99964	867.254
-0.12105	-0.216143	0.653893	-1.10995	2.89814	0.169476	47.3223	53.1935	24.0447	31.916	66.6208	29.4644	44.0149	8.12223	867.264
-0.127067	-0.219433	0.660096	1.10133	-2.9266	-0.0887697	46.3887	52.3509	23.7129	32.2822	66.0679	29.0508	43.1243	8.89253	867.274
-0.134828	-0.213629	0.660168	-1.12895	3.01649	0.225962	45.6828	52.9855	23.3433	34.2797	64.3786	29.326	42.0294	8.99719	867.304
-0.141048	-0.210049	0.648818	1.02854	-2.83077	-0.138915	44.7869	54.1738	22.1592	33.7393	63.2314	28.2225	40.2405	9.88115	867.314
-0.144242	-0.212184	0.643736	0.985815	-2.89243	0.0842554	43.5494	51.6027	20.3807	34.9673	63.9811	28.3306	39.0322	9.99692	867.344
-0.151437	-0.207979	0.653237	-0.985681	3.01308	0.14398	44.5509	53.7516	20.0639	35.8267	61.9408	28.333	37.2408	9.99963	867.354
-0.148002	-0.200629	0.632794	0.914935	-2.81853	-0.113616	44.3598	55.1409	20.8547	35.9731	61.9928	26.8704	37.0294	10.8777	867.364
-0.153556	-0.20199	0.649392	0.919582	-2.78881	-0.213014	43.7515	54.7247	21.8232	36.8414	61.4141	27.8617	36.4186	11.2775	867.374
-0.158145	-0.208038	0.669046	0.933314	-2.89236	-0.258004	44.2621	53.7962	21.2201	36.9576	61.0507	28.5681	36.0513	11.034	867.384
-0.159149	-0.205802	0.656431	-0.937075	3.06932	0.0989579	44.3246	53.975	19.2802	37.4316	60.1286	27.777	36.0513	11.034	867.394
-0.155619	-0.193409	0.634843	0.852855	-2.80263	-0.106592	44.0085	55.6223	19.9738	38.9429	60.0034	27.345	36	12	867.424
-0.162518	-0.209806	0.665883	-0.892202	3.1739	0.0237696	44.5887	52.7231	19.9933	38.9853	59.1189	26.4532	36	12	867.434
-0.161456	-0.197677	0.655747	0.753973	-2.85153	-0.0935601	44.9497	55.0142	20.9121	39.9114	59.5997	26.348	33.7774	13.9051	867.444
-0.166682	-0.196702	0.650934	0.750206	-2.80839	-0.0814952	43.5559	55.0005	20.3483	39.9977	58.691	26.0091	33.02	13.9976	867.474
-0.170366	-0.196996	0.655176	0.687004	-2.82041	-0.0644518	44.2528	55.0001	20.1001	40.7119	57.4942	25.1196	32.1712	14.8318	867.484
-0.176873	-0.205133	0.673481	0.665206	-2.73875	-0.103574	43.1524	53.5361	21.7576	40.9632	56.4753	24.4295	32.0187	14.9816	867.494
-0.172384	-0.19723	0.652504	0.657568	-2.74532	-0.104575	43.4399	54.7467	21.1157	40.9944	56.9358	24.0526	31.4169	14.9978	867.504
-0.176358	-0.205914	0.676395	0.602204	-2.84326	-0.0963189	45.1263	53.191	21.0309	41.7312	56.4071	24.0064	31.051	14.9997	867.514
-0.179344	-0.206666	0.675921	0.591565	-2.75948	-0.000985624	43.8446	52.7306	21.0069	41.9398	55.4648	23.4158	31.8838	15.8775	867.524
-0.181359	-0.202989	0.673702	0.581061	-2.76416	-0.0759713	43.3959	53.2595	21.4392	42.4309	55.642	23.6359	30.2307	15.985	867.534
-0.182618	-0.201567	0.682357	0.61788	-2.83801	-0.124716	44.2186	54.2019	20.6432	42.0657	55.6636	25.1255	30.3208	15.9982	867.544
-0.184807	-0.198099	0.680397	0.588708	-2.82495	-0.122381	43.6244	54.4484	20.9046	42.7503	55.6663	25.0154	29.1617	16.8773	867.554
-0.1796	-0.19854	0.668264	0.549454	-2.79241	-0.0177982	43.9589	53.7521	20.988	42.9685	55.9015	23.5947	29.8974	16.985	867.564
-0.189109	-0.201159	0.691687	0.575182	-2.78603	-0.141999	43.995	54.2625	20.9968	42.9917	53.8661	24.8746	29.9874	16.9982	867.574
-0.188783	-0.204757	0.713194	-0.597152	3.19232	0.100776	45.7546	53.4471	20.3915	43.9116	54.8628	26.4497	29.9985	16.9998	867.584
-0.201526	-0.208987	0.732374	-0.634773	3.24731	0.222332	43.9223	52.7622	20.8959	44.3993	53.3222	26.9048	29.1223	17	867.594
-0.187096	-0.196996	0.695402	0.549362	-2.87627	-0.233656	45.7456	54.726	20.9838	44.062	54.2228	25.802	29.1223	17	867.604
-0.192747	-0.206232	0.707659	0.425646	-2.81312	-0.0234189	45.0913	52.3338	21.8431	44.8552	53.149	23.3415	29.006	18.9025	867.614
-0.193338	-0.196302	0.704081	0.491468	-2.77437	-0.171881	44.7187	54.6735	21.9758	44.9776	52.7257	25.0895	29.0007	18.9884	867.624
-0.185511	-0.199797	0.700636	0.445845	-2.80613	-0.0454537	45.7782	53.2896	22.4191	45.4194	54.1365	24.1334	29.8778	18.9986	867.634
-0.183718	-0.198142	0.683901	0.388723	-2.7912	-0.00154716	45.9758	52.7348	22.0647	45.9104	53.7242	22.5537	29.1075	18.9998	867.644
-0.179657	-0.189833	0.686963	0.413595	-2.81877	-0.0960376	46.8752	54.7239	22.8985	46.2874	54.7792	24.1632	29.0132	19.8775	867.654
-0.181985	-0.187431	0.690343	0.417439	-2.76148	-0.139318	46.9847	55.2587	22.9825	46.8772	53.1945	24.6116	29.8792	19.985	867.664
-0.190125	-0.195244	0.720831	0.356371	-2.89043	-0.149939	47.8757	54.1541	22.9973	46.9809	53.0237	24.9527	28.2301	20.8757	867.674
-0.18561	-0.189139	0.710552	0.36637	-2.84363	-0.171333	47.3997	54.6039	23.8452	47.8426	53.8805	25.2867	28.3207	20.9848	867.684
-0.183147	-0.192157	0.713363	0.320741	-2.87168	-0.0562156	47.9265	53.1964	23.9761	48.8213	54.2779	25.0351	28.9168	20.9981	867.694
-0.179983	-0.184943	0.701415	0.28391	-2.85605	-0.22491	49.1611	54.7792	24.8419	48.5496	54.034	24.1267	27.2347	21.8773	867.704
-0.188541	-0.197509	0.749999	-0.239668	3.18721	0.230841	49.8973	52.6328	24.9756	49.3533	54.0059	25.6758	27.0287	21.985	867.714
-0.175976	-0.177783	0.698814	0.224178	-2.87629	-0.15409	50.5725	55.0027	24.9962	50.7458	53.7038	24.777	27.8811	22.8757	867.724
-0.175131	-0.182923	0.71385	0.170309	-2.96556	-0.238505	52.1664	54.1735	25.8451	50.5379	53.9489	24.5477	27.1079	22.9848	867.734
-0.17467	-0.186188	0.70676	0.126994	-2.87914	-0.175618	51.4244	52.8314	26.8217	50.9287	53.6975	22.8723	27.0132	22.9981	867.744
-0.17148	-0.190435	0.736501	0.109177	-3.0061	-0.293113	53.6861	52.6867	27.8722	50.9923	54.2558	24.448	27.8792	22.9998	867.754
-0.162531	-0.176005	0.696532	0.108552	-2.87933	-0.235327	53.9074	54.3175	27.9844	51.8772	54.6164	23.4698	27.9852	23.8775	867.764
-0.167025	-0.189677	0.729001	0.0719828	-2.91371	-0.102491	53.2061	51.7537	28.8757	51.985	54.953	23.6426	28.8757	23.985	867.774
-0.168514	-0.194861	0.765109	-0.0132189	3.1942	0.204453	54.7785	51.5313	29.8054	51.9974	54.9942	24.8338	28.6923	24.8757	867.784
-0.15716	-0.178037	0.720734	0.0746724	-2.9601	-0.111329	55.2739	53.7355	29.0881	52.8904	55.8769	24.9796	29.8399	24.9848	867.794
-0.157478	-0.179974	0.716503	0.0490633	-2.86196	-0.0156575	54.2194	52.7128	29.8428	52.9811	55.9849	23.8274	29.9723	25.8243	867.804
-0.155772	-0.175889	0.72357	-0.0130329	-2.92169	-0.232578	56.5677	53.3776	30.8201	53.8416	54.8281	24.2714	29.1063	25.9808	867.814
-0.146193	-0.173257	0.715285	-0.0230717	-2.91901	-0.257434	58.1417	53.6353	31.8178	53.9755	55.8565	24.0332	29.8911	25.9977	867.824
-0.144357	-0.161129	0.694718	-0.0222169	-2.9203	-0.258375	58.3279	55.2852	31.0622	54.9221	55.994	24.4804	29.0253	26.9715	867.854
-0.12931	-0.154398	0.670227	-0.0318913	-2.75505	-0.350407	60.3893	55.9152	33.7668	55.3007	56.4251	23.219	30.7658	26.9966	867.864
-0.132076	-0.165775	0.71234	-0.0846103	-2.88293	-0.168895	60.6595	54.0497	33.9911	55.4924	56.986	24.3061	31.968	27.974	867.894
-0.122933	-0.158161	0.694872	-0.0243595	-2.77388	-0.464727	61.4682	55.4451	35.8625	55.0337	57.9741	24.6575	31.9992	27.0249	867.924
-0.110851	-0.155339	0.679937	-0.116652	-2.80961	-0.297383	64.0908	55.1146	36.7669	55.802	59.244	22.862	32.8814	28.766	867.934
-0.105859	-0.153978	0.674247	-0.134042	-2.79671	-0.328427	64.7972	55.0256	37.7317	55.9569	59.9175	22.391	32.9855	28.9714	867.944
-0.108765	-0.161288	0.707409	-0.185856	-3.02294	-0.102859	64.6595	53.6014	37.0235	56.9665	60.3226	24.6077	33.3243	28.9993	867.974
-0.0973396	-0.156799	0.702762	-0.137202	-2.92167	-0.312829	65.8412	54.5405	39.2351	56.9914	62.095	24.6597	34.8014	28.7061	867.984
-0.0882719	-0.161806	0.712669	-0.221656	-3.0962	-0.287307	68.0286	53.4809	40.3413	56.5617	63.1819	24.6658	34.9757	28.9641	867.994
-0.0866436	-0.142313	0.669097	-0.100736	-2.77543	-0.49812	67.0268	56.5837	40.9762	57.4661	63.3294	24.6666	34.9994	28.9991	868.024
-0.0816051	-0.156187	0.72284	-0.088943	-2.91225	-0.467683	67.8362	55.2695	41.7366	56.3772	64.802	26.4296	37.6444	28.9999	868.034
-0.0688398	-0.16466	0.707828	0.327014	2.98866	-0.186418	70.885	51.1552	42.9589	57.4635	64.9949	25.6865	37.3414	29.6494	868.064
-0.0605071	-0.168968	0.717029	0.256537	3.15831	-0.0687936	71.3226	51.3291	43.9633	57.0164	67.2738	24.6926	39.9323	29.0165	868.094
-0.0523814	-0.167475	0.709314	0.258951	3.15877	-0.0961171	72.7187	51.4713	44.847	57.0024	68.2943	24.5323	40.8735	29.002	868.104
-0.0461438	-0.164507	0.702052	0.305372	2.9643	-0.158518	74.2236	51.918	45.8753	57.0003	67.7351	25.2459	40.692	29.0002	868.114
-0.0387806	-0.161804	0.687611	0.219029	3.09793	-0.0693718	74.4573	52.4101	45.9848	56.7073	71.4802	24.7373	41.2548	28.415	868.124
-0.035297	-0.165245	0.675165	-0.321667	-3.2946	0.245015	76.2871	52.6603	46.9735	55.0446	69.3895	23.6947	41.0067	28.0109	868.154
-0.0287759	-0.15936	0.710351	0.222177	2.9235	-0.0903734	75.6825	54.2907	47.9613	56.9262	70.6341	26.591	43.9238	28.9748	868.184
-0.0245894	-0.165961	0.716713	0.207382	3.07764	-0.137168	76.3168	52.708	48.3245	56.3475	72.2901	26.0151	44.9726	28.9994	868.214
-0.0175149	-0.15534	0.696662	0.187667	2.97988	0.0878702	76.919	54.4346	48.6261	58.0982	73.2097	25.7079	45.8783	28.1184	868.224
-0.0175149	-0.15534	0.696662	0.187667	2.97988	0.0878702	76.919	54.4346	48.6261	58.0982	73.2097	25.7079	45.8783	28.1184	868.224
