-0.0249084	-0.00726674	0.657542	-0.231771	2.71634	-0.240346	589.819
-0.0193269	-0.00342538	0.656329	-0.298198	2.86194	0.360631	589.824
-0.0156834	0.000632383	0.679972	-0.290751	2.83272	0.283539	589.829
-0.0215756	-0.00477092	0.691982	0.280636	-2.86764	0.395914	589.834
-0.0195521	0.00257519	0.695135	-0.285078	2.89355	0.219273	589.849
-0.00831823	-0.046772	0.582879	-0.695102	2.16896	-1.41148	589.854
-0.0212079	-0.0270704	0.679679	0.474483	-2.44041	-0.960296	589.859
-0.0220962	-0.00109471	0.695181	-0.282253	3.00109	0.324965	589.864
-0.00929121	-0.0441414	0.598019	-0.673814	2.13678	-1.43994	589.869
-0.0618301	-0.0482524	0.648551	0.280687	-1.58102	1.35911	589.884
-0.0100865	0.00764677	-0.000126378	1.41213	0.775937	0.8342	589.889
-0.00939727	0.00752257	-0.000556632	1.40968	0.781883	0.839395	589.894
-0.0143415	-0.00418873	0.67339	-0.338062	2.77448	-0.00740326	589.909
-0.0242848	0.00399861	0.625636	0.268677	-3.00041	-0.444739	589.924
-0.0267724	-0.000288732	0.650378	-0.278084	3.04974	0.382765	589.929
-0.0248263	0.0107012	0.63806	0.380839	-0.218168	1.70698	589.944
-0.0145655	0.00135777	0.672608	-0.178918	-0.050079	1.77748	589.949
-0.0162739	-0.000896034	0.659814	-0.301816	2.9251	-0.0720508	589.954
-0.0201961	-0.00117061	0.67529	-0.316065	3.29463	-0.367674	589.964
-0.0157903	0.00432211	0.681556	-0.294773	2.99783	0.0728763	589.969
-0.0123175	0.000934484	0.637753	-0.280157	2.85254	0.166781	589.994
-0.014706	0.000697145	0.62408	-0.26281	2.83567	0.218258	589.999
-0.0107909	0.000515028	0.622738	-0.262289	2.7767	-0.0046159	590.004
-0.0124489	0.00191734	0.64285	-0.289246	2.88339	0.172872	590.009
-0.0162673	-0.000458162	0.639333	0.245133	-2.82406	0.501015	590.024
-0.0179822	0.00384061	0.67678	-0.296334	3.24497	-0.501562	590.029
-0.0123563	0.0134241	0.669307	-0.283126	2.81441	0.321653	590.034
-0.0152642	0.00720823	0.647004	0.240688	-2.73727	0.656664	590.049
-0.0165028	0.00547265	0.655418	0.23012	-2.7983	0.604724	590.054
-0.0300215	-0.000363586	0.539725	0.284097	-2.64488	1.08043	590.069
-0.0287464	-0.000708322	0.54182	-0.37231	3.11992	-1.21231	590.074
-0.0188911	0.0152916	0.64976	-0.270219	3.03774	0.405142	590.079
-0.0196972	0.0102839	0.653648	-0.286942	3.03595	0.361421	590.084
-0.0122998	0.00654328	0.643857	-0.00802115	0.469429	1.73594	590.089
-0.0167652	0.02127	0.66544	-0.288317	3.00461	0.438982	590.104
-0.0141411	0.0202654	0.676354	-0.269961	2.95701	0.433279	590.109
-0.0504482	-0.0428087	0.638448	0.106491	-1.55942	1.44646	590.114
-0.0157498	0.0110944	0.664415	0.273016	-2.9022	0.38865	590.119
-0.0139395	0.0147253	0.659401	0.268987	-2.91514	0.50204	590.139
-0.00774194	0.0209166	0.620358	0.311723	-3.34588	-0.584072	590.154
-0.015698	0.0114908	0.630709	0.213343	-2.79523	0.631204	590.169
-0.0139695	0.0104668	0.632831	0.21689	-2.85886	0.542338	590.174
-0.00923451	-0.0236017	0.587352	0.466983	-2.21295	-1.12335	590.189
-0.0155822	0.0122654	0.634516	0.236161	-2.92006	0.42342	590.204
-0.0102453	0.0234605	0.614015	0.293471	-3.25209	-0.745104	590.209
-0.000972089	0.020239	0.634395	-0.327456	2.80508	0.351628	590.224
-0.0127973	0.0106219	0.620049	0.256704	-2.82468	0.480425	590.229
-0.0128763	0.0194588	0.621643	-0.306029	3.00075	0.374908	590.244
-0.0150485	0.0182302	0.640819	0.281111	-3.06623	-0.0392938	590.249
-0.0099977	0.00820242	-0.00102732	1.42672	0.73556	0.786593	590.254
-0.00722047	0.0138913	0.590362	-0.309925	2.88868	0.0879648	590.259
-0.0101703	0.025522	0.600636	0.305763	-3.27545	-0.612685	590.264
-0.0421355	-0.0311822	0.591032	-0.243861	1.89086	1.19478	590.269
0.0163504	0.00317507	0.000337816	-0.137551	1.55628	0.12664	590.304
0.0158167	0.00273755	4.55022e-05	-0.153262	1.5555	0.141483	590.309
-0.0124976	0.0204991	0.60514	0.191146	-0.342214	1.74925	590.314
0.0154764	0.0025807	0.000280538	-0.185939	1.55561	0.173405	590.319
-0.0160746	-0.00240939	1.75431e-05	-2.11835	-0.204606	-2.13834	590.324
0.0150578	0.00240182	0.000217074	-0.170898	1.55786	0.158375	590.339
0.0154645	0.00298066	0.000279348	-0.156736	1.55946	0.141332	590.344
0.0155764	0.00181462	4.40498e-05	-0.163463	1.56021	0.151873	590.349
0.0158561	0.0025749	0.000195629	-0.158829	1.55825	0.147404	590.354
0.015756	0.00277472	0.00023426	-0.146673	1.55928	0.134157	590.359
0.0154926	0.0025614	0.000159947	-0.154804	1.55945	0.140061	590.364
-0.00832153	0.0215577	0.607699	0.340242	0.256785	-2.92695	590.369
0.0152986	0.00286038	0.00022615	-0.190949	1.55291	0.173753	590.374
-0.0162567	0.0175785	0.609786	0.255631	-2.92887	0.316527	590.379
-0.0188863	0.0184261	0.601103	0.206106	-2.83792	0.504721	590.394
0.0161811	0.00222709	7.59928e-05	2.1086	0.219582	-2.08931	590.399
0.0156542	0.00220039	8.04402e-05	2.11037	0.21497	-2.09586	590.404
0.0155259	0.0021729	0.000229594	2.09589	0.238311	-2.08404	590.419
-0.0111196	0.0241924	0.586827	-0.259304	2.92444	0.364566	590.424
-0.0102331	0.0260248	0.576766	0.0499062	-0.436592	1.74521	590.429
-0.00417932	0.0167814	-2.82474e-05	1.31119	-1.12144	1.33713	590.434
-0.0169729	0.0231795	0.593518	0.197303	0.312167	-2.92656	590.439
-0.0123639	0.0162287	0.576017	0.381384	-0.0483295	-2.92523	590.444
0.0163231	0.00320808	0.000372209	-0.122285	1.55208	0.109451	590.449
0.0164843	0.00321295	0.000367244	-0.120739	1.55301	0.107875	590.454
-0.0171524	0.0204518	0.614928	-0.30807	-0.534183	-2.90564	590.459
-0.0160331	-0.0184357	0.548995	1.11121	-0.258776	1.81335	590.464
-0.00764443	-0.0205569	0.581546	0.556518	-2.33022	-1.05067	590.469
0.00442514	-0.0155724	0.000287689	1.1201	1.23966	-1.13809	590.474
0.0165857	0.0027651	0.000225355	2.11715	0.219803	-2.09268	590.479
0.0168018	0.00261428	0.000310222	2.12735	0.201811	-2.09959	590.484
0.0167615	0.00286071	0.000472096	2.13379	0.189728	-2.10622	590.489
0.0168069	0.00302679	0.000565779	2.13787	0.188755	-2.10548	590.494
0.0170402	0.00261313	0.000470901	2.13757	0.181979	-2.10946	590.499
0.0172681	0.00258793	0.000274329	2.14988	0.157379	-2.12107	590.504
0.0171646	0.00270152	0.000250726	2.1471	0.163143	-2.11933	590.509
-0.0135577	0.020762	0.568053	0.109448	0.416182	-2.92699	590.514
0.0168915	0.00307779	0.000288765	-0.157686	1.54902	0.145089	590.519
-0.0146409	0.0218722	0.58415	-0.271028	2.81705	0.301346	590.524
0.0167469	0.00328462	0.000641473	-1.2803	1.0642	-1.09375	590.529
-0.00307191	0.016756	-1.63559e-05	-0.220345	2.32548	2.28	590.544
-0.00383588	0.0158012	0.000148758	-0.19581	2.31982	2.26663	590.549
-0.0146318	0.0255165	0.584239	0.0997962	-0.380107	1.74101	590.554
-0.0184629	0.024037	0.601851	0.0213225	-0.261173	1.74872	590.559
-0.0201068	0.0211443	0.620006	0.25492	-2.79697	0.504387	590.564
-0.00345735	0.0159971	5.82719e-05	-1.0996	-1.30402	-1.0844	590.569
-0.00312602	0.0162714	0.00013275	-1.09495	-1.30741	-1.0815	590.574
-0.00306411	0.0161076	-1.43122e-05	-1.07219	-1.32231	-1.0553	590.579
-0.00396725	0.0166056	0.000163874	-1.11654	-1.29102	-1.10456	590.584
-0.0147379	-0.0141873	0.0012803	-2.06131	-0.238887	-2.09461	590.589
-0.0138903	-0.0360485	0.497421	-0.885417	0.999065	-2.29751	590.592
-0.00304835	0.0166298	0.000504598	1.29272	-1.1373	1.32425	590.609
-0.0188279	0.0259503	0.586682	-0.280871	2.98622	0.35646	590.614
0.0160785	0.00312615	0.000429269	1.0952	1.33277	1.34322	590.619
-0.0228957	0.023942	0.579107	0.304728	-3.17905	-0.358137	590.624
0.0164247	0.00243209	0.000249926	1.08849	1.34197	1.35369	590.629
-0.00386628	0.0163468	6.04813e-05	-1.58999	-0.129034	0.114862	590.634
0.0168889	0.00261963	9.918e-05	1.09173	1.34276	1.34906	590.639
-0.0033526	0.0171073	0.000301245	1.07358	1.26298	-1.08507	590.644
-0.0211637	0.0220752	0.575331	-0.019359	-0.31272	1.75428	590.649
-0.0246766	0.0213979	0.580843	0.0622367	-0.179106	1.76272	590.654
-0.0204216	0.0257992	0.589947	-0.272718	2.90767	0.317438	590.659
-0.0206278	0.02818	0.58324	0.113519	-0.366866	1.73501	590.664
-0.0190203	0.0258592	0.582323	0.0440182	-0.355652	1.75088	590.669
-0.0179406	0.0218426	0.569302	0.00982951	-0.291154	1.75357	590.674
-0.0198506	0.0242134	0.565911	-0.272805	2.91459	0.435809	590.679
-0.0196531	0.0227763	0.550463	0.277428	-3.14207	-0.380821	590.684
-0.0246683	0.0272909	0.60533	-0.0137419	-0.169311	1.74853	590.689
-0.0154823	0.0174068	0.570024	-0.356745	-0.324414	1.7587	590.694
-0.0230112	0.0253819	0.592588	-0.244562	-0.149873	1.75097	590.699
-0.0191721	0.0269589	0.613394	-0.288997	2.84869	-0.0124511	590.704
-0.0214101	0.0218209	0.591987	-0.232732	-0.10318	1.72644	590.709
0.0172295	0.00286878	0.000251555	-1.30018	1.02562	-1.05762	590.714
0.0170752	0.00331984	0.00043321	-1.2996	1.02726	-1.06105	590.719
-0.0192545	0.0206447	0.57063	-0.174017	-0.335828	1.77388	590.724
-0.0305199	0.0211172	0.596889	0.0367652	0.17262	1.72596	590.739
-0.0263698	0.0250795	0.578654	0.150772	-0.124482	1.73596	590.744
-0.00342753	0.0169327	-2.86901e-05	-1.09094	-1.31251	-1.07831	590.749
-0.00360766	0.0161883	5.88208e-05	-0.173423	2.09476	-2.15383	590.754
-0.00312123	0.0154464	0.000242397	-0.118535	2.11895	-2.18363	590.769
-0.00294794	0.0158346	0.000173542	0.104136	-2.24784	2.31073	590.774
0.0167853	0.00302302	0.000204904	1.309	-1.06767	-1.03445	590.779
0.01651	0.00284386	0.000142958	-0.1636	1.54405	0.145783	590.784
0.0171119	0.00259596	0.000203905	2.10408	0.251141	-2.0647	590.789
-0.00448713	0.0169706	0.000228676	0.171186	-2.17001	-2.12737	590.794
-0.0239269	0.0280428	0.573217	-0.319366	2.91937	0.383087	590.799
-0.0238052	0.024838	0.558953	0.305095	-3.25779	-0.468116	590.804
-0.0256251	0.0254846	0.572791	-0.319321	3.03667	0.424641	590.809
0.0167024	0.00303342	0.000353152	-0.165511	1.54305	0.147746	590.814
-0.00326149	0.0166982	6.85938e-05	-1.08136	-1.31751	-1.06905	590.819
0.0166686	0.00303426	0.000539288	0.135981	-1.58692	0.153254	590.834
0.0170304	0.0022366	0.000251243	-1.28979	1.04226	-1.08188	590.839
-0.0165948	0.0288318	0.534434	0.161454	-0.610401	1.70532	590.844
-0.0176532	-0.00229276	9.25054e-05	-2.06324	-0.299952	-2.09167	590.849
-0.0179568	-0.00271929	-2.49241e-05	-2.06825	-0.289293	-2.09904	590.854
0.0169013	0.00269626	7.77301e-05	2.12446	0.215774	-2.08328	590.859
-0.0238666	0.0255245	0.586199	-0.309919	2.94904	0.0823157	590.864
-0.0249294	0.0240016	0.588464	-0.29446	2.93461	0.0179172	590.869
-0.0244849	0.0236084	0.570976	-0.338228	3.03373	0.290139	590.874
-0.0166366	0.0206994	0.555169	-0.313663	2.93248	0.335609	590.879
-0.00326392	0.016372	7.75766e-05	-1.59488	-0.139435	0.118205	590.884
-0.0225178	0.0239894	0.58023	0.198659	0.286226	-2.92161	590.899
-0.0208643	0.0289366	0.595549	0.226608	0.386284	-2.92896	590.904
-0.0226965	0.031613	0.579377	0.302443	0.520022	-2.90476	590.909
-0.0234978	0.0325462	0.579195	0.294676	-3.30956	-0.695517	590.914
0.017106	0.00226083	0.000156058	-0.165546	1.54398	0.147119	590.919
0.0169076	0.00255395	0.000303991	2.11689	0.221784	-2.07957	590.934
-0.0215929	0.0277751	0.580708	-0.273135	2.85966	0.280551	590.939
-0.022849	0.0285912	0.559676	0.170652	0.540751	-2.92852	590.944
0.0166676	0.00338671	0.000726105	1.31215	-1.06506	-1.03257	590.959
-0.00364137	0.0164004	2.81663e-05	-1.58845	-0.150476	0.129046	590.964
-0.0154145	0.0250529	0.590719	1.85209	2.31148	0.344883	590.969
-0.0604718	-0.0373243	0.581866	2.26423	-0.722914	-0.340927	590.974
0.0157083	0.00312515	0.000400539	1.31606	-1.04615	-1.01604	590.979
-0.0259996	0.0243515	0.589628	0.0408729	-0.185494	1.74795	590.994
-0.0267454	-0.0203673	0.62043	1.18032	-0.525182	1.86346	591.009
-0.0219965	0.0239558	0.589599	-0.271119	2.95319	0.22247	591.019
-0.0197594	0.0254068	0.586945	-0.2745	2.82637	0.338039	591.024
0.00423342	-0.00703868	0.00106113	-0.762213	-1.42268	-0.787589	591.029
-0.00326124	0.0165137	0.000188522	-0.162944	2.11091	-2.15185	591.049
-0.0168361	-0.00280526	6.01476e-05	-2.08785	-0.250264	-2.12069	591.054
0.0167386	0.00344132	0.000205421	-1.29805	1.0269	-1.06099	591.059
-0.0151189	0.0235319	0.576743	-0.00586731	-0.473055	1.73018	591.074
-0.0175509	0.0269241	0.586545	-0.330498	2.97629	0.448781	591.089
0.0164148	0.00343461	0.000600211	-1.28161	1.06143	-1.09049	591.094
-0.0188641	0.0258016	0.600721	-0.266705	2.90763	0.297735	591.109
-0.00357072	0.0161383	0.000502919	-0.165709	2.11152	-2.15192	591.114
0.0160063	0.00346279	0.000418826	-0.174903	1.55145	0.162837	591.139
-0.0105106	0.0137248	0.590312	-0.350139	2.80888	0.0821836	591.144
-0.0157784	-0.00241509	2.338e-05	0.198032	-1.57148	0.210004	591.149
-0.0170292	-0.00247887	8.85532e-05	0.132611	-1.58116	0.146435	591.154
0.00432676	-0.0163439	0.000231259	0.213065	-2.14638	-2.10929	591.159
-0.00649587	-0.0195747	0.568543	-0.876688	1.25011	-2.39162	591.174
-0.00193108	-0.0321331	0.562883	0.920697	-2.85837	1.83851	591.189
-0.000917783	-0.0295733	0.554089	-0.716213	2.19845	-1.43636	591.194
-0.0106899	-0.028322	0.594038	-1.92964	-0.443192	0.496216	591.199
-0.00958056	0.01908	0.612589	-0.323584	3.02449	0.0231951	591.204
-0.015026	0.0209289	0.610784	-0.288176	3.00366	0.287252	591.209
-0.0170255	0.0194578	0.597826	0.293616	-3.16077	-0.325303	591.214
-0.00920403	0.0179894	0.602906	-0.29987	2.99992	0.158739	591.219
-0.0124721	0.0154454	0.606495	-0.293732	3.0633	-0.0267977	591.224
-0.00954306	0.00705362	0.563494	-0.523682	-0.184029	1.73917	591.239
-0.00851746	0.00535785	0.552822	-0.549504	-0.211613	1.7387	591.254
-0.000770462	0.00951509	-0.00039589	-0.659724	-1.44376	-0.693463	591.269
0.0160076	0.00280163	0.000241363	-0.150022	1.55535	0.140345	591.274
0.0164759	0.00332395	0.000383351	-0.17472	1.55674	0.167954	591.289
0.0171724	0.00343192	0.000271638	-0.172376	1.55633	0.16775	591.304
0.0161752	0.00330053	0.000289678	-0.1746	1.56	0.170428	591.319
0.0160759	0.0029495	0.000342683	-0.155409	1.56079	0.150628	591.334
-0.00544997	0.0102184	0.583654	0.102469	0.367493	-2.93225	591.339
-0.00396703	0.0101516	0.589049	0.169099	0.301193	-2.92844	591.344
0.016451	0.00288305	0.000321582	-0.128626	1.5605	0.126392	591.349
-0.000411955	0.00503216	0.591406	-0.0988705	-0.260854	1.74818	591.374
0.0166149	0.00298884	0.000361106	-0.142875	1.56283	0.140588	591.379
-0.00299272	0.00719276	0.58124	0.225499	0.313124	-2.93169	591.384
0.0169863	0.00309507	0.00036604	-0.155498	1.56253	0.15195	591.389
0.0163313	0.00304072	0.000321975	-0.132801	1.56255	0.130435	591.394
-0.00130969	0.00190674	0.598851	0.14687	0.189113	-2.96568	591.409
0.0165512	0.00339036	0.000184511	-0.126656	1.56513	0.129714	591.414
0.016274	0.00388136	0.000465243	-0.114885	1.56484	0.116322	591.419
0.00146706	0.00316229	0.55475	-0.267086	2.96653	0.5869	591.424
0.00296845	0.00456359	0.570244	-0.296391	2.99179	0.547245	591.429
0.00301292	0.000464591	0.582921	-0.291256	2.97461	0.33326	591.434
0.00554863	0.00194099	0.593011	-0.274255	2.96524	0.341386	591.439
0.00375111	0.00377861	0.610199	-0.274277	3.0677	0.10876	591.444
0.0114844	-0.0360469	0.54879	-0.875541	1.27821	-2.29683	591.459
0.00912992	-0.0375422	0.554859	-0.908664	1.24274	-2.32011	591.464
-0.00120728	0.00967183	4.90938e-05	2.48228	-1.15853	-2.5966	591.469
0.00231682	-0.0101063	0.000865053	0.774192	1.47977	-0.725153	591.474
0.0165391	-0.0480229	0.556554	0.861701	-3.18481	1.61456	591.479
0.00570932	-0.00502536	0.616884	0.231044	-2.80694	0.326308	591.484
0.00400489	-0.00552469	0.614626	0.250832	-2.82868	0.430004	591.489
0.00392204	-0.0028764	0.61889	0.276748	-2.81415	0.445696	591.494
0.00424437	-0.00580986	0.616754	0.264161	-2.86698	0.443454	591.509
0.00502487	-0.00854436	0.613001	-0.335644	3.23073	-0.40637	591.514
0.0111026	0.000499241	0.625076	-0.293127	2.9639	0.389704	591.519
0.0208508	-0.0534476	0.549397	-0.723465	2.19093	-1.38394	591.534
-0.0283106	-0.0496715	0.594068	0.231904	-1.53238	1.38563	591.539
-0.0297353	-0.05486	0.589527	0.241187	-1.57199	1.37919	591.544
0.0237953	-0.0530305	0.544939	-0.732119	2.22824	-1.36871	591.549
0.00929365	-0.013489	0.589526	-0.284683	2.90816	0.197695	591.554
-0.0241785	-0.0596765	0.58902	0.0845887	-1.61176	1.46066	591.559
0.0148328	-0.00983667	0.596145	-0.283675	2.84162	0.119864	591.564
0.0138102	-0.0144751	0.573754	-0.261926	2.85779	0.189949	591.589
0.0164314	-0.0500576	0.563043	0.425101	-2.13076	-1.27748	591.594
0.0144698	-0.01558	0.580933	-0.282166	2.93327	0.248052	591.599
0.0101362	-0.00476662	0.593003	0.244942	-3.08007	-0.654441	591.603
0.0356896	-0.0792181	0.831179	0.565353	1.92174	0.645872	591.624
0.0138807	-0.0177072	0.609085	0.282059	-2.78437	0.379737	591.629
0.015736	-0.0157367	0.614792	0.300622	-2.93407	0.18243	591.634
0.0203827	-0.0128176	0.610472	-0.275182	2.94467	0.118785	591.639
0.017362	-0.00733126	0.609345	-0.22331	2.99516	0.509318	591.654
0.0191835	-0.00874622	0.610682	-0.254021	3.02514	0.484644	591.669
0.0166803	-0.0116035	0.620053	-0.256084	3.00866	0.489968	591.674
0.0185782	-0.0123864	0.609582	0.271047	-3.18676	-0.573017	591.679
0.0216308	-0.01545	0.609714	-0.286236	2.95899	0.367492	591.683
0.0199577	-0.0132392	0.629133	-0.266488	2.96516	0.42356	591.709
0.0212861	-0.0218589	0.59876	-0.259261	2.8243	0.118047	591.714
0.0226153	-0.0197976	0.598496	-0.288612	2.92173	0.229199	591.719
0.0143368	-0.0166216	0.602884	-0.283604	3.15114	0.459892	591.724
0.0155066	-0.019576	0.603832	-0.267469	3.16772	0.452266	591.729
0.0327501	-0.0178407	0.621016	-0.286543	2.77172	0.28321	591.744
0.0318353	-0.0203421	0.618963	-0.303488	2.87312	0.149413	591.748
0.0271969	-0.0176908	0.628386	-0.24989	2.89473	0.361677	591.769
0.0292216	-0.0209202	0.617928	-0.28809	2.87655	0.213546	591.772
0.0220692	-0.0208365	0.614262	-0.310808	3.09237	0.281015	591.789
0.022945	-0.0240451	0.618004	-0.264014	2.9748	0.299991	591.791
-0.00461362	-0.0768816	0.58281	0.081539	-1.64097	1.43748	591.809
0.019804	-0.0227102	0.604571	-0.0281646	0.177876	1.75511	591.814
0.0141655	0.00274604	0.000131316	1.0888	1.41641	1.40597	591.819
0.00363366	-0.00824617	0.00110981	0.765564	-2.52484	2.36931	591.834
0.00272278	-0.00961053	0.000826029	-0.60222	1.94109	-1.81232	591.839
0.0269387	-0.0324769	0.587663	-0.285282	2.80538	-0.134556	591.844
0.0271623	-0.0311187	0.643663	0.284959	-2.92658	0.261107	591.859
0.025644	-0.0302687	0.648991	0.287028	-2.94293	0.203785	591.864
0.0279621	-0.0321514	0.624959	-0.390629	3.41124	-0.496699	591.884
0.026138	-0.0380056	0.625053	-0.383545	3.32779	-0.410303	591.899
0.0304495	-0.0326353	0.609752	-0.312791	2.94459	0.0177557	591.909
0.0309443	-0.0326163	0.624925	-0.296376	2.99523	0.0244149	591.919
0.0328807	-0.0323656	0.633375	-0.314802	2.93062	0.039279	591.929
0.0416654	-0.0824258	0.527946	1.02388	-3.04562	1.52869	591.959
0.0360293	-0.0763421	0.552796	0.941524	-2.94687	1.6989	591.964
0.0355157	-0.0776309	0.553378	0.934049	-2.97347	1.69275	591.969
0.0213238	-0.0273271	0.608552	0.227386	-2.92455	-0.498449	591.974
0.0359623	-0.0790099	0.593509	0.410315	-1.95794	-1.44298	591.979
0.0199298	-0.0304969	0.605297	0.223201	-2.95006	-0.51891	591.984
-0.00988541	-0.00125734	0.0010102	-0.191558	-1.56884	-0.223199	591.989
0.0236872	-0.0244954	0.597596	0.221713	-2.96618	-0.599873	591.994
0.0289197	-0.0368072	0.622046	-0.229594	2.94164	0.0713033	592.008
0.0332879	-0.0394285	0.638501	-0.301542	3.04293	-0.144703	592.024
0.040072	-0.0807194	0.566481	0.945355	-2.99301	1.68939	592.029
0.0311287	-0.0394302	0.631114	-0.349491	3.32882	-0.159528	592.034
-0.0158007	-0.00329501	0.000178277	0.209026	-1.53815	0.18513	592.039
0.0348013	-0.0372753	0.631268	-0.288079	3.01037	0.0994239	592.049
0.0355817	-0.0380335	0.618068	-0.292721	2.9579	0.111284	592.054
0.0334443	-0.0679292	0.567942	0.391639	-2.09342	-1.26244	592.059
0.0337268	-0.0389263	0.641707	-0.357436	3.35402	-0.236544	592.064
0.0416493	-0.0369417	0.62767	-0.307537	2.85369	-0.0284044	592.079
0.041021	-0.0397645	0.62763	-0.326448	2.93743	-0.0878979	592.084
0.0346155	-0.0391501	0.599827	-0.267906	2.84142	-0.0517768	592.089
0.0335473	-0.0413755	0.601586	-0.247289	2.87333	0.000876923	592.104
0.0387685	-0.0410026	0.616153	-0.296466	2.93803	0.0896169	592.109
0.045872	-0.040727	0.608888	-0.303927	2.76904	0.178385	592.114
0.0439238	-0.0839901	0.584665	0.435873	-1.98363	-1.33595	592.116
0.0326419	-0.0417462	0.628626	-0.362041	3.37121	-0.285443	592.134
0.0366829	-0.0404584	0.625443	0.293575	-2.85068	0.292198	592.149
0.0362098	-0.0431498	0.636235	0.305206	-2.77309	0.279426	592.154
0.0414661	-0.0383112	0.613331	-0.277694	2.86261	0.114812	592.159
0.0427387	-0.0391694	0.629441	-0.307608	2.90557	0.166578	592.163
0.0112831	-0.00652015	0.000397606	-0.782207	1.76241	-1.64901	592.194
0.0111702	-0.00690753	0.000248879	-0.829897	1.71118	-1.60385	592.199
0.0392174	-0.0394804	0.62505	-0.282199	2.97303	0.316001	592.214
0.0441068	-0.0413264	0.608303	-0.297565	2.80441	0.151311	592.219
0.0392816	-0.0422005	0.635871	-0.279897	2.91917	0.158214	592.224
0.0425768	-0.0450019	0.585219	-0.287971	2.78044	-0.0127133	592.229
0.0403697	-0.0393875	0.628581	0.31491	-3.01052	0.0647992	592.234
0.0383652	-0.0460951	0.639945	-0.380301	3.3978	-0.337759	592.239
0.0436796	-0.0420119	0.573295	-0.292983	2.75203	-0.0283544	592.244
0.0355175	-0.0807091	0.567552	0.511106	-2.10487	-1.2623	592.248
0.0393446	-0.0807677	0.563739	0.487516	-2.15767	-1.21944	592.274
0.040198	-0.0475328	0.608306	-0.379538	3.39585	-0.434116	592.279
0.0488063	-0.0836351	0.529437	-0.706441	2.21283	-1.30623	592.294
0.0432708	-0.0413671	0.594281	-0.303456	2.93247	0.131309	592.299
0.0494419	-0.0453628	0.61412	-0.310205	2.88138	0.206285	592.304
0.01149	-0.00688854	0.000168438	-0.837178	1.71224	-1.59062	592.309
0.0519377	-0.0877108	0.548062	0.941578	-3.16368	1.41808	592.313
0.0410464	-0.0433774	0.619889	0.286322	-2.81305	0.38846	592.327
0.0418056	-0.0483086	0.589267	-0.181654	-0.281474	1.73594	592.344
0.0469799	-0.0470962	0.62398	0.00646396	0.439022	1.76892	592.349
0.0476634	-0.0417423	0.618958	-0.28971	2.94004	0.275448	592.354
0.0421787	-0.0427867	0.606802	0.307359	-3.19201	-0.170624	592.359
0.0407996	-0.0418006	0.609015	-0.314263	3.07817	0.101928	592.364
0.0394976	-0.0439057	0.610673	0.327882	-2.83606	0.264263	592.379
0.0493692	-0.0421589	0.608485	-0.28185	3.04182	-0.188677	592.384
0.0485972	-0.0440356	0.598039	-0.324627	3.15341	-0.156716	592.394
0.0480105	-0.0431588	0.591533	-0.285194	2.8819	0.180005	592.399
0.054174	-0.0451532	0.60891	-0.128413	-0.14817	1.78312	592.404
0.0435849	-0.0466692	0.600502	0.299276	-3.02693	0.0779776	592.409
0.0465743	-0.0798636	0.538472	1.49217	-0.260253	1.64368	592.414
0.0440649	-0.0435408	0.601407	-0.313563	3.0238	0.00557963	592.419
0.0478345	-0.0453088	0.60446	-0.310687	3.05711	0.223946	592.423
0.048993	-0.0462584	0.594735	-0.261355	2.97927	0.0816155	592.439
0.0498358	-0.0410373	0.589748	-0.252396	2.81928	0.441642	592.443
0.0480065	-0.0861026	0.535709	0.429965	-1.93488	-1.40223	592.459
0.0171251	0.00262173	0.000516664	1.12018	1.40916	1.3905	592.464
0.0170099	0.0028544	0.000587389	1.11855	1.41146	1.39352	592.469
0.0469567	-0.0484884	0.592024	-0.405647	-0.44654	-2.84403	592.484
0.0495675	-0.0494886	0.591869	-0.392497	-0.389906	-2.83895	592.489
0.0433549	-0.045864	0.569333	0.208379	0.135412	-2.94638	592.494
0.0604481	-0.0932778	0.527338	-1.1228	0.325034	2.03043	592.509
0.0168324	0.0031034	-8.49822e-05	-0.160695	1.60021	0.193321	592.514
0.0158226	0.00301728	8.03347e-05	-1.04075	-1.36279	1.38391	592.519
0.0480841	-0.0451444	0.586385	0.301139	-2.91145	0.203509	592.524
0.0182652	0.00280703	0.000579109	-1.04055	-1.38549	1.39169	592.529
0.0184806	0.00278281	0.000582582	-1.03426	-1.38853	1.39736	592.534
0.0181448	0.0029081	0.00059148	-1.04709	-1.37327	1.38277	592.539
0.0180262	0.0028804	0.000613307	-1.04928	-1.37176	1.38043	592.544
0.0166184	0.00339919	0.000107316	-0.10032	1.60515	0.136671	592.549
0.0168292	0.00375872	4.02907e-05	2.09025	0.225368	-2.17335	592.554
0.0173605	0.00393786	0.000152702	-1.30571	1.10433	-1.03171	592.559
0.00381909	-0.0176066	-0.000177228	1.0793	1.35785	-1.04401	592.564
0.0519306	-0.0475029	0.586227	-0.282919	3.1021	0.0151458	592.569
0.0164228	0.00354287	0.000185356	-0.137076	1.60468	0.173876	592.574
0.0170651	0.00316594	-6.93862e-05	-0.178951	1.60432	0.214859	592.589
0.0052253	-0.0173894	0.000267955	-0.155537	2.25632	2.35546	592.594
-0.00379609	0.0166818	0.000566355	1.40689	-1.12753	1.31301	592.609
-0.00385717	0.0174623	0.000489403	1.39947	-1.13318	1.30324	592.614
0.0173227	0.00351651	-1.27551e-05	2.08387	0.233456	-2.17614	592.619
0.0166447	0.00281282	-4.95304e-05	-0.178334	1.60276	0.216132	592.629
0.0173734	0.00312099	-0.000161226	-0.150359	1.60486	0.184091	592.644
0.0572723	-0.0441453	0.57639	-0.293658	2.96265	0.268038	592.649
0.0594254	-0.0474549	0.581468	-0.316886	2.92215	0.120569	592.654
0.00391955	-0.0171497	-0.000212546	-1.31463	1.07816	1.41386	592.659
0.0576473	-0.0435119	0.565604	0.0906298	0.174766	-2.92834	592.664
-0.0171279	-0.00311563	0.000218664	0.190675	-1.51911	0.155831	592.669
0.0169364	0.00340839	-0.000138411	2.06305	0.262218	-2.15887	592.674
0.0168017	0.00328613	-0.000105563	2.0611	0.270759	-2.1521	592.679
0.0481196	-0.0519557	0.570946	0.148481	0.435985	1.78363	592.694
0.0559824	-0.0452397	0.562863	-0.0203423	-0.405966	1.74584	592.699
0.0556199	-0.0434364	0.572317	0.017408	-0.371844	1.7559	592.704
0.00356949	-0.0171726	-3.8728e-05	1.08894	1.35276	-1.0623	592.709
0.0584255	-0.0469714	0.552504	0.31873	0.035002	-2.93292	592.714
0.0170408	0.0038753	-0.000207259	2.07111	0.249611	-2.16949	592.719
0.0166621	0.00377555	-0.000144503	2.06807	0.258336	-2.16376	592.724
0.0171677	0.00334462	1.0737e-06	2.06688	0.252046	-2.16812	592.729
0.017323	0.00316315	-6.66401e-05	2.07313	0.240861	-2.17408	592.734
0.0595421	-0.0437953	0.560689	-0.0294538	0.0706531	1.77037	592.739
0.0186982	0.00373126	0.000305481	1.31037	-0.973307	-1.04808	592.754
0.0187364	0.00378192	0.000341149	1.30965	-0.975293	-1.05028	592.759
0.00515813	-0.0187908	7.49737e-05	1.12648	1.32758	-1.09666	592.764
0.00522506	-0.0181858	6.24338e-06	1.10517	1.34378	-1.07197	592.769
0.018637	0.00253669	0.000293443	-1.33636	1.04371	-0.971334	592.774
0.02226	0.0027861	0.445215	0.783645	-1.24179	1.16466	592.779
0.0533793	-0.0420681	0.510713	-0.123855	-0.19678	1.79192	592.784
0.051939	-0.0437467	0.512381	-0.163579	-0.113491	1.78937	592.789
0.019074	0.00279707	0.000179732	-1.33529	1.04982	-0.976905	592.794
0.0542108	-0.0368905	0.520784	-0.112592	-0.204493	1.77882	592.799
0.0449209	-0.0414724	0.502678	-0.0620791	0.606753	1.76921	592.804
0.0449335	-0.0420819	0.510488	-0.0800489	0.584796	1.76378	592.809
0.018688	0.00217856	0.000191674	-1.36174	1.00955	-0.93427	592.814
0.0156657	0.00165452	0.000676882	-1.30996	1.15082	-1.05142	592.829
0.0186475	0.00321862	0.000145866	-1.34449	1.0393	-0.95934	592.834
0.0187552	0.00345309	0.000232685	1.30756	-0.970515	-1.05019	592.839
0.0707033	-0.0212308	0.491905	-0.235641	-0.685338	1.57392	592.854
0.00526037	-0.0169119	0.000352336	-1.27669	1.11558	1.36875	592.859
0.00546049	-0.0171816	0.000383945	-1.26563	1.12633	1.35345	592.864
0.0041206	-0.0169955	-1.98594e-05	-1.27218	1.1183	1.36794	592.869
0.00432062	-0.0168966	-8.38718e-05	-1.27291	1.11815	1.36944	592.874
0.00433708	-0.0173715	-0.00022458	-1.28186	1.10713	1.38289	592.879
0.00436306	-0.0174308	-0.000200016	-1.27996	1.10811	1.38151	592.884
0.0603786	-0.0457456	0.550897	-0.469154	-0.342886	-2.84293	592.889
0.00533197	-0.0183142	0.000212185	1.61721	0.160301	0.114502	592.894
0.00533199	-0.0183142	0.000212192	1.61721	0.160301	0.114503	592.899
0.00559032	-0.0185922	7.85576e-05	1.61989	0.15938	0.113508	592.904
0.00571366	-0.0179354	0.000257488	1.61669	0.141434	0.0939844	592.909
0.00595895	-0.017968	0.00017448	1.61773	0.132583	0.0845027	592.914
0.0186316	0.0034903	0.000458999	1.31618	-0.944093	-1.02895	592.919
0.0186327	0.00373961	0.000365733	1.31851	-0.941552	-1.0264	592.924
0.0184145	0.00381026	0.00031571	1.31303	-0.949815	-1.03532	592.929
0.0190008	0.00292506	0.000403266	1.30671	-0.956457	-1.04064	592.934
0.0187538	0.00314574	0.000281711	1.30242	-0.962482	-1.04897	592.939
0.0189483	0.00341711	0.000355994	1.3088	-0.953174	-1.03736	592.944
0.0481637	-0.0420927	0.502708	2.84465	0.255518	-0.0523847	592.949
0.0583377	-0.0341505	0.502585	3.34505	0.330085	0.439652	592.954
0.0195086	0.00283331	0.000548119	-0.2054	1.60735	0.240732	592.959
0.0194975	0.00198867	0.000355393	1.31182	-0.952243	-1.03183	592.964
0.00568964	-0.0191902	0.000524974	1.61898	0.146682	0.0977096	592.979
0.0526483	-0.0420692	0.500537	-0.289313	0.102332	0.232906	592.984
0.0193742	0.0026429	0.000527878	-0.213066	1.60768	0.24877	592.989
0.0597965	-0.0313498	0.495789	0.439393	0.390628	-2.90068	592.994
0.00569669	-0.0187982	0.000241621	-1.26709	1.12126	1.36541	592.999
0.00580909	-0.0186987	0.000249735	-1.2706	1.11973	1.36779	593.004
0.00526514	-0.0188758	5.64582e-05	0.127869	-2.07582	-2.18011	593.009
0.0537977	-0.043785	0.507297	-0.166974	-0.348974	-2.88641	593.014
0.0193145	0.00312891	9.53968e-05	-0.197303	1.61095	0.231298	593.019
0.0189695	0.00328852	-3.04443e-05	1.13027	1.4292	1.39146	593.024
0.00527497	-0.0182293	9.98826e-05	-1.27932	1.1112	1.37714	593.029
0.0168878	0.00374406	0.000326291	1.30138	-0.941042	-1.04152	593.034
-0.0039834	0.0190262	0.000500351	-1.02083	-1.24057	-1.04863	593.039
0.146289	-0.101235	0.550146	1.40023	-2.57869	0.905052	593.044
0.0631789	-0.0422506	0.497682	0.36694	0.0930367	-2.90093	593.049
0.0188927	0.00412052	0.000518443	-0.193795	1.61743	0.232446	593.054
0.00519395	-0.0183325	6.5889e-05	1.6203	0.171427	0.120087	593.059
0.0051142	-0.0184963	0.000133311	1.61958	0.177009	0.125133	593.064
0.0189964	0.00393085	0.000444201	-1.02379	-1.35705	1.39688	593.069
0.0635405	-0.0359591	0.487782	-2.15821	1.75097	0.0261811	593.074
0.0193501	0.00378779	0.000292454	-1.01303	-1.36642	1.40788	593.079
0.0196518	0.00364348	0.000280656	-1.33849	1.07207	-0.980127	593.084
0.0197067	0.00405135	0.000276111	-1.33595	1.08075	-0.988765	593.089
0.0199759	0.00387185	0.000183145	-1.34018	1.07351	-0.979913	593.094
0.00532136	-0.0194197	3.41113e-05	1.42067	-1.11786	1.31098	593.099
0.0196202	0.00267453	0.000201343	-0.217475	1.61638	0.249922	593.104
0.018958	0.002737	0.0003525	1.29602	-0.960725	-1.05181	593.109
0.0187056	0.00236904	-3.53737e-06	1.30595	-0.940784	-1.03011	593.114
0.0185823	0.00228544	6.89276e-06	1.30218	-0.945548	-1.03597	593.119
0.01461	-0.103687	0.53619	-2.44942	-1.35854	1.26919	593.124
0.0577111	-0.0383575	0.452392	-3.00578	-0.276495	-0.403836	593.129
0.0190863	0.00332593	0.000795609	-1.35626	1.05064	-0.952115	593.134
-0.0043085	0.0205392	0.000491278	-1.03226	-1.23286	-1.06244	593.139
0.00573703	-0.0193648	-1.08536e-05	1.62377	0.185794	0.128427	593.144
0.00600559	-0.0194076	0.000110845	1.62365	0.181272	0.125026	593.149
0.00633505	-0.0193322	-4.58073e-05	1.62159	0.194639	0.137157	593.154
0.0170305	0.00367693	0.000614908	-2.07496	-0.35414	-1.94124	593.169
0.0171799	0.00337186	0.000760648	-2.07457	-0.356132	-1.941	593.174
0.0126592	0.00427148	-0.000549798	-0.856878	-1.61544	1.59516	593.219
0.029299	-0.0980357	0.476582	-0.637366	-0.00436304	0.909042	593.224
0.0879042	0.0265098	0.647095	2.42395	1.24647	1.58639	593.229
0.0017555	0.0213961	0.00280755	1.39203	-1.12857	1.29074	593.234
-0.00248335	0.0201545	0.00106533	1.37205	-1.1329	1.264	593.239
0.0438708	-0.0225387	0.429122	0.958202	-0.112394	1.51791	593.244
0.0158779	0.00218558	0.000394905	-2.1651	-0.156665	2.36816	593.249
0.0856394	-0.0268211	0.464774	0.719007	-0.0835483	-1.22575	593.299
0.0865165	-0.0266716	0.465382	0.71855	-0.0927467	-1.23091	593.304
0.0878916	-0.028238	0.471496	3.37771	0.498691	0.921796	593.309
0.0873256	-0.0286931	0.472133	3.383	0.510225	0.907931	593.314
