4.87244	6.98532	46.5374	-2.16773	-2.35797	0.231969
4.89103	6.88131	40.8947	-2.03773	-2.26247	-0.12991
5.99654	8.20366	47.6146	-2.07622	-2.29885	0.169127
5.46346	8.35541	48.4231	2.09771	2.28818	-0.220904
11.8735	2.16524	8.90111	-1.45246	1.3171	1.37157
-8.8542	-1.31184	10.8402	0.919048	1.1776	-1.25594
-9.06253	-0.899041	10.8015	0.948836	1.15271	-1.28572
-9.00022	-0.54478	10.8548	0.958284	1.14472	-1.31064
30.4045	13.7775	45.7464	-0.327572	-0.543767	2.02594
-9.50192	3.25094	10.8852	-1.77092	0.238741	-0.065386
30.1176	14.3417	45.6244	-0.315907	-0.597284	2.05313
17.3178	5.44206	59.5535	-1.2941	-0.956719	0.741036
16.5046	4.88147	57.7437	-1.28768	-0.917985	0.749621
16.8788	5.30721	58.095	-1.27257	-0.900053	0.734936
6.5415	-7.04796	-10.0313	0.571255	-1.18581	0.712931
-8.57108	5.34776	10.4573	-1.76147	0.447816	-0.276639
-8.42575	5.50229	10.1814	-1.76541	0.478075	-0.284906
6.34736	-7.38371	-9.99632	0.532715	-1.20884	0.671948
-5.74135	7.86056	9.9865	-1.71944	0.782201	-0.571146
28.1395	12.5404	46.635	0.828263	1.61138	-3.59349
6.24958	-7.4789	-9.94198	0.517731	-1.21568	0.662139
-7.45042	6.7577	9.83293	1.38321	0.755251	-1.8584
-6.364	7.29829	10.0007	1.4531	0.647594	-1.94134
15.2819	5.45929	57.6916	0.521124	1.48351	-0.250107
14.7553	4.96985	56.6	0.526641	1.48424	-0.240015
-9.02696	4.19675	10.8583	1.17812	0.976578	-1.59715
5.75176	-7.71665	-9.92796	0.890186	2.00631	1.51083
5.72823	-7.71087	-9.92508	0.89785	1.97926	1.51021
-5.75312	7.9597	9.95522	-1.71324	0.789875	-0.575234
24.8176	4.38404	33.8705	0.263958	1.89509	1.25015
-9.44	3.98179	9.99228	1.1794	0.991057	-1.60043
-9.38134	4.11168	9.98502	1.18532	0.983642	-1.60972
24.2528	4.16208	32.9842	0.214809	1.89684	1.30043
-9.69466	2.12078	10.4313	1.11382	1.10585	-1.46812
5.62394	7.6031	45.5379	2.03566	2.30712	-0.0978135
5.50266	7.8377	46.5529	2.06351	2.29425	-0.126198
4.81447	7.89356	45.1476	-2.146	-2.25992	0.0735246
5.02374	7.54734	44.415	2.13921	2.29363	-0.0652024
4.99717	7.38778	42.28	-2.09837	-2.26971	-0.050127
4.20571	7.25557	41.4872	2.1883	2.33037	0.0626653
4.57557	7.26963	42.7287	2.16352	2.34656	-0.0289186
4.43761	7.14401	41.4171	-2.0389	-2.22231	-0.0144289
4.668	7.37618	42.1658	2.19788	2.39313	-0.0092373
5.33877	7.90363	44.8433	2.07077	2.31466	-0.0992868
4.60548	7.92741	43.7485	2.1858	2.35637	-0.0459308
4.49059	7.74692	44.3946	-2.08331	-2.23837	0.110973
4.38738	8.01319	45.2054	2.17829	2.30619	-0.171794
4.51558	7.86842	42.6987	2.19967	2.36028	-0.0167398
4.67023	7.3612	42.7587	2.16434	2.34767	0.0171441
4.91924	7.387	43.7879	2.12558	2.31473	-0.0693881
4.23541	7.08852	43.2353	2.1323	2.29263	-0.061252
4.03033	7.14044	44.1527	-2.14494	-2.30469	0.146079
4.29349	7.4713	43.5614	-2.11971	-2.31175	0.0757425
4.43998	7.66334	43.6642	2.1425	2.30748	-0.0512062
4.95038	8.13563	45.9674	2.10124	2.26281	-0.146578
4.46704	7.08234	42.878	2.11947	2.32176	-0.0337037
4.57785	7.02831	42.3435	-2.09425	-2.28229	0.0246559
4.56286	6.31065	39.6576	-2.05857	-2.32211	-0.0961892
3.96872	6.37355	41.6108	-2.15421	-2.36062	-0.00159915
4.10729	6.73147	43.0495	-2.16723	-2.332	0.0693789
3.94469	6.4576	43.8003	-2.14289	-2.32552	0.178984
4.25642	7.23095	44.25	-2.13368	-2.31754	0.125511
3.87394	7.07264	42.5205	-2.13659	-2.2592	0.0449598
4.56517	6.83932	43.7396	2.07361	2.27501	-0.100158
4.64204	6.92295	43.7807	2.07114	2.27879	-0.107675
3.89126	6.96805	43.4027	-2.16158	-2.31278	0.116592
4.06767	7.1222	43.6492	-2.13147	-2.26357	0.126022
4.10141	7.42052	44.4019	-2.14388	-2.27974	0.130028
4.09828	7.28502	41.4603	-2.0835	-2.19719	-0.00387806
3.75888	6.08963	38.5907	-2.05236	-2.26126	-0.0966513
3.2638	6.56332	41.1937	-2.13559	-2.2536	0.0380642
3.0254	6.14022	40.5521	-2.13225	-2.22591	0.0315979
3.35186	5.81033	40.2337	-2.15814	-2.26284	0.0218457
4.44911	7.3103	45.9585	2.07474	2.24938	-0.241954
3.79686	7.48335	46.0069	2.09179	2.24024	-0.24924
4.19536	7.58658	46.1258	-2.14657	-2.31548	0.272513
4.22102	7.24544	43.6847	2.10407	2.30432	-0.129798
3.72121	6.99332	42.0159	2.13352	2.3005	-0.0265975
3.8404	6.46789	42.9752	2.11425	2.29031	-0.132931
3.61323	6.19424	42.2296	-2.16037	-2.34573	0.134467
3.43789	6.1378	40.9665	-2.15352	-2.311	0.0610085
3.5249	6.61577	42.4208	-2.15927	-2.2838	0.112443
3.24375	6.21547	40.3884	-2.13006	-2.24424	0.0377296
3.56398	6.53279	41.935	-2.13233	-2.27983	0.111791
3.77901	6.77367	42.6296	-2.15015	-2.30169	0.116129
3.78938	6.51286	42.8562	2.10928	2.26601	-0.145064
3.32277	6.51719	42.6972	2.13575	2.26824	-0.183835
3.58821	6.90877	42.9392	2.14199	2.29969	-0.126167
3.68759	6.51572	42.4396	2.10458	2.27192	-0.119641
3.95002	6.89681	42.731	2.13194	2.30577	-0.106917
4.08144	7.08777	43.9975	2.06676	2.2463	-0.151523
3.43278	6.1321	42.6808	2.03596	2.20523	-0.134661
3.11118	6.54208	41.737	-2.17759	-2.31103	0.0798603
3.55742	6.42842	42.1292	2.09653	2.25152	-0.127554
3.47552	5.93299	40.2193	-2.18553	-2.35976	0.0231416
2.73489	6.94606	44.828	2.10451	2.19561	-0.328382
3.25484	6.72884	43.6659	2.07472	2.23783	-0.212601
3.78549	7.30893	46.8894	2.04356	2.22736	-0.384788
3.86266	7.43525	44.3341	2.1489	2.29474	-0.177099
3.46209	6.60655	40.9798	2.17177	2.35522	-0.0362192
3.50441	6.46918	43.2772	2.12137	2.32634	-0.19102
3.52673	6.43607	42.3326	2.10853	2.3046	-0.1164
3.17777	6.78795	40.9283	2.19799	2.3524	-0.0314481
2.92868	6.4524	40.2311	2.17285	2.33999	-0.0512455
2.89128	6.11938	41.3187	2.15735	2.30953	-0.129453
2.99008	6.29129	38.9569	2.21242	2.35617	0.0461791
2.99041	6.15376	40.1584	2.14069	2.31898	-0.0348325
2.50377	5.85758	37.7211	-2.09567	-2.19622	-0.0669101
2.68275	5.62337	37.7386	-2.08958	-2.20912	-0.0505097
2.6584	5.73384	39.1509	-2.12979	-2.25147	0.00592739
2.51128	5.06548	37.2877	-2.13468	-2.27232	-0.048894
2.34793	4.91824	36.0629	-2.08253	-2.24209	-0.0842731
2.26055	4.90558	35.9707	-2.09718	-2.22233	-0.0942626
2.53745	4.8835	36.3992	-2.09005	-2.26086	-0.0753669
2.20491	5.02264	35.182	-2.0602	-2.21157	-0.120079
2.58436	4.76393	35.2116	-2.06568	-2.2452	-0.151771
2.05889	4.71485	34.6073	-2.08209	-2.22134	-0.163446
2.17319	4.65939	34.7411	-2.1059	-2.26951	-0.156028
2.34404	5.25921	35.4254	-2.10849	-2.25062	-0.136721
1.82684	5.38095	35.4975	-2.112	-2.20721	-0.132532
2.0781	4.70233	36.5826	-2.15655	-2.31631	-0.0712793
2.09831	4.99973	37.8649	-2.15711	-2.30133	-0.0140979
2.11659	5.21047	38.2109	-2.14763	-2.27937	-0.0145988
1.81398	5.1524	37.848	-2.17692	-2.27658	0.00804646
2.16415	5.44058	39.6898	2.12185	2.26373	-0.0796679
2.30565	5.26104	38.5342	2.09121	2.25884	-0.0120671
1.82563	5.41915	39.5247	-2.17761	-2.29287	0.101284
2.28317	5.02374	38.7444	-2.19924	-2.31981	0.0378434
1.66637	5.06748	37.6097	-2.13248	-2.23458	0.00217764
1.71713	5.12359	36.9041	-2.1425	-2.25375	-0.0489
1.89807	5.18947	37.0063	-2.14102	-2.28344	-0.0688702
1.56631	5.46204	38.4494	-2.14615	-2.23802	0.0375788
1.59949	4.75595	37.5664	2.13653	2.27296	-0.0354442
1.28961	4.31126	37.078	-2.1709	-2.27713	0.0232586
1.36384	5.24374	40.1797	2.1983	2.29257	-0.150552
1.37911	5.42388	39.4348	2.19111	2.29598	-0.0965979
1.62603	5.56166	39.2711	2.18333	2.31802	-0.0764305
1.57598	5.29685	39.6684	2.16411	2.29029	-0.128724
1.71507	5.35009	40.2304	2.14483	2.29284	-0.15319
1.87562	5.42868	40.1523	2.14181	2.28124	-0.139289
1.49996	4.90775	39.8825	-2.13795	-2.29226	0.162258
1.23705	5.21881	41.458	-2.16375	-2.2482	0.28401
1.61783	5.55142	42.9131	2.10653	2.22114	-0.33069
1.6166	5.32541	40.961	2.1292	2.26407	-0.22238
1.35742	4.83616	39.2952	-2.16176	-2.28668	0.147969
1.30989	4.94239	39.7777	2.13914	2.25115	-0.176478
1.3467	5.16289	39.9098	-2.17286	-2.2816	0.153364
1.5132	4.72717	38.2323	2.12703	2.27769	-0.0404693
1.21845	5.15395	43.9652	2.10391	2.19965	-0.506407
1.07349	4.58139	40.4879	2.07374	2.22182	-0.254113
0.834259	4.24427	39.3572	2.09773	2.23531	-0.194759
1.0844	4.75569	39.9318	2.12103	2.24252	-0.209989
0.955749	4.52612	37.8437	2.15163	2.27839	-0.0735551
1.36395	4.1752	38.0789	2.08906	2.2666	-0.0958539
1.61342	4.81979	41.8951	2.00286	2.19548	-0.29473
1.14508	4.57778	38.4975	2.13601	2.27356	-0.10912
1.25871	5.0464	38.9928	2.16657	2.29819	-0.112811
1.1476	4.61422	35.4526	2.188	2.33218	0.063519
0.708486	4.22546	36.4819	-2.12328	-2.27732	0.0276529
0.679669	4.17165	35.3915	-2.12786	-2.25036	-0.0482692
0.877959	4.01415	35.4654	-2.12606	-2.2689	-0.0520089
0.896814	4.27986	37.4497	2.15975	2.29445	-0.0630773
0.866174	3.89101	34.7775	-2.10366	-2.25456	-0.0581302
0.994529	4.03682	35.0444	-2.10952	-2.25851	-0.0535525
0.725064	3.86358	34.6878	-2.09553	-2.23627	-0.0460757
0.932995	3.82895	35.312	-2.10947	-2.25806	-0.00793678
0.605468	3.2719	33.0586	-2.09602	-2.23515	-0.103558
0.536303	3.51864	33.4525	-2.09698	-2.21687	-0.0785121
0.420448	3.29901	33.3813	-2.16503	-2.26738	-0.0847434
0.474764	3.24108	33.6432	-2.14529	-2.25949	-0.0683615
0.215822	3.02451	33.742	-2.13637	-2.23839	-0.0338203
0.310126	3.46846	33.795	-2.11403	-2.22377	-0.0659578
-0.283292	3.84248	35.3923	-2.1272	-2.1685	0.0565125
0.146119	3.79461	33.6841	-2.12407	-2.21182	-0.101879
0.230521	3.818	34.2497	-2.11092	-2.23358	-0.0689702
0.371037	3.14797	33.1159	-2.11049	-2.23799	-0.0968759
0.343388	3.066	33.3863	-2.11126	-2.22705	-0.0545934
0.469484	3.47067	34.4749	-2.07315	-2.19878	0.00334591
0.148655	3.55144	33.1444	-2.0629	-2.17578	-0.0573526
0.100985	3.4388	32.6127	-2.06261	-2.18686	-0.0940207
0.288472	3.73808	34.6527	-2.07401	-2.19517	0.00709839
0.36909	3.39552	32.913	-2.05813	-2.21124	-0.0965659
0.109841	3.46491	31.9492	-2.057	-2.19439	-0.123529
0.448577	3.60102	34.0632	-2.07771	-2.19495	-0.0269463
0.389166	3.83555	34.6439	2.19706	2.37737	0.0339528
0.586862	3.06976	33.7085	2.14272	2.31398	0.0508428
-0.000958221	2.92023	33.3864	2.18383	2.35706	0.0364724
-0.144351	3.03713	33.2956	-2.08228	-2.21163	-0.0421923
-0.223141	2.90956	32.909	-2.09954	-2.22412	-0.0523262
-0.633223	2.83178	33.2501	-2.14725	-2.21983	-0.0250043
-0.653153	2.58281	33.562	-2.15476	-2.23847	0.0369465
-0.338004	2.71461	33.9112	-2.13217	-2.25718	0.0192685
-0.463758	2.76464	32.3172	-2.11336	-2.22392	-0.0659289
-0.790883	2.99362	35.7554	-2.16244	-2.22192	0.149049
-0.926867	2.81792	35.0219	2.12987	2.22091	-0.102727
-0.700442	2.92343	35.6513	-2.169	-2.25373	0.149079
-0.884503	2.95674	34.7793	-2.17901	-2.21747	0.08237
-0.664841	2.99019	35.7402	-2.1734	-2.20989	0.138498
-0.299015	3.20287	36.3599	2.1396	2.25686	-0.177383
-0.502022	2.8213	35.0915	2.16311	2.24767	-0.119957
-0.628259	2.95813	36.2701	2.14014	2.21352	-0.178393
-0.569613	2.95919	36.3038	2.15038	2.24998	-0.189045
-0.377777	3.26297	36.0785	2.14366	2.24672	-0.138439
-0.64099	2.74839	34.7658	2.12213	2.21402	-0.0694117
0.110497	3.05896	35.9627	2.10186	2.23616	-0.115861
-0.251121	3.52119	36.6183	2.18095	2.26694	-0.147305
-0.687984	3.25729	34.9494	2.17702	2.24426	-0.0837899
-0.870022	3.01901	34.9652	2.19323	2.29363	-0.103606
-0.360673	3.55806	35.3063	2.13924	2.28572	-0.0525091
-0.434166	3.19534	34.8936	2.17454	2.32552	-0.0817593
-0.664883	2.97186	35.7851	2.14244	2.26398	-0.150131
-0.777086	3.38734	35.5519	2.16834	2.28117	-0.127552
-0.559574	3.25008	35.6182	2.15858	2.27699	-0.129471
-0.574224	2.86303	36.3247	2.1093	2.24801	-0.217851
-0.165428	2.87232	37.1468	2.06364	2.22907	-0.245357
-0.088116	3.06559	36.9379	2.07381	2.2419	-0.195461
-0.792345	2.68864	35.1184	2.12934	2.23908	-0.110736
-0.848924	2.52756	34.5179	2.14052	2.24776	-0.101474
-0.680446	2.7025	34.9033	2.14312	2.25385	-0.098683
-1.14366	3.14109	35.5513	2.18104	2.24471	-0.17209
-0.600496	2.9571	36.2585	2.12764	2.24326	-0.203469
-0.618497	3.16933	35.5352	2.09694	2.24751	-0.128578
-0.437539	2.61817	35.602	2.09188	2.27528	-0.132277
-0.610691	2.37989	35.3919	2.10104	2.26128	-0.164022
-0.70185	2.25715	34.749	2.09124	2.23335	-0.14956
-0.698565	1.804	31.5444	2.12574	2.28039	0.0479003
-0.956813	2.25571	33.1886	2.16799	2.27335	-0.0769933
-0.835718	1.80786	30.8874	-2.13729	-2.25644	-0.0743492
-0.707681	1.54648	31.4355	2.18287	2.34756	0.00607314
-0.810704	2.10765	31.0423	-2.10948	-2.2175	-0.0606036
-1.386	1.90811	29.3668	-2.11378	-2.17384	-0.118483
-0.962175	1.38372	29.985	-2.11611	-2.22942	-0.0760073
-0.615718	1.45827	30.6718	-2.10027	-2.2625	-0.0261455
-0.693643	1.51659	30.3656	-2.09779	-2.25308	-0.0592605
-0.613468	1.09816	29.6976	-2.09922	-2.27274	-0.073346
-1.19309	1.41386	29.992	-2.14609	-2.2585	-0.0745388
-1.16586	1.64104	29.9094	-2.14489	-2.24086	-0.0856298
-1.33914	1.6855	32.6048	2.16534	2.26511	-0.0892402
-1.24145	1.7118	32.3524	2.15688	2.26472	-0.0522471
-0.826687	1.66437	33.2908	2.09917	2.28175	-0.0988302
-0.900533	1.65908	33.8561	2.08114	2.2572	-0.135721
-1.0483	1.56454	36.1008	2.01709	2.17491	-0.304081
-1.70921	1.55027	34.7562	2.12922	2.21421	-0.245525
-1.50262	1.45614	34.8192	2.11865	2.22298	-0.244423
-1.37148	1.39863	33.4423	2.12603	2.25369	-0.157374
-1.35899	1.11921	33.6686	2.08475	2.21383	-0.172149
-1.50847	1.25861	33.8553	2.11241	2.24368	-0.189725
-1.78783	1.41874	31.2308	-2.13914	-2.2399	0.0255309
-1.80349	0.876277	30.9221	-2.13849	-2.24602	0.0455749
-1.36543	0.994395	32.631	2.12985	2.25423	-0.131947
-1.39905	1.06047	32.4776	2.15498	2.27581	-0.155608
-1.56982	0.51589	33.0233	2.12603	2.24431	-0.213829
-1.65011	0.485264	33.1148	2.15757	2.26413	-0.235748
-1.89536	0.396132	32.8672	2.13587	2.22302	-0.20942
-2.16554	0.384621	32.5231	2.1458	2.22881	-0.198466
-2.03159	0.405213	32.7435	2.15384	2.23121	-0.243325
-1.82997	0.676863	32.0219	2.16473	2.25281	-0.133288
-1.59354	0.970218	32.7727	2.12283	2.26307	-0.157136
-1.39305	1.25493	32.8027	2.14306	2.28846	-0.138246
-1.659	0.922827	34.5397	2.07219	2.23051	-0.307465
-1.89411	0.946769	33.8077	2.12617	2.25979	-0.249592
-1.94027	0.630852	33.8112	2.11065	2.25373	-0.271196
-1.56277	0.256447	32.6025	2.11897	2.25805	-0.192918
-1.49135	0.249912	32.2535	2.1114	2.25035	-0.182218
-1.50702	0.595215	32.8938	2.13734	2.26555	-0.221733
-1.92657	0.651903	32.0304	2.18557	2.27828	-0.158554
-1.81775	0.537598	32.1449	2.16152	2.2773	-0.160933
-1.60461	0.429289	32.3975	2.1315	2.27387	-0.189931
-1.11542	-0.248328	31.2122	2.06434	2.26104	-0.117002
-1.62625	0.327792	31.8442	2.10051	2.24433	-0.19606
-1.73557	0.333154	30.8335	2.11205	2.24679	-0.0868539
-1.57585	0.321674	30.2573	2.13617	2.2855	-0.0555844
-1.28376	0.70802	30.8703	2.12022	2.28524	-0.0587563
-1.79822	0.099782	30.6341	-2.12645	-2.23544	0.104447
-1.48212	0.173141	31.9537	2.11035	2.28887	-0.197017
-1.68504	0.362997	30.5199	2.14849	2.28007	-0.0979347
-1.79863	0.275061	30.7396	2.18432	2.29186	-0.132954
-1.57154	-0.0234109	31.6684	2.12347	2.27436	-0.193161
-1.78485	-0.117929	31.1944	2.12213	2.27124	-0.176031
-1.71391	-0.10745	30.8726	2.12433	2.28309	-0.159426
-1.82453	0.413782	31.8327	2.15937	2.27033	-0.205572
-1.35209	-0.0530185	31.3077	2.11825	2.2734	-0.173146
-1.67333	-0.0977456	30.9016	2.10925	2.26785	-0.183493
-2.07089	-0.0964965	31.17	2.13637	2.26237	-0.190494
-1.87134	0.0594479	30.1676	2.14444	2.26721	-0.117497
-1.4577	0.176013	30.4202	2.15326	2.28604	-0.130215
-1.71547	0.163624	30.042	2.12332	2.23754	-0.0931667
-1.26991	-0.0449039	30.3725	2.11591	2.26107	-0.130649
-1.63663	-0.153461	30.8888	2.11303	2.2388	-0.185515
-1.13062	-0.35955	31.0204	2.08105	2.23609	-0.188528
-1.56382	-0.329234	31.8413	2.0803	2.23632	-0.260466
-0.964654	-0.461973	30.6418	2.04748	2.25233	-0.164648
-0.915316	-0.57592	31.8717	2.0247	2.22892	-0.247198
-1.20209	-0.389426	31.4297	2.08358	2.24859	-0.2106
-1.7709	-0.361122	30.3125	2.13148	2.25805	-0.17445
-1.60196	-0.439124	30.1546	2.11595	2.26731	-0.158992
-1.03257	-0.400355	31.5001	2.07279	2.24249	-0.215724
-1.66919	-0.178151	31.2647	2.1012	2.21908	-0.221766
-1.08615	-0.195675	30.7353	2.05331	2.21864	-0.170018
-1.44277	-0.259983	30.0292	2.11468	2.24542	-0.146595
-1.45205	-0.442896	29.3165	2.12002	2.26175	-0.116085
-1.6678	-0.407977	28.9675	2.12673	2.24594	-0.111536
-1.32128	-0.347541	29.4216	2.11465	2.23622	-0.132017
-1.16009	-0.0807299	29.8894	2.12382	2.2508	-0.149043
-0.925944	-0.71707	30.4848	2.03302	2.21218	-0.210978
-1.34824	-1.01888	30.5636	2.06547	2.24661	-0.217621
-1.07131	-0.713429	28.9238	2.0927	2.25366	-0.100062
-1.08708	-1.13153	28.8612	2.05968	2.25935	-0.130742
-0.882088	-0.904854	30.345	2.06023	2.22681	-0.203016
-1.48653	-0.755636	29.3474	2.0874	2.22996	-0.164436
-1.42947	-0.711027	29.6189	2.07437	2.22399	-0.175332
-1.29833	-0.416597	30.6335	2.09154	2.22088	-0.25441
-1.36764	-0.574719	30.5331	2.08004	2.23064	-0.219351
-1.51614	-0.817701	28.86	2.09609	2.23605	-0.132774
-1.67738	-0.696853	29.0748	2.14063	2.26064	-0.168329
-1.32601	-0.999397	28.9645	2.07706	2.23058	-0.148868
-1.48811	-0.85792	28.0651	2.09931	2.23394	-0.0851067
-1.18859	-1.01844	28.1423	2.05168	2.20995	-0.0900777
-1.34981	-0.613985	28.3005	2.09214	2.21281	-0.0936613
-1.62799	-0.732413	28.1587	2.07902	2.2003	-0.0822352
-1.63069	-0.619021	27.3553	2.13596	2.24122	-0.0454877
-1.28392	-0.649956	28.853	2.0839	2.20266	-0.140877
-1.53281	-0.754535	29.0907	2.1124	2.22544	-0.16926
-1.27322	-0.493512	29.1903	2.13873	2.23983	-0.149919
-1.06382	-0.780965	28.7947	2.11277	2.26564	-0.135502
-1.188	-1.10677	28.7542	2.07933	2.23158	-0.175969
-1.12135	-1.14821	29.3562	2.0596	2.21761	-0.220089
-1.46832	-1.11752	27.3862	2.11241	2.24589	-0.0862588
-1.2517	-1.14766	27.4385	2.08365	2.23625	-0.0739098
-1.445	-1.24002	27.8111	2.08499	2.21828	-0.126795
-0.951734	-1.0913	28.5926	2.0696	2.22775	-0.140382
-1.21968	-1.03631	28.2474	2.0963	2.23223	-0.129285
-1.07362	-1.25231	28.4747	2.06628	2.21652	-0.165816
-1.03301	-1.52063	28.1097	2.0396	2.22005	-0.135352
-0.682487	-1.75905	28.4023	1.99902	2.2187	-0.161472
-0.742509	-2.18203	27.4508	2.00877	2.22647	-0.12237
-0.817172	-2.0695	27.8058	1.97714	2.1817	-0.146254
-1.11467	-2.13045	27.6817	1.9813	2.17119	-0.1674
-1.24808	-1.98487	27.3044	2.03445	2.22139	-0.156006
-1.24658	-1.59757	27.2756	2.05397	2.20678	-0.144063
-1.38816	-1.45207	27.4167	2.07324	2.20676	-0.144983
-1.35538	-1.50943	27.314	2.09867	2.21756	-0.135105
-1.12487	-1.84983	27.3801	2.04922	2.21574	-0.143409
-1.48032	-1.73464	26.2334	2.08432	2.2017	-0.0853603
-1.43679	-1.3109	26.2962	2.09171	2.18119	-0.0974583
-1.43679	-1.3109	26.2962	2.09171	2.18119	-0.0974583
-0.95962	-1.65794	27.6107	2.02384	2.17453	-0.162013
-1.34191	-1.13408	27.4889	2.09914	2.20262	-0.171881
-1.19318	-1.61744	27.4443	2.06467	2.20028	-0.171353
-1.10806	-1.71787	26.5304	2.08045	2.24339	-0.104251
-1.04128	-1.88367	26.7694	2.05396	2.20372	-0.137714
-0.93017	-2.09939	27.2126	2.04914	2.22186	-0.169628
-1.17598	-1.90825	25.955	2.08651	2.22605	-0.0987538
-1.22911	-2.07858	26.2832	2.07155	2.25163	-0.119214
-1.14253	-2.0128	26.6166	2.06999	2.21954	-0.124854
-1.23615	-2.01305	27.3183	2.06117	2.20978	-0.207311
-1.19935	-2.13703	26.3599	2.07576	2.20757	-0.135676
-0.549294	-2.27796	28.1757	2.04276	2.23543	-0.239021
-1.22125	-2.28144	26.765	2.0772	2.23085	-0.178831
-1.01102	-2.38567	27.5633	2.06896	2.24619	-0.218716
-1.01743	-2.53628	27.6142	2.05986	2.24326	-0.242077
-0.994998	-2.64507	27.5373	2.01122	2.21514	-0.250614
-0.861472	-2.61718	27.7736	2.0244	2.21141	-0.242271
-0.914926	-2.65354	27.8243	2.03642	2.22033	-0.251069
-0.703848	-2.66681	27.4825	2.04361	2.23915	-0.216706
-0.64404	-2.78608	27.6792	2.04678	2.24805	-0.229352
-0.814677	-2.528	28.0934	2.03974	2.20304	-0.273734
-0.762977	-2.46956	27.8792	2.06329	2.23772	-0.25029
-1.10913	-2.43786	27.6522	2.08764	2.23245	-0.235883
-0.405924	-2.64698	28.348	2.03501	2.23402	-0.274804
-0.987994	-2.3854	27.8003	2.10081	2.22703	-0.268918
-0.99675	-2.69084	26.711	2.07844	2.23503	-0.192675
-0.803848	-2.80241	25.8677	2.05902	2.20727	-0.13602
-1.02892	-2.71393	25.6413	2.05726	2.21356	-0.144404
-1.05926	-2.74548	25.8501	2.0302	2.19537	-0.145345
-0.832365	-2.79778	24.7217	2.03528	2.21644	-0.0770711
-0.785218	-2.81426	25.756	2.02062	2.20179	-0.135133
-0.696774	-2.71021	25.7006	2.02451	2.20128	-0.141482
-0.779603	-2.61516	26.1809	2.04842	2.19647	-0.157183
-0.95234	-2.31061	25.2599	2.07251	2.19864	-0.0971242
-0.589348	-2.60225	25.4933	2.04266	2.19799	-0.135014
-0.479317	-2.57264	25.5813	2.0401	2.18616	-0.13723
-0.940538	-2.62107	25.3306	2.072	2.19804	-0.141711
-0.747049	-2.75619	25.0415	2.06864	2.21642	-0.108873
-0.601068	-2.81791	25.3555	2.0747	2.20475	-0.141919
-0.736212	-2.49604	25.5846	2.08895	2.20705	-0.140641
-0.377429	-3.05131	25.4765	2.02987	2.19131	-0.145779
-0.423829	-2.86899	23.8006	2.02807	2.18282	-0.0374052
-0.401787	-2.87972	24.3289	2.02157	2.15416	-0.0861776
-0.750764	-2.49216	24.3777	2.0838	2.18643	-0.0833915
-0.554851	-3.50719	25.8608	2.02293	2.18488	-0.207063
-0.346414	-3.64653	25.3026	1.98065	2.1847	-0.178908
-0.558693	-3.36151	24.5298	2.00648	2.16644	-0.123739
-0.274151	-3.55848	25.8081	2.03109	2.21974	-0.218
-0.391417	-3.57143	25.3179	2.02767	2.19491	-0.174021
-0.328091	-3.33124	25.0683	2.03167	2.18763	-0.14443
-0.580942	-3.634	24.6566	2.03404	2.20683	-0.132052
-0.540671	-3.49587	25.0373	2.02044	2.18081	-0.15097
-0.356985	-3.76565	25.5828	1.99684	2.18834	-0.203516
-0.475304	-3.57006	24.7578	2.02495	2.18009	-0.141277
-0.331876	-3.33464	25.3662	2.01499	2.17794	-0.172026
-0.32317	-3.635	24.1801	2.03162	2.20176	-0.102575
-0.185015	-3.52733	24.5988	2.02654	2.17882	-0.127912
-0.278132	-3.44432	25.642	2.02335	2.17504	-0.194243
-0.683265	-3.32723	25.4809	2.08333	2.20787	-0.202157
-0.506842	-3.31941	25.2055	2.0834	2.22178	-0.177234
-0.566945	-3.66468	25.1897	2.08757	2.22399	-0.187128
-0.18892	-3.80286	24.7176	2.06422	2.25756	-0.157229
-0.0319369	-4.2135	25.6376	2.00639	2.22624	-0.227268
0.0372013	-4.50125	25.332	1.98765	2.2167	-0.213318
-0.350008	-4.10482	24.2794	2.01035	2.2064	-0.154753
-0.721309	-3.77057	23.7091	2.06104	2.2302	-0.117185
-0.490503	-4.08293	23.9824	2.00384	2.21366	-0.140043
-0.726373	-4.05765	24.4248	1.98517	2.18053	-0.195732
-0.860583	-3.95021	22.3958	2.01264	2.16995	-0.0704598
-0.579885	-3.85381	22.3694	2.0376	2.17189	-0.0675155
-0.749485	-4.00567	22.4794	2.06229	2.203	-0.0745456
-0.364024	-4.3987	22.4973	1.98584	2.18509	-0.07996
-0.468129	-4.15099	22.8043	2.01082	2.20487	-0.0968762
-0.51735	-4.13978	22.9627	2.00844	2.20176	-0.116556
-0.265329	-3.81576	22.5322	2.01582	2.1658	-0.0592738
-0.1261	-4.34658	23.3478	1.98958	2.16654	-0.121785
-0.45234	-4.24846	23.786	2.04443	2.20207	-0.160668
-0.602084	-4.28848	23.5978	2.01854	2.18282	-0.162646
-0.807528	-3.98241	21.9105	2.05877	2.18609	-0.0679195
-0.28482	-4.97181	21.8243	1.9569	2.16034	-0.0856135
-0.675312	-4.85943	22.2817	1.981	2.17686	-0.118794
-0.695467	-4.77172	22.9311	2.0003	2.18056	-0.155484
-0.470383	-5.0207	23.3162	1.99422	2.19068	-0.185121
-0.266518	-5.21804	24.0417	1.97008	2.18687	-0.236743
-0.506121	-5.1773	23.0886	2.0188	2.19939	-0.181208
-0.360015	-5.05661	22.7325	2.03868	2.21683	-0.151886
-0.498254	-5.24664	22.4163	2.03223	2.21529	-0.142154
-0.147652	-4.73454	22.5076	2.06362	2.19392	-0.113573
-0.147439	-5.39063	22.9164	2.02994	2.21059	-0.175348
-0.25871	-5.46083	23.1729	1.99563	2.19352	-0.200469
-0.258889	-5.68499	22.825	1.96683	2.20883	-0.198371
0.163452	-6.50959	22.4964	1.90182	2.18563	-0.174283
0.148186	-6.28397	23.0954	1.93582	2.18697	-0.225772
-0.114666	-6.19396	21.9461	1.92932	2.15684	-0.159222
0.0112464	-5.89981	20.6535	1.95366	2.15472	-0.0689735
0.101239	-5.73147	20.8357	1.94292	2.12501	-0.08532
-0.252189	-5.30543	20.5153	2.00375	2.13976	-0.0771169
-0.46134	-5.48605	20.5384	1.99495	2.11275	-0.0823494
0.0067664	-6.11402	20.9199	1.95332	2.12874	-0.103236
-0.62145	-5.3582	21.4113	2.03247	2.15662	-0.160906
-0.256199	-5.48446	20.7866	2.00644	2.16187	-0.106792
0.0532719	-6.01817	19.9588	1.96206	2.13083	-0.0495656
-0.292127	-5.91855	19.9919	2.01584	2.1478	-0.0512681
-0.30846	-6.15692	20.1699	1.98598	2.12515	-0.0851229
14.6075	-0.000704151	17.8239	0.103804	-1.25248	1.45066
-0.118986	-6.6138	20.0956	1.96128	2.15037	-0.0829679
0.253308	-6.69003	20.4347	1.95455	2.15203	-0.125742
-0.965965	-6.65773	18.8455	1.97385	2.14715	-0.0685891
0.143375	-6.28689	19.9729	1.98252	2.16737	-0.0866965
6.6925	0.735799	34.0788	-1.09428	-1.70424	2.05018
-0.513587	-7.31845	20.1808	1.90911	2.1587	-0.155191
0.0345952	-6.69084	20.0556	1.97151	2.1245	-0.0865991
-1.42363	-7.47377	20.1119	1.93798	2.14205	-0.175895
-1.74975	-6.76376	20.4826	1.99908	2.1613	-0.197485
6.10944	-3.94939	33.8654	-1.08176	-1.85309	1.60299
-0.394784	-7.10837	19.7824	1.9873	2.11321	-0.103407
0.385593	-6.49923	20.5986	1.99251	2.14093	-0.107133
-0.712304	-6.36781	20.0417	2.04143	2.13685	-0.101943
-0.475513	-6.3993	19.3602	2.03183	2.14143	-0.0642756
-0.287191	-7.78098	20.0882	1.92425	2.16559	-0.149666
-1.11002	-6.81278	17.737	1.97656	2.12978	-0.0253737
-1.20562	-7.57862	19.0263	1.93643	2.13747	-0.121069
5.63702	-0.625073	33.609	-1.1072	-1.78156	2.01093
-1.26251	-7.96949	19.4446	1.93135	2.15752	-0.148298
-1.01012	-7.62008	18.4565	1.91395	2.13231	-0.0837544
-1.12163	-7.12365	18.4031	1.95603	2.13622	-0.0698644
-0.348587	-8.23794	20.4546	1.88968	2.15401	-0.198536
-0.959273	-7.32936	17.4639	1.94437	2.11118	-0.0250012
-0.804927	-7.45011	18.6526	1.95522	2.1476	-0.102147
6.09128	1.02455	33.4011	-1.14362	-1.67793	2.14925
-0.372726	-7.32176	17.2849	1.93325	2.11683	-0.00119432
-0.112859	-8.06812	19.3699	1.92633	2.1634	-0.119186
-1.60863	-7.51809	18.6025	1.96875	2.14591	-0.122591
-1.22601	-7.97305	16.6917	1.94086	2.15301	-0.0227112
-1.1598	-7.55443	17.0003	1.99405	2.12704	-0.00552202
5.96359	0.585772	33.2448	-1.14541	-1.66219	2.08213
-0.406989	-7.61694	18.3559	1.94795	2.14993	-0.0592979
-0.604659	-8.17906	17.966	1.94893	2.1486	-0.0607934
-1.08948	-7.74379	18.1484	1.9767	2.1416	-0.0853816
-1.24645	-8.24169	18.0924	1.95072	2.16975	-0.0997544
-1.31332	-7.96566	18.9151	1.97182	2.16347	-0.155171
-1.16233	-7.91732	19.1543	1.96126	2.15769	-0.162991
-0.912195	-8.56301	18.2883	1.90342	2.14835	-0.103948
-1.63281	-7.80072	18.8221	1.97217	2.15504	-0.139086
-1.20764	-8.14741	18.6249	1.94035	2.15704	-0.136948
-1.22163	-8.46394	18.7159	1.91608	2.15219	-0.153581
-1.59037	-7.56353	17.641	2.0028	2.11233	-0.0645605
-0.89387	-8.25522	17.504	1.93974	2.11379	-0.0551441
-0.865069	-8.14346	17.364	1.94276	2.11771	-0.043549
-0.642699	-8.05587	17.3815	1.92269	2.11824	-0.0365833
-1.50822	-7.73287	16.6731	1.99576	2.12718	-0.0127489
-1.64499	-7.97905	17.045	1.97342	2.11274	-0.0441137
-0.78078	-8.21158	17.0816	1.92448	2.11273	-0.0277952
-1.54029	-8.00069	16.8717	1.96438	2.11135	-0.0446816
-1.08265	-7.90904	17.1585	1.93967	2.11482	-0.0438988
-1.08948	-8.22619	17.3587	1.95659	2.15526	-0.0637221
-1.14162	-8.36759	17.5236	1.93631	2.15206	-0.0868705
-1.41503	-8.52944	17.066	1.92042	2.14008	-0.0764604
-1.16223	-8.76041	17.8307	1.91409	2.15747	-0.109773
-1.73486	-8.63596	17.6123	1.93768	2.14766	-0.108677
-1.52214	-8.72634	17.3867	1.92753	2.14795	-0.0954299
-1.34396	-8.53373	17.6964	1.91517	2.15742	-0.118987
-10.7257	2.88507	-8.17002	1.09843	-0.201962	-0.416671
-2.11747	-8.41558	17.3061	1.9762	2.14283	-0.0972813
-2.11955	-8.37385	17.154	1.979	2.14578	-0.0973099
-1.87553	-8.68192	17.298	1.96696	2.15016	-0.097444
-10.5923	3.29533	-8.28289	1.1082	-0.197011	-0.420288
-0.936351	-8.71005	17.357	1.93907	2.16541	-0.0774398
-1.12911	-8.56744	17.5493	1.94436	2.1615	-0.0976244
-1.23353	-8.39176	17.2447	1.95829	2.17685	-0.0704512
-1.09247	-8.51527	17.6547	1.94241	2.15406	-0.0900841
-1.10916	-8.54861	17.7194	1.95507	2.14365	-0.0915009
-1.36344	-8.59464	17.7431	1.94642	2.14002	-0.10069
-1.25306	-8.60193	17.4949	1.94556	2.14719	-0.0831377
-1.1115	-8.55177	17.2927	1.96262	2.1713	-0.0723609
-1.10463	-8.63778	17.5067	1.93849	2.15826	-0.0971499
-1.15822	-8.45011	17.0676	1.93856	2.15529	-0.0652527
-1.51432	-8.20399	16.9863	1.97828	2.16247	-0.0666614
-1.35718	-8.13198	17.0165	1.98665	2.16125	-0.0618483
-1.4378	-8.2622	17.0059	1.96778	2.15642	-0.0661513
-1.29427	-8.3374	17.2936	1.95709	2.156	-0.0817689
-1.08577	-8.52835	17.2425	1.93684	2.15749	-0.0758434
-0.998166	-8.53911	17.548	1.94235	2.15363	-0.0882945
-1.22112	-8.5125	17.3878	1.94151	2.14971	-0.073704
-1.36146	-8.37934	17.3635	1.96021	2.15939	-0.0777972
-1.22802	-8.4745	17.4732	1.95532	2.14911	-0.0856888
-1.27779	-8.41104	17.2299	1.96797	2.16807	-0.079655
-1.26286	-8.30441	16.6909	1.95425	2.14903	-0.0527722
-1.24348	-8.43833	16.8405	1.9408	2.13824	-0.0655311
-1.21444	-8.35634	16.8399	1.9514	2.13354	-0.0582219
-1.18021	-8.27169	17.3396	1.9576	2.13373	-0.0768324
-1.07935	-8.27165	17.0259	1.97029	2.14281	-0.0680279
-1.13601	-8.33615	17.0522	1.95372	2.13955	-0.0580011
-1.31329	-8.18415	16.8171	1.98375	2.15371	-0.0471804
-1.19149	-8.28646	16.9332	1.97646	2.15331	-0.0493856
-1.25805	-8.43095	17.3371	1.96642	2.14658	-0.0880856
-1.24239	-8.29716	17.1527	1.97931	2.14833	-0.0797011
-1.34236	-8.47704	17.1454	1.96835	2.14516	-0.0814833
-1.22974	-8.3271	17.2439	1.96012	2.14709	-0.0844563
-1.14507	-8.40362	17.087	1.96063	2.16386	-0.0696331
-1.42612	-8.37554	17.1328	1.96821	2.1573	-0.0841796
-1.30633	-8.33507	16.7785	1.9568	2.15099	-0.0476807
-1.52464	-8.32696	16.6697	1.95583	2.16014	-0.0574997
-1.64113	-8.23598	16.3005	1.96665	2.15105	-0.0372701
-1.36232	-8.33137	16.3344	1.94024	2.14325	-0.0387096
-1.47233	-8.42557	16.3156	1.92498	2.13769	-0.0429057
-1.52147	-8.23604	16.4463	1.94636	2.11757	-0.0390249
-1.4774	-8.12533	16.2745	1.96399	2.14584	-0.0312186
-1.41399	-8.227	16.486	1.94456	2.14477	-0.0429468
-1.21917	-8.47051	16.4585	1.92946	2.13349	-0.0481664
-1.19939	-8.48455	16.6682	1.93771	2.14337	-0.0537634
-1.45818	-8.37953	16.5565	1.95557	2.15415	-0.0447366
-1.45991	-8.38658	16.5457	1.96198	2.15996	-0.0487115
-1.48887	-8.55248	16.5244	1.94099	2.15924	-0.052499
-1.49804	-8.38983	16.6957	1.9489	2.15972	-0.0599137
-1.53375	-8.43303	16.6764	1.95267	2.15774	-0.067117
-1.4168	-8.36129	16.7388	1.95271	2.14696	-0.0579268
-1.30132	-8.57958	16.7446	1.94411	2.14768	-0.0601593
-1.3077	-8.55206	16.7655	1.95882	2.16904	-0.0660887
-1.23536	-8.53861	16.8807	1.94664	2.16336	-0.069388
-1.21425	-8.50637	16.9643	1.94382	2.16535	-0.0692679
-1.26609	-8.59456	17.0826	1.93923	2.16315	-0.0836153
-1.37291	-8.28768	16.7026	1.96615	2.15215	-0.0554578
-1.39424	-8.08819	16.7938	1.98578	2.15089	-0.0563795
-1.52876	-7.96838	16.562	1.99803	2.15428	-0.0494328
-1.41982	-8.11647	16.6727	1.98811	2.14984	-0.0519329
-1.36393	-8.12391	16.8456	1.9755	2.15143	-0.0663763
-1.26173	-8.3183	16.6354	1.94881	2.14354	-0.0549349
-1.38696	-8.26276	16.6088	1.95969	2.13832	-0.0464027
-1.43254	-8.36708	16.7798	1.95852	2.1428	-0.0576069
-1.60465	-8.15656	16.3094	1.98398	2.15401	-0.0268905
-1.24332	-8.27845	16.4198	1.95268	2.13732	-0.03741
-1.29163	-8.24321	16.6266	1.96312	2.12728	-0.0472732
-1.28639	-8.23361	16.6605	1.95689	2.1349	-0.0541104
-1.36931	-8.43143	16.6575	1.94333	2.1347	-0.0573195
-1.31949	-8.43601	16.6406	1.94574	2.13627	-0.05579
