-0.0418084	-0.150748	0.709163	-0.000617274	2.78083	0.524433	71	55	43	57	72.1999	29	44	27	53.3923
-0.0418084	-0.150748	0.709163	-0.000617274	2.78083	0.524433	71	55	43	57	72.1999	29	44	27	53.3973
-0.050849	-0.149239	0.709796	-0.06149	2.92435	0.779397	70.1061	55.8939	42.1061	55.2122	72.0227	29	42.2561	27.872	53.4123
-0.050849	-0.149239	0.709796	-0.06149	2.92435	0.779397	70.1061	55.8939	42.1061	55.2122	72.0227	29	42.2561	27.872	53.4173
-0.0507009	-0.154501	0.707122	-0.0793332	3.1453	-0.216122	70.0221	55.9779	41.5706	55.9082	72.0047	29.7906	43.7946	27.9849	53.4223
-0.0507009	-0.154501	0.707122	-0.0793332	3.1453	-0.216122	70.0221	55.9779	41.5706	55.9082	72.0047	29.7906	43.7946	27.9849	53.4273
-0.0458248	-0.146863	0.715789	-0.0434343	2.95742	0.213607	70.4413	57.3131	42.6211	57.4455	72.001	29.9542	43.9686	27.9977	53.4323
-0.0458248	-0.146863	0.715789	-0.0434343	2.95742	0.213607	70.4413	57.3131	42.6211	57.4455	72.001	29.9542	43.9686	27.9977	53.4373
-0.0541071	-0.155645	0.733006	-0.137621	3.17734	0.0954437	68.6483	57.0831	42.1395	55.5492	72.0001	29.9943	43.9916	27.9994	53.4423
-0.0541071	-0.155645	0.733006	-0.137621	3.17734	0.0954437	68.6483	57.0831	42.1395	55.5492	72.0001	29.9943	43.9916	27.9994	53.4473
-0.0454725	-0.144898	0.709934	-0.00719468	2.78482	0.63896	70.4717	55.468	42.8104	57.4601	72	29.9985	43.1257	27.9999	53.4523
-0.0454725	-0.144898	0.709934	-0.00719468	2.78482	0.63896	70.4717	55.468	42.8104	57.4601	72	29.9985	43.1257	27.9999	53.4573
-0.0439433	-0.144601	0.701819	-0.00918058	2.64466	0.61478	69.3242	55.1031	42.9583	57.8813	72	29.9997	43.8659	27.1533	53.4623
-0.0439433	-0.144601	0.701819	-0.00918058	2.64466	0.61478	69.3242	55.1031	42.9583	57.8813	72	29.9997	43.8659	27.1533	53.4673
-0.0527725	-0.152209	0.696932	0.109642	-2.9384	-0.116878	69.9165	57.6421	42.2107	55.6335	71.2204	27.661	43.964	27.0411	53.4723
-0.0527725	-0.152209	0.696932	0.109642	-2.9384	-0.116878	69.9165	57.6421	42.2107	55.6335	71.2204	27.661	43.964	27.0411	53.4773
-0.0517108	-0.149318	0.691069	-0.0223223	3.05834	-0.0981294	70.834	57.0984	41.2662	56.6996	70.589	28.8346	42.6856	27.4418	53.4823
-0.0530952	-0.145118	0.694896	-0.10358	3.42521	0.246816	69.3267	57.8394	43.5899	57.8049	70.9274	28.1474	43.8726	27.4944	53.4973
-0.0530952	-0.145118	0.694896	-0.10358	3.42521	0.246816	69.3267	57.8394	43.5899	57.8049	70.9274	28.1474	43.8726	27.4944	53.5023
-0.0555167	-0.147188	0.687465	0.0945927	-2.8032	-0.146236	68.5999	57.541	43.1256	57.1713	70.9844	27.2471	43.5565	27.4991	53.5073
-0.0555167	-0.147188	0.687465	0.0945927	-2.8032	-0.146236	68.5999	57.541	43.1256	57.1713	70.9844	27.2471	43.5565	27.4991	53.5123
-0.0553336	-0.148129	0.699109	-0.11542	3.40585	0.364387	68.5999	57.541	43.8084	57.0375	70.9981	27.9072	43.0862	27.0773	53.5173
-0.0553336	-0.148129	0.699109	-0.11542	3.40585	0.364387	68.5999	57.541	43.8084	57.0375	70.9981	27.9072	43.0862	27.0773	53.5223
-0.0455732	-0.156148	0.717774	0.0366401	2.78702	0.196224	70.7035	55.3139	43.1777	57.0083	70.2652	28.7097	43.9004	26.7114	53.5273
-0.0455732	-0.156148	0.717774	0.0366401	2.78702	0.196224	70.7035	55.3139	43.1777	57.0083	70.2652	28.7097	43.9004	26.7114	53.5323
-0.0469362	-0.149082	0.713574	0.00379568	2.75537	0.604183	69.6416	55.4781	43.0391	57.0018	71.61	28.9347	43.1559	27.7768	53.5373
-0.0469362	-0.149082	0.713574	0.00379568	2.75537	0.604183	69.6416	55.4781	43.0391	57.0018	71.61	28.9347	43.1559	27.7768	53.5423
-0.0491109	-0.14632	0.708222	0.0971701	-2.93249	-0.548833	70.6398	58.066	43.7887	55.4402	71.9517	28.9919	43.0171	27.9755	53.5473
-0.0491109	-0.14632	0.708222	0.0971701	-2.93249	-0.548833	70.6398	58.066	43.7887	55.4402	71.9517	28.9919	43.0171	27.9755	53.5523
-0.0478035	-0.154055	0.709316	-0.0711177	2.82881	0.799538	69.1795	55.3357	42.5734	54.5535	72.8699	28.1231	43.0012	27.0702	53.5673
-0.0478035	-0.154055	0.709316	-0.0711177	2.82881	0.799538	69.1795	55.3357	42.5734	54.5535	72.8699	28.1231	43.0012	27.0702	53.5723
-0.0503868	-0.152696	0.722174	-0.0330958	2.80198	0.699375	69.1795	55.3357	42.511	55.784	71.6611	28.8969	43.0002	27.8604	53.5773
-0.0503868	-0.152696	0.722174	-0.0330958	2.80198	0.699375	69.1795	55.3357	42.511	55.784	71.6611	28.8969	43.0002	27.8604	53.5823
-0.0454732	-0.149886	0.701044	-0.000122995	2.99642	0.0232547	71.4277	56.9482	42.9391	56.8486	71.5106	28.9932	43	27.5239	53.5973
-0.0454732	-0.149886	0.701044	-0.000122995	2.99642	0.0232547	71.4277	56.9482	42.9391	56.8486	71.5106	28.9932	43	27.5239	53.6023
-0.0439048	-0.145762	0.70375	0.0258676	2.81194	0.536633	71.1103	55.5022	42.9872	57.7576	71.8724	28.9982	43	27.8759	53.6073
-0.0439048	-0.145762	0.70375	0.0258676	2.81194	0.536633	71.1103	55.5022	42.9872	57.7576	71.8724	28.9982	43	27.8759	53.6123
-0.0442843	-0.149921	0.707271	0.0101382	2.82658	0.515436	71.0247	55.1123	42.9984	57.093	71.9714	28.9996	43	27.1104	53.6173
-0.0442843	-0.149921	0.707271	0.0101382	2.82658	0.515436	71.0247	55.1123	42.9984	57.093	71.9714	28.9996	43	27.1104	53.6223
-0.0482888	-0.146242	0.706236	-0.0428595	2.79514	0.696408	70.1267	55.4521	41.7293	56.5907	71.9937	29.7798	43	27.6068	53.6273
-0.0482888	-0.146242	0.706236	-0.0428595	2.79514	0.696408	70.1267	55.4521	41.7293	56.5907	71.9937	29.7798	43	27.6068	53.6323
-0.0473768	-0.148171	0.710321	-0.0212545	3.03533	0.0923868	70.7679	57.3227	42.6589	57.6217	71.2186	29.1715	43.8269	27.9319	53.6373
-0.0473768	-0.148171	0.710321	-0.0212545	3.03533	0.0923868	70.7679	57.3227	42.6589	57.6217	71.2186	29.1715	43.8269	27.9319	53.6423
-0.0446052	-0.142251	0.693263	-0.00647417	2.92202	0.178185	70.9706	58.351	42.9233	57.9149	71.4653	29.0212	43.1291	27.5674	53.6473
-0.0446052	-0.142251	0.693263	-0.00647417	2.92202	0.178185	70.9706	58.351	42.9233	57.9149	71.4653	29.0212	43.1291	27.5674	53.6523
-0.0477801	-0.145082	0.680521	-0.0243877	3.07545	-0.105276	71.4189	57.6304	41.7748	56.7741	71.858	29.0056	42.3031	27.8839	53.6573
-0.0477801	-0.145082	0.680521	-0.0243877	3.07545	-0.105276	71.4189	57.6304	41.7748	56.7741	71.858	29.0056	42.3031	27.8839	53.6623
-0.0455766	-0.157199	0.715067	-0.00174114	3.03183	0.104328	71.1124	55.706	43.2036	56.5471	71.5453	28.1273	43.7849	27.1121	53.6673
-0.0455766	-0.157199	0.715067	-0.00174114	3.03183	0.104328	71.1124	55.706	43.2036	56.5471	71.5453	28.1273	43.7849	27.1121	53.6723
-0.0479398	-0.148128	0.704042	0.0973149	-3.09785	-0.436597	70.141	57.7093	43.0318	56.0854	72.6132	28.768	43.0846	27.0121	53.6773
-0.0479398	-0.148128	0.704042	0.0973149	-3.09785	-0.436597	70.141	57.7093	43.0318	56.0854	72.6132	28.768	43.0846	27.0121	53.6823
-0.0420325	-0.149224	0.67784	0.0471791	-3.17923	0.264208	72.2395	57.1887	42.2772	55.2916	72.9131	28.9478	43.3029	27.8791	53.6873
-0.0420325	-0.149224	0.67784	0.0471791	-3.17923	0.264208	72.2395	57.1887	42.2772	55.2916	72.9131	28.9478	43.3029	27.8791	53.6923
-0.0477279	-0.148121	0.706245	-0.0762279	3.13643	0.216814	70.5034	57.8176	42.8373	56.6155	72.2012	28.9885	43.4657	27.5659	53.6973
-0.0477279	-0.148121	0.706245	-0.0762279	3.13643	0.216814	70.5034	57.8176	42.8373	56.6155	72.2012	28.9885	43.4657	27.5659	53.7023
-0.0507791	-0.148131	0.702971	0.132609	-3.00358	-0.136252	70.111	58.7393	42.1846	55.3562	72.0249	28.9986	43.8555	27.8826	53.7073
-0.0507791	-0.148131	0.702971	0.132609	-3.00358	-0.136252	70.111	58.7393	42.1846	55.3562	72.0249	28.9986	43.8555	27.8826	53.7123
-0.0498554	-0.143184	0.687502	0.130826	-2.90408	-0.249919	70.0244	58.9427	42.8207	56.6386	72.0038	28.5764	43.9817	27.112	53.7173
-0.0498554	-0.143184	0.687502	0.130826	-2.90408	-0.249919	70.0244	58.9427	42.8207	56.6386	72.0038	28.5764	43.9817	27.112	53.7223
-0.0495798	-0.142787	0.703711	-0.125745	3.20726	0.354166	70.0244	58.9427	42.9606	56.9206	72.0006	29.7794	43.5739	27.4405	53.7273
-0.0495798	-0.142787	0.703711	-0.125745	3.20726	0.354166	70.0244	58.9427	42.9606	56.9206	72.0006	29.7794	43.5739	27.4405	53.7323
-0.0469141	-0.160675	0.711123	-0.0210172	3.00213	-0.147714	70.8953	55.4229	42.9913	54.6419	72.0002	29.2092	42.6664	27.0682	53.7373
-0.0469141	-0.160675	0.711123	-0.0210172	3.00213	-0.147714	70.8953	55.4229	42.9913	54.6419	72.0002	29.2092	42.6664	27.0682	53.7423
-0.0457557	-0.150509	0.714612	-0.040478	2.79988	0.475979	69.4357	56.5643	42.9981	56.4815	72	29.0471	43.7932	27.0106	53.7473
-0.0457557	-0.150509	0.714612	-0.040478	2.79988	0.475979	69.4357	56.5643	42.9981	56.4815	72	29.0471	43.7932	27.0106	53.7523
-0.0485175	-0.153792	0.701901	-0.035236	3.11425	-0.13153	70.807	56.0696	42.2195	56.1059	72	29.0041	43.123	27.8465	53.7573
-0.0485175	-0.153792	0.701901	-0.035236	3.11425	-0.13153	70.807	56.0696	42.2195	56.1059	72	29.0041	43.123	27.8465	53.7623
-0.0439534	-0.15106	0.699667	-0.014355	3.09519	-0.113307	71.8172	56.434	42.8283	56.8033	72	29.0012	43.8639	27.9762	53.7673
-0.0439534	-0.15106	0.699667	-0.014355	3.09519	-0.113307	71.8172	56.434	42.8283	56.8033	72	29.0012	43.8639	27.9762	53.7723
-0.049133	-0.144498	0.702219	0.0746626	-3.05916	-0.268041	70.4877	58.3113	42.9623	56.9568	72	29.0003	43.134	27.9963	53.7773
-0.0526258	-0.147306	0.707109	-0.117407	3.18236	0.388254	69	58	42.7585	56.6381	72	29	43.0029	27.1209	53.8023
-0.0526258	-0.147306	0.707109	-0.117407	3.18236	0.388254	69	58	42.7585	56.6381	72	29	43.0029	27.1209	53.8073
-0.0451456	-0.149776	0.707634	-0.00537166	2.83434	0.498798	70.6001	55.5998	42.9458	56.9188	72	29	43.0004	27.0185	53.8123
-0.0451456	-0.149776	0.707634	-0.00537166	2.83434	0.498798	70.6001	55.5998	42.9458	56.9188	72	29	43.0004	27.0185	53.8173
-0.0453042	-0.148945	0.706207	-0.0140523	2.87186	0.396186	70.5122	56.39	42.9881	56.9821	72	29	43.0001	27.0029	53.8223
-0.0453042	-0.148945	0.706207	-0.0140523	2.87186	0.396186	70.5122	56.39	42.9881	56.9821	72	29	43.0001	27.0029	53.8273
-0.0483584	-0.143411	0.698825	0.0597129	-3.09523	-0.321863	70.8704	58.3066	42.9974	56.9961	72	29	42.703	27.8912	53.8323
-0.0483584	-0.143411	0.698825	0.0597129	-3.09523	-0.321863	70.8704	58.3066	42.9974	56.9961	72	29	42.703	27.8912	53.8373
-0.0476145	-0.156494	0.698514	-0.037389	3.05433	-0.171913	70.9836	55.8553	42.1232	55.2466	72	29	42.9486	27.1543	53.8423
-0.0476145	-0.156494	0.698514	-0.037389	3.05433	-0.171913	70.9836	55.8553	42.1232	55.2466	72	29	42.9486	27.1543	53.8473
-0.0461355	-0.148452	0.707694	-0.037097	2.94204	0.346438	70.2617	57.4294	43.289	56.7313	72	29	42.992	27.0241	53.8523
-0.0461355	-0.148452	0.707694	-0.037097	2.94204	0.346438	70.2617	57.4294	43.289	56.7313	72	29	42.992	27.0241	53.8573
-0.0496974	-0.149579	0.693537	-0.0494751	3.11028	-0.0473879	70.4698	56.6176	41.6141	56.9279	72	29	42.9988	27.4262	53.8623
-0.0496974	-0.149579	0.693537	-0.0494751	3.11028	-0.0473879	70.4698	56.6176	41.6141	56.9279	72	29	42.9988	27.4262	53.8673
-0.0497636	-0.156729	0.725303	-0.0738799	2.95272	0.689267	70.1247	55.4295	42.6887	54.6577	72	29	42.9998	27.066	53.8723
-0.0497636	-0.156729	0.725303	-0.0738799	2.95272	0.689267	70.1247	55.4295	42.6887	54.6577	72	29	42.9998	27.066	53.8773
-0.0470401	-0.149038	0.715656	-0.0211141	2.93558	0.480954	70.4783	56.4381	42.9665	56.7478	72	29	43	27.9378	53.8923
-0.0470401	-0.149038	0.715656	-0.0211141	2.93558	0.480954	70.4783	56.4381	42.9665	56.7478	72	29	43	27.9378	53.8973
-0.0518615	-0.148341	0.694139	0.107675	-3.08711	0.0310454	70.1244	58.3337	41.411	55.3659	72	29	43	27.9907	53.9023
-0.0518615	-0.148341	0.694139	0.107675	-3.08711	0.0310454	70.1244	58.3337	41.411	55.3659	72	29	43	27.9907	53.9073
-0.0469649	-0.147316	0.711581	-0.0165439	2.83652	0.604778	70.0072	56.1342	42.8302	56.8254	72	29	43	27.9994	53.9223
-0.0469649	-0.147316	0.711581	-0.0165439	2.83652	0.604778	70.0072	56.1342	42.8302	56.8254	72	29	43	27.9994	53.9273
-0.0418087	-0.148193	0.686012	0.0105888	2.9696	-0.0631911	72.2215	56.7748	42.9645	56.9635	72	29	43	27.1499	53.9323
-0.0418087	-0.148193	0.686012	0.0105888	2.9696	-0.0631911	72.2215	56.7748	42.9645	56.9635	72	29	43	27.1499	53.9373
-0.045625	-0.153111	0.70907	0.0102217	3.01156	-0.0874179	71.2738	55.3978	42.9922	56.992	72	29.7812	43	27.8684	53.9423
-0.045625	-0.153111	0.70907	0.0102217	3.01156	-0.0874179	71.2738	55.3978	42.9922	56.992	72	29.7812	43	27.8684	53.9473
-0.0451123	-0.148933	0.723182	-0.00306653	2.87052	0.533888	70.1577	56.3635	44.3138	56.999	72	29.5347	43	27.9796	53.9523
-0.0451123	-0.148933	0.723182	-0.00306653	2.87052	0.533888	70.1577	56.3635	44.3138	56.999	72	29.5347	43	27.9796	53.9573
-0.0456095	-0.147709	0.721375	-0.0262974	2.74932	0.59301	69.3076	56.0966	43.3491	56.9997	72	29.8764	43.8449	27.9968	53.9623
-0.0456095	-0.147709	0.721375	-0.0262974	2.74932	0.59301	69.3076	56.0966	43.3491	56.9997	72	29.8764	43.8449	27.9968	53.9673
-0.0487829	-0.146231	0.708513	-0.038399	2.75606	0.689997	69.0691	56.0217	42.1708	56.5633	72	29.197	43.131	27.9995	53.9723
-0.0487829	-0.146231	0.708513	-0.038399	2.75606	0.689997	69.0691	56.0217	42.1708	56.5633	72	29.197	43.131	27.9995	53.9773
-0.0495243	-0.151586	0.728866	-0.0503893	2.93684	0.588206	69.0152	56.7845	43.7195	56.0864	72	29.0434	43.0203	27.9999	53.9823
-0.0495243	-0.151586	0.728866	-0.0503893	2.93684	0.588206	69.0152	56.7845	43.7195	56.0864	72	29.0434	43.0203	27.9999	53.9873
-0.0460194	-0.149405	0.721567	-0.0339034	2.88025	0.460534	69.7834	56.9526	43.1931	56.7548	72	29.0095	43.8481	28	53.9923
-0.0460194	-0.149405	0.721567	-0.0339034	2.88025	0.460534	69.7834	56.9526	43.1931	56.7548	72	29.0095	43.8481	28	53.9973
-0.000327563	0.0146847	0.000883835	0.0401491	-2.08683	-2.34677	70.8497	57.4324	43.4611	56.0957	42.3091	27.0439	73.1224	27.176	54.0023
-0.000327563	0.0146847	0.000883835	0.0401491	-2.08683	-2.34677	70.8497	57.4324	43.4611	56.0957	42.3091	27.0439	73.1224	27.176	54.0073
-0.000530282	0.014067	0.000995546	0.0479727	-2.08491	-2.33733	70.2259	57.1149	45.3244	56.0255	43.7376	27.8516	73.7667	28.5152	54.0123
-0.000530282	0.014067	0.000995546	0.0479727	-2.08491	-2.33733	70.2259	57.1149	45.3244	56.0255	43.7376	27.8516	73.7667	28.5152	54.0173
-0.000608992	0.0137887	0.000745242	0.0454242	-2.08558	-2.34336	71.3387	56.5779	42.4209	55.5665	42.2695	27.977	73.7667	28.5152	54.0223
-0.000608992	0.0137887	0.000745242	0.0454242	-2.08558	-2.34336	71.3387	56.5779	42.4209	55.5665	42.2695	27.977	73.7667	28.5152	54.0273
-0.0476594	-0.152828	0.699709	-0.00227769	3.1086	-0.145556	71.0901	55.4197	42.4337	56.9564	72	29	43.0009	28	54.0323
-0.0476594	-0.152828	0.699709	-0.00227769	3.1086	-0.145556	71.0901	55.4197	42.4337	56.9564	72	29	43.0009	28	54.0373
-0.048894	-0.147684	0.711599	-0.047504	3.07747	0.300628	70.2449	57.4202	42.8756	56.9904	72	29	43.0001	28	54.0423
-0.048894	-0.147684	0.711599	-0.047504	3.07747	0.300628	70.2449	57.4202	42.8756	56.9904	72	29	43.0001	28	54.0473
-0.0470382	-0.154562	0.728985	-0.0347941	2.99055	0.714006	70.8335	55.5335	43.8611	55.2459	72	29	43	28	54.0523
-0.0470382	-0.154562	0.728985	-0.0347941	2.99055	0.714006	70.8335	55.5335	43.8611	55.2459	72	29	43	28	54.0573
-0.0509332	-0.149264	0.724596	-0.0807241	2.92987	0.639373	69.4033	56.6775	42.4945	55.7996	72	29.9141	43	28	54.0623
-0.0509332	-0.149264	0.724596	-0.0807241	2.92987	0.639373	69.4033	56.6775	42.4945	55.7996	72	29.9141	43	28	54.0673
-0.045714	-0.143963	0.709991	-0.0181909	2.88241	0.444795	69.8687	57.7091	43.6615	57.5053	72	29.2682	43	28	54.0723
-0.0514281	-0.15883	0.714467	-0.0493038	3.14176	-0.152765	69.9802	55.4087	42.2512	55.3787	72	29.0417	43	28	54.0873
-0.0514281	-0.15883	0.714467	-0.0493038	3.14176	-0.152765	69.9802	55.4087	42.2512	55.3787	72	29.0417	43	28	54.0923
-0.0481278	-0.151392	0.719862	-0.0294032	2.84947	0.711095	69.9802	55.4087	42.8404	55.8676	72	29.0089	43	28	54.0973
-0.0481278	-0.151392	0.719862	-0.0294032	2.84947	0.711095	69.9802	55.4087	42.8404	55.8676	72	29.0089	43	28	54.1023
-0.0471371	-0.143906	0.70234	-0.0628029	3.19585	0.61413	70.8932	57.7285	44.5271	56.7519	72	29.002	42.5764	27.5764	54.1073
-0.0471371	-0.143906	0.70234	-0.0628029	3.19585	0.61413	70.8932	57.7285	44.5271	56.7519	72	29.002	42.5764	27.5764	54.1123
-0.0468809	-0.144177	0.705628	0.0534976	-3.03293	-0.437036	71.0213	58.0213	44.0299	56.9859	72	29.0002	42.9719	27.9719	54.1273
-0.0468809	-0.144177	0.705628	0.0534976	-3.03293	-0.437036	71.0213	58.0213	44.0299	56.9859	72	29.0002	42.9719	27.9719	54.1323
-0.0485769	-0.150256	0.722064	-0.0361243	2.88476	0.605631	69.4224	56.4224	43.2677	56.2563	72	29	42.9958	27.9958	54.1373
-0.0485769	-0.150256	0.722064	-0.0361243	2.88476	0.605631	69.4224	56.4224	43.2677	56.2563	72	29	42.9958	27.9958	54.1423
-0.048468	-0.148774	0.716921	0.080919	-2.94836	-0.597769	70.439	57.439	44.429	55.5436	72	29	42.9997	27.9997	54.1573
-0.048468	-0.148774	0.716921	0.080919	-2.94836	-0.597769	70.439	57.439	44.429	55.5436	72	29	42.9997	27.9997	54.1623
-0.0457448	-0.15542	0.709552	0.0128731	3.10386	-0.19742	71.5941	55.6343	43.3717	55.8813	72	29	43	28.85	54.1673
-0.0457448	-0.15542	0.709552	0.0128731	3.10386	-0.19742	71.5941	55.6343	43.3717	55.8813	72	29	43	28.85	54.1723
-0.0452137	-0.146337	0.719123	0.0147576	-3.0509	-0.520785	71.5119	57.2645	44.6351	56.7493	72	29	43	28.9768	54.1773
-0.0452137	-0.146337	0.719123	0.0147576	-3.0509	-0.520785	71.5119	57.2645	44.6351	56.7493	72	29	43	28.9768	54.1823
-0.0500641	-0.147254	0.71026	0.0727457	-2.98617	-0.734297	70.4021	57.0704	43.6405	55.2165	72	29	42.1551	28.1515	54.1873
-0.0500641	-0.147254	0.71026	0.0727457	-2.98617	-0.734297	70.4021	57.0704	43.6405	55.2165	72	29	42.1551	28.1515	54.1923
-0.0475761	-0.149083	0.714278	0.110959	-2.89886	-0.487816	70.4943	57.9463	44.4433	55.4813	72	29	43.8773	27.5433	54.2073
-0.0475761	-0.149083	0.714278	0.110959	-2.89886	-0.487816	70.4943	57.9463	44.4433	55.4813	72	29	43.8773	27.5433	54.2123
-0.0410329	-0.14636	0.699942	0.0185284	-3.24238	0.135387	72.3486	57.986	43.3762	56.6041	72	29.791	43.968	28.6202	54.2173
-0.0410329	-0.14636	0.699942	0.0185284	-3.24238	0.135387	72.3486	57.986	43.3762	56.6041	72	29.791	43.968	28.6202	54.2223
-0.0385161	-0.141674	0.686687	0.0351076	2.82323	0.100411	72.044	57.1244	43.8602	58.4629	72	29.9543	43.1222	27.2046	54.2273
-0.0385161	-0.141674	0.686687	0.0351076	2.82323	0.100411	72.044	57.1244	43.8602	58.4629	72	29.9543	43.1222	27.2046	54.2323
-0.0460238	-0.145731	0.707702	-0.00409667	2.9099	0.47968	70.7367	56.5957	43.1894	57.3222	72	29.2096	42.5954	27.8781	54.2373
-0.0460238	-0.145731	0.707702	-0.00409667	2.9099	0.47968	70.7367	56.5957	43.1894	57.3222	72	29.2096	42.5954	27.8781	54.2423
-0.0470038	-0.146712	0.712034	-0.0215633	2.91657	0.480558	70.1976	56.8915	43.0416	57.0708	72	29.0461	42.9373	27.9811	54.2473
-0.0470038	-0.146712	0.712034	-0.0215633	2.91657	0.480558	70.1976	56.8915	43.0416	57.0708	72	29.0461	42.9373	27.9811	54.2523
-0.0425844	-0.140928	0.693345	0.0484395	2.82419	0.47623	71.2331	56.3826	43.7893	58.5758	72	29.0101	42.2517	27.9949	54.2573
-0.0425844	-0.140928	0.693345	0.0484395	2.82419	0.47623	71.2331	56.3826	43.7893	58.5758	72	29.0101	42.2517	27.9949	54.2623
-0.0384678	-0.140531	0.687601	0.0617449	2.79861	0.382395	71.7749	56.8188	43.9537	58.9067	72	28.2222	43.3417	27.9994	54.2673
-0.0384678	-0.140531	0.687601	0.0617449	2.79861	0.382395	71.7749	56.8188	43.9537	58.9067	72	28.2222	43.3417	27.9994	54.2723
-0.0448611	-0.144547	0.714984	-0.037196	3.12182	0.52392	71.1766	57.7309	44.8708	57.2355	72	29.6091	43.0524	27.9999	54.2773
-0.0448611	-0.144547	0.714984	-0.037196	3.12182	0.52392	71.1766	57.7309	44.8708	57.2355	72	29.6091	43.0524	27.9999	54.2823
-0.0371294	-0.143698	0.705979	0.0440622	2.81522	0.199523	71.8182	57.1614	44.9802	58.3062	72	29.914	43.7456	28	54.2873
-0.0371294	-0.143698	0.705979	0.0440622	2.81522	0.199523	71.8182	57.1614	44.9802	58.3062	72	29.914	43.7456	28	54.2923
-0.0430695	-0.151594	0.730856	-0.0369606	-3.08005	-0.768154	71.96	55.4754	44.9947	55.8873	72	28.4209	43.0945	29.7464	54.2973
-0.0430695	-0.151594	0.730856	-0.0369606	-3.08005	-0.768154	71.96	55.4754	44.9947	55.8873	72	28.4209	43.0945	29.7464	54.3023
-0.042056	-0.147608	0.713437	0.042621	3.18137	0.198662	71.9912	56.6647	44.9988	58.2993	72	28.0926	43.7591	29.1986	54.3073
-0.042056	-0.147608	0.713437	0.042621	3.18137	0.198662	71.9912	56.6647	44.9988	58.2993	72	28.0926	43.7591	29.1986	54.3123
-0.0426615	-0.153528	0.722047	0.038377	3.11175	-0.155226	71.9981	55.3658	44.22	57.2862	72	29.5809	43.9695	29.4619	54.3173
-0.0426615	-0.153528	0.722047	0.038377	3.11175	-0.155226	71.9981	55.3658	44.22	57.2862	72	29.5809	43.9695	29.4619	54.3223
-0.0417525	-0.150496	0.719784	0.0373635	3.14422	0.150701	71.9998	56.3599	44.8285	57.843	72	28.3476	43.9953	29.0708	54.3273
-0.0417525	-0.150496	0.719784	0.0373635	3.14422	0.150701	71.9998	56.3599	44.8285	57.843	72	28.3476	43.9953	29.0708	54.3323
-0.0336837	-0.149299	0.711989	0.0998918	2.77374	0.347883	72	56.0551	46.5225	57.9655	72	28.0764	43.9995	28.1167	54.3373
-0.0336837	-0.149299	0.711989	0.0998918	2.77374	0.347883	72	56.0551	46.5225	57.9655	72	28.0764	43.9995	28.1167	54.3423
-0.0428005	-0.151164	0.713378	0.0610861	-2.84535	-0.563522	72	57.2761	45.6263	54.928	72	28.0168	43.9998	28.0344	54.3473
-0.0428005	-0.151164	0.713378	0.0610861	-2.84535	-0.563522	72	57.2761	45.6263	54.928	72	28.0168	43.9998	28.0344	54.3523
-0.043209	-0.139859	0.695206	0.0331349	-2.97762	-0.679088	72	57.8057	44.432	56.4497	72.7802	28.7839	42.4827	28.9135	54.3573
-0.043209	-0.139859	0.695206	0.0331349	-2.97762	-0.679088	72	57.8057	44.432	56.4497	72.7802	28.7839	42.4827	28.9135	54.3623
-0.0421477	-0.142593	0.699385	0.0412674	3.21052	0.557896	72.7749	57.1814	45.8014	57.8037	71.6582	28.0969	42.497	28.5712	54.3673
-0.0421477	-0.142593	0.699385	0.0412674	3.21052	0.557896	72.7749	57.1814	45.8014	57.8037	71.6582	28.0969	42.497	28.5712	54.3723
-0.0365692	-0.145704	0.70273	0.0710675	2.92449	0.0620587	72.9504	57.04	45.2132	57.9478	71.9632	29.2002	43.3434	28.5111	54.3773
-0.0392079	-0.149038	0.716057	0.067311	2.86054	0.21246	72.04	55.5648	45.0175	57.9957	71.9964	29.9218	43.0316	28.047	54.4023
-0.0392079	-0.149038	0.716057	0.067311	2.86054	0.21246	72.04	55.5648	45.0175	57.9957	71.9964	29.9218	43.0316	28.047	54.4073
-0.0363753	-0.14254	0.701195	0.125156	2.89107	0.368069	72.7516	56.6286	46.59	58.7923	71.9993	28.4001	42.1195	28.8896	54.4123
-0.0363753	-0.14254	0.701195	0.125156	2.89107	0.368069	72.7516	56.6286	46.59	58.7923	71.9993	28.4001	42.1195	28.8896	54.4173
-0.0423447	-0.146029	0.714198	-0.0432922	-3.0398	-0.2467	72.0948	56.9532	45.3475	58.1731	71.9998	28.0875	43.5016	29.7057	54.4223
-0.0423447	-0.146029	0.714198	-0.0432922	-3.0398	-0.2467	72.0948	56.9532	45.3475	58.1731	71.9998	28.0875	43.5016	29.7057	54.4273
-0.0370014	-0.144227	0.720709	0.08714	3.01666	0.272382	72.7595	56.9876	45.8568	58.8185	72	28.7997	43.937	29.9628	54.4323
-0.0370014	-0.144227	0.720709	0.08714	3.01666	0.272382	72.7595	56.9876	45.8568	58.8185	72	28.7997	43.937	29.9628	54.4373
-0.0373497	-0.142282	0.695755	0.111759	2.96501	0.0834357	73.4063	56.5617	45.1883	58.9601	72	28.956	42.5152	29.2561	54.4423
-0.0373497	-0.142282	0.695755	0.111759	2.96501	0.0834357	73.4063	56.5617	45.1883	58.9601	72	28.956	42.5152	29.2561	54.4473
-0.0395797	-0.150065	0.70851	0.0932228	3.17517	-0.0954268	73.1081	55.4154	45.0414	58.2111	72	28.2102	43.812	29.9058	54.4523
-0.0395797	-0.150065	0.70851	0.0932228	3.17517	-0.0954268	73.1081	55.4154	45.0414	58.2111	72	28.2102	43.812	29.9058	54.4573
-0.0401164	-0.146939	0.706064	-0.0588176	-3.0516	-0.00360808	73.0243	56.6438	45.0091	58.0464	72	28.0462	43.95	29.9749	54.4623
-0.0401164	-0.146939	0.706064	-0.0588176	-3.0516	-0.00360808	73.0243	56.6438	45.0091	58.0464	72	28.0462	43.95	29.9749	54.4673
-0.0364886	-0.147996	0.718797	0.116116	2.91095	0.343491	73.0053	55.3623	45.8775	58.4446	72	28.7903	43.2135	29.2191	54.4723
-0.0364886	-0.147996	0.718797	0.116116	2.91095	0.343491	73.0053	55.3623	45.8775	58.4446	72	28.7903	43.2135	29.2191	54.4773
-0.0349984	-0.149636	0.702159	0.0935557	3.08543	-0.167894	73.7813	55.0796	45.2331	58.1181	72.7802	28.9539	43.9026	29.4652	54.4823
-0.0349984	-0.149636	0.702159	0.0935557	3.08543	-0.167894	73.7813	55.0796	45.2331	58.1181	72.7802	28.9539	43.9026	29.4652	54.4873
-0.0329761	-0.145744	0.702087	0.112558	2.98549	0.102945	73.973	56.3246	45.8276	58.8018	72.1715	28.2097	43.9851	29.0713	54.4923
-0.0329761	-0.145744	0.702087	0.112558	2.98549	0.102945	73.973	56.3246	45.8276	58.8018	72.1715	28.2097	43.9851	29.0713	54.4973
-0.0374678	-0.148412	0.690747	0.0851273	3.11472	-0.306507	73.9928	55.3518	44.2262	57.6611	72.0377	28.8263	43.996	29.7508	54.5023
-0.0304921	-0.132611	0.680811	0.11928	2.7391	0.279154	73.1522	57.5942	45.8277	60.6756	72.0057	28.9739	43.9994	29.1152	54.5173
-0.0304921	-0.132611	0.680811	0.11928	2.7391	0.279154	73.1522	57.5942	45.8277	60.6756	72.0057	28.9739	43.9994	29.1152	54.5223
-0.0333127	-0.138854	0.693739	0.142056	2.76505	0.380153	73.0324	55.5533	45.9546	60.178	72.0012	28.9944	43.1193	29.0138	54.5273
-0.0333127	-0.138854	0.693739	0.142056	2.76505	0.380153	73.0324	55.5533	45.9546	60.178	72.0012	28.9944	43.1193	29.0138	54.5323
-0.0339706	-0.144065	0.702763	0.140509	2.80047	0.431582	73.0071	55.1213	45.9898	59.2644	72.0003	28.2179	43.3103	29.0015	54.5373
-0.0339706	-0.144065	0.702763	0.140509	2.80047	0.431582	73.0071	55.1213	45.9898	59.2644	72.0003	28.2179	43.3103	29.0015	54.5423
-0.0396331	-0.146933	0.708446	0.0707453	3.19086	0.0816582	73.0016	56.5872	45.218	58.2785	72.0001	28.0479	43.7966	29.7055	54.5473
-0.0396331	-0.146933	0.708446	0.0707453	3.19086	0.0816582	73.0016	56.5872	45.218	58.2785	72.0001	28.0479	43.7966	29.7055	54.5523
-0.0407943	-0.144387	0.720084	0.0771007	2.95736	0.554084	72.2202	56.1291	45.0479	58.0612	72	28.7907	43	30	54.5573
-0.0407943	-0.144387	0.720084	0.0771007	2.95736	0.554084	72.2202	56.1291	45.0479	58.0612	72	28.7907	43	30	54.5623
-0.035019	-0.126339	0.676634	0.51336	-0.360686	-1.66767	72.8287	56.8086	69	31	46	63	43.4445	29.5555	54.5673
-0.035019	-0.126339	0.676634	0.51336	-0.360686	-1.66767	72.8287	56.8086	69	31	46	63	43.4445	29.5555	54.5723
-0.0351283	-0.146126	0.713141	0.12001	3.07083	0.0948322	73.7425	56.1778	46	59	72	28.3813	44	30	54.5773
-0.0351283	-0.146126	0.713141	0.12001	3.07083	0.0948322	73.7425	56.1778	46	59	72	28.3813	44	30	54.5823
-0.0479608	-0.138414	0.681744	-0.147219	-0.281875	-1.59833	73.1632	56.8192	69.0009	30.9971	41	59	44	30	54.5873
-0.0479608	-0.138414	0.681744	-0.147219	-0.281875	-1.59833	73.1632	56.8192	69.0009	30.9971	41	59	44	30	54.5923
-0.0353683	-0.144428	0.70834	0.133712	3.00538	0.0890363	73.816	56.1802	46	59	72	28.7985	43.1525	30	54.5973
-0.0353683	-0.144428	0.70834	0.133712	3.00538	0.0890363	73.816	56.1802	46	59	72	28.7985	43.1525	30	54.6023
-0.0338845	-0.149585	0.722568	0.129851	3.06614	0.1608	73.9773	56.0222	46.8004	58.1996	72	28.1752	43.9079	30	54.6073
-0.0364619	-0.13177	0.607288	-0.337426	-0.0654926	-1.59846	74.8188	56.0039	74.2929	26.2929	41.9002	59.9002	42.7589	29.3828	54.6223
-0.0364619	-0.13177	0.607288	-0.337426	-0.0654926	-1.59846	74.8188	56.0039	74.2929	26.2929	41.9002	59.9002	42.7589	29.3828	54.6273
-0.0341373	-0.145245	0.713523	0.126829	3.02537	-0.0758183	74.0387	56.0002	46	59	72	29.5629	43.9669	30.4055	54.6423
-0.0341373	-0.145245	0.713523	0.126829	3.02537	-0.0758183	74.0387	56.0002	46	59	72	29.5629	43.9669	30.4055	54.6473
-0.0321571	-0.141244	0.705646	0.166873	2.89929	0.26695	74.0085	56	46.8	59.8	72	28.6313	43.1501	30.0629	54.6523
-0.0321571	-0.141244	0.705646	0.166873	2.89929	0.26695	74.0085	56	46.8	59.8	72	28.6313	43.1501	30.0629	54.6573
-0.031209	-0.142513	0.711985	0.131661	2.87685	0.511566	74.0011	55.1235	46.1743	59.1743	72.7343	28.902	43.8682	30.0098	54.6623
-0.031209	-0.142513	0.711985	0.131661	2.87685	0.511566	74.0011	55.1235	46.1743	59.1743	72.7343	28.902	43.8682	30.0098	54.6673
-0.0358053	-0.145015	0.710947	0.132854	2.93306	0.206121	73.2661	56.5012	46.0383	59.0383	71.3899	28.2028	43.5571	29.5791	54.6723
-0.0358053	-0.145015	0.710947	0.132854	2.93306	0.206121	73.2661	56.5012	46.0383	59.0383	71.3899	28.2028	43.5571	29.5791	54.6773
-0.0299028	-0.139695	0.699936	0.142071	2.84814	0.346591	73.8351	56.1126	46.7886	59.7886	72.6453	28.8244	43.5089	29.5123	54.6823
-0.0373583	-0.148802	0.715633	0.162412	3.15123	-0.0660901	73.9753	55.167	46.1181	59.1181	71.2465	28.1235	43.9126	30.7352	54.6973
-0.0373583	-0.148802	0.715633	0.162412	3.15123	-0.0660901	73.9753	55.167	46.1181	59.1181	71.2465	28.1235	43.9126	30.7352	54.7023
-0.0394117	-0.140019	0.704939	-0.119654	-2.89657	-0.717357	74.4375	56.3411	46.8122	57.4511	71.0525	28.0263	42.1606	30.9778	54.7073
-0.0394117	-0.140019	0.704939	-0.119654	-2.89657	-0.717357	74.4375	56.3411	46.8122	57.4511	71.0525	28.0263	42.1606	30.9778	54.7123
-0.0392478	-0.137891	0.704851	-0.160717	-3.03332	-0.465871	74.1161	56.8252	46.9588	59.4414	71.0115	28.0058	42.0276	30.9962	54.7173
-0.0392478	-0.137891	0.704851	-0.160717	-3.03332	-0.465871	74.1161	56.8252	46.9588	59.4414	71.0115	28.0058	42.0276	30.9962	54.7223
-0.0321839	-0.140117	0.703064	0.226673	2.94129	0.145387	74.8014	56.1854	47.4332	60.3693	71.0025	28.0013	42.8932	30.9996	54.7273
-0.0321839	-0.140117	0.703064	0.226673	2.94129	0.145387	74.8014	56.1854	47.4332	60.3693	71.0025	28.0013	42.8932	30.9996	54.7322
-0.0332902	-0.141839	0.703054	0.217988	3.00769	0.0528826	74.9786	56.02	47.0536	60.0457	71.0003	28.0001	42.9923	31	54.7473
-0.0332902	-0.141839	0.703054	0.217988	3.00769	0.0528826	74.9786	56.02	47.0536	60.0457	71.0003	28.0001	42.9923	31	54.7523
-0.0364788	-0.140336	0.708876	-0.160604	-2.92758	-0.64106	74.9955	56.0042	47.8007	58.4308	71.0001	28	42.4029	31	54.7573
-0.0364788	-0.140336	0.708876	-0.160604	-2.92758	-0.64106	74.9955	56.0042	47.8007	58.4308	71.0001	28	42.4029	31	54.7623
-0.0343483	-0.149948	0.711458	0.214751	3.0419	-0.124722	75	55	47.0385	58.364	71	28	42.991	31	54.7773
-0.0343483	-0.149948	0.711458	0.214751	3.0419	-0.124722	75	55	47.0385	58.364	71	28	42.991	31	54.7823
-0.0323376	-0.143615	0.705844	0.209349	3.00527	-0.188978	75	55	47.0085	59.6404	71.7802	29.5604	42.9984	31.4131	54.7873
-0.0323376	-0.143615	0.705844	0.209349	3.00527	-0.188978	75	55	47.0085	59.6404	71.7802	29.5604	42.9984	31.4131	54.7923
-0.0343167	-0.147405	0.713033	-0.188852	-3.21016	0.130539	75	56.5643	47.0019	57.5805	71.1715	28.3431	42.9998	31.4864	54.7973
-0.0343167	-0.147405	0.713033	-0.188852	-3.21016	0.130539	75	56.5643	47.0019	57.5805	71.1715	28.3431	42.9998	31.4864	54.8023
-0.0322214	-0.147229	0.690713	-0.249067	-3.25484	0.299718	75.8766	55.193	47.0004	57.9078	71.0377	28.0754	42.406	31.0531	54.8073
-0.0322214	-0.147229	0.690713	-0.249067	-3.25484	0.299718	75.8766	55.193	47.0004	57.9078	71.0377	28.0754	42.406	31.0531	54.8123
-0.0322613	-0.144193	0.689593	0.248004	3.07999	-0.100502	75.9847	55.0239	47	59.775	71.0041	27.1156	42.9204	31.0071	54.8273
-0.0322613	-0.144193	0.689593	0.248004	3.07999	-0.100502	75.9847	55.0239	47	59.775	71.0041	27.1156	42.9204	31.0071	54.8323
-0.0336368	-0.145473	0.71794	-0.236411	-3.16429	-0.0825017	75.2073	55.7946	47.791	59.162	71.0008	27.8152	42.9832	31.7901	54.8373
-0.0336368	-0.145473	0.71794	-0.236411	-3.16429	-0.0825017	75.2073	55.7946	47.791	59.162	71.0008	27.8152	42.9832	31.7901	54.8423
-0.0327947	-0.145143	0.72112	0.251892	3.02587	0.0292467	75.0454	55.1739	47.9543	59.8167	71.0001	28.4159	42.9986	31.9821	54.8473
-0.0327947	-0.145143	0.72112	0.251892	3.02587	0.0292467	75.0454	55.1739	47.9543	59.8167	71.0001	28.4159	42.9986	31.9821	54.8523
-0.0321113	-0.140024	0.703856	-0.21333	-3.12624	0.0485917	75.7902	56.5987	47.2097	59.9597	71	28.1105	43.828	31.9969	54.8573
-0.0321113	-0.140024	0.703856	-0.21333	-3.12624	0.0485917	75.7902	56.5987	47.2097	59.9597	71	28.1105	43.828	31.9969	54.8623
-0.031017	-0.136505	0.678727	-0.255919	-3.11696	0.113128	76.734	56.1316	47.0461	60.7713	71	27.2496	43.0909	31.9997	54.8673
-0.031017	-0.136505	0.678727	-0.255919	-3.11696	0.113128	76.734	56.1316	47.0461	60.7713	71	27.2496	43.0909	31.9997	54.8723
-0.0317913	-0.136689	0.687792	0.279397	3.08886	0.0915342	76.1613	56.0289	47.7903	60.9497	71	27.055	42.1888	31.9999	54.8773
-0.0317913	-0.136689	0.687792	0.279397	3.08886	0.0915342	76.1613	56.0289	47.7903	60.9497	71	27.055	42.1888	31.9999	54.8823
-0.0302692	-0.139781	0.69824	0.283304	3.0304	-0.00601587	76.0355	55.2262	47.9539	60.9889	71	27.7922	42.8733	32	54.8873
-0.0302692	-0.139781	0.69824	0.283304	3.0304	-0.00601587	76.0355	55.2262	47.9539	60.9889	71	27.7922	42.8733	32	54.8923
-0.0265164	-0.132467	0.683988	0.326616	2.76212	0.374257	75.2276	55.0497	49.3091	62.3134	71	27.1741	42.1355	32	54.8973
-0.0265164	-0.132467	0.683988	0.326616	2.76212	0.374257	75.2276	55.0497	49.3091	62.3134	71	27.1741	42.1355	32	54.9023
-0.033304	-0.142697	0.692052	0.302094	3.08716	-0.0631019	75.8302	54.2308	47.6135	60.6147	71	27.0383	42.021	32	54.9073
-0.033304	-0.142697	0.692052	0.302094	3.08716	-0.0631019	75.8302	54.2308	47.6135	60.6147	71	27.0383	42.021	32	54.9123
-0.0324932	-0.143966	0.694407	0.294263	3.14035	-0.119859	75.9627	54.0507	47.6135	60.6147	71	27.0084	42.8933	32	54.9173
-0.0324932	-0.143966	0.694407	0.294263	3.14035	-0.119859	75.9627	54.0507	47.6135	60.6147	71	27.0084	42.8933	32	54.9223
-0.0267946	-0.139192	0.714825	0.314321	2.96044	0.229329	75.9918	55.5714	49.7397	60.958	71	27.782	42.9685	32.7049	54.9273
-0.0267946	-0.139192	0.714825	0.314321	2.96044	0.229329	75.9918	55.5714	49.7397	60.958	71	27.782	42.9685	32.7049	54.9323
-0.0245001	-0.139881	0.707116	0.334113	2.94372	0.0462738	76.7783	55.1256	49.9455	60.9912	71	27.9521	42.9972	32.6701	54.9373
-0.0245001	-0.139881	0.707116	0.334113	2.94372	0.0462738	76.7783	55.1256	49.9455	60.9912	71	27.9521	42.9972	32.6701	54.9423
-0.0261198	-0.142544	0.722496	0.343612	2.94385	0.193966	76.171	54.2473	49.9881	60.9981	71	27.9895	42.9995	32.9433	54.9473
-0.0261198	-0.142544	0.722496	0.343612	2.94385	0.193966	76.171	54.2473	49.9881	60.9981	71	27.9895	42.9995	32.9433	54.9523
-0.0289954	-0.143206	0.699163	0.333318	3.12123	-0.147862	76.8179	54.0543	48.6835	60.5614	71	27.2174	42.9999	32.9847	54.9573
-0.0289954	-0.143206	0.699163	0.333318	3.12123	-0.147862	76.8179	54.0543	48.6835	60.5614	71	27.2174	42.9999	32.9847	54.9623
-0.0267947	-0.145057	0.708025	0.339692	3.0392	-0.161716	76.96	54.0119	49.375	60.086	71	27.828	43	32.9981	54.9673
-0.0316437	-0.133897	0.667835	0.292493	3.15529	-0.331561	76.994	54.8512	46.604	61.6575	71	27.9741	43	32.9997	54.9823
-0.0316437	-0.133897	0.667835	0.292493	3.15529	-0.331561	76.994	54.8512	46.604	61.6575	71	27.9741	43	32.9997	54.9873
-0.0250187	-0.142999	0.712469	0.344583	3.02891	-0.0752654	76.9994	54.0892	49.6406	61.0696	71	27.9973	43.6414	33	55.0023
-0.0250187	-0.142999	0.712469	0.344583	3.02891	-0.0752654	76.9994	54.0892	49.6406	61.0696	71	27.9973	43.6414	33	55.0073
-0.024371	-0.145041	0.718804	0.373142	2.97614	-0.0514331	76.9999	54.0186	50.716	60.2234	71	27.9994	42.6932	33.4154	55.0123
-0.024371	-0.145041	0.718804	0.373142	2.97614	-0.0514331	76.9999	54.0186	50.716	60.2234	71	27.9994	42.6932	33.4154	55.0173
-0.0255282	-0.143582	0.714851	0.370657	3.04661	0.0622403	77	54.0041	50.1566	60.8301	71	27.2186	42.9663	33.3423	55.0223
-0.026942	-0.139453	0.714373	-0.353685	-3.08536	-0.201396	77	54.9194	50.0235	60.9746	71	27.0327	42.9964	33.9297	55.0373
-0.0264511	-0.128229	0.680461	-0.32887	-2.8343	-0.826013	77.9045	54.9923	50.8576	60.1421	71	27.0048	41.3506	33.9877	55.0523
-0.0217547	-0.132113	0.694613	-0.405249	-3.07224	-0.584631	77.1579	54.9987	50.9793	61.7302	71.8548	25.2911	42.9105	34.9451	55.0673
-0.0217547	-0.132113	0.694613	-0.405249	-3.07224	-0.584631	77.1579	54.9987	50.9793	61.7302	71.8548	25.2911	42.9105	34.9451	55.0723
-0.0235985	-0.133851	0.706954	0.399641	2.94263	0.502522	77.034	54.215	50.9956	61.9427	71.1816	27.4245	42.1548	34.1607	55.0773
-0.0235985	-0.133851	0.706954	0.399641	2.94263	0.502522	77.034	54.215	50.9956	61.9427	71.1816	27.4245	42.1548	34.1607	55.0823
-0.0227149	-0.137279	0.707192	0.420532	3.01569	-0.0260646	77.7881	54.0472	50.999	61.9874	71.0223	27.9292	42.6105	34.6111	55.0873
-0.0227149	-0.137279	0.707192	0.420532	3.01569	-0.0260646	77.7881	54.0472	50.999	61.9874	71.0223	27.9292	42.6105	34.6111	55.0923
-0.0196352	-0.142421	0.719447	0.49525	2.89176	0.0166174	77.9534	53.2303	53.3402	61.2171	70.1567	27.5658	42.1058	34.9326	55.0973
-0.0196352	-0.142421	0.719447	0.49525	2.89176	0.0166174	77.9534	53.2303	53.3402	61.2171	70.1567	27.5658	42.1058	34.9326	55.1023
-0.023563	-0.141759	0.715618	0.47345	3.05084	-0.0408305	77.9898	53.0506	51.5142	61.828	70.042	27.1517	42.9018	34.9926	55.1073
-0.023563	-0.141759	0.715618	0.47345	3.05084	-0.0408305	77.9898	53.0506	51.5142	61.828	70.042	27.1517	42.9018	34.9926	55.1123
-0.0243263	-0.140837	0.706756	0.465607	3.13914	-0.0605392	77.9977	53.0111	51.113	61.9622	70.4419	26.5826	42.983	34.9987	55.1173
-0.0243263	-0.140837	0.706756	0.465607	3.13914	-0.0605392	77.9977	53.0111	51.113	61.9622	70.4419	26.5826	42.983	34.9987	55.1223
-0.0219026	-0.143296	0.699727	-0.512228	-3.18707	0.233546	78.8762	53.0014	51.805	60.4314	70.1176	26.889	42.108	34.9999	55.1273
-0.0219026	-0.143296	0.699727	-0.512228	-3.18707	0.233546	78.8762	53.0014	51.805	60.4314	70.1176	26.889	42.108	34.9999	55.1323
-0.022835	-0.138827	0.722485	0.481523	3.10475	0.695913	78.2328	53.0004	52.7373	60.875	70.0264	26.975	42.4321	35	55.1373
-0.022835	-0.138827	0.722485	0.481523	3.10475	0.695913	78.2328	53.0004	52.7373	60.875	70.0264	26.975	42.4321	35	55.1423
-0.0234307	-0.139429	0.730762	-0.460033	-2.96835	-0.690426	78.0523	53.0001	52.0911	60.5463	70.0058	26.9945	42.9113	35.8437	55.1473
-0.0234307	-0.139429	0.730762	-0.460033	-2.96835	-0.690426	78.0523	53.0001	52.0911	60.5463	70.0058	26.9945	42.9113	35.8437	55.1523
-0.0202792	-0.137582	0.705819	0.517603	3.00532	-0.00757673	78.7912	53	52.4374	62.6241	70.0013	26.9988	42.5638	35.5533	55.1573
0.00465424	0.0139366	0.00081341	0.334973	1.92755	2.14554	78.9687	53.8499	53.7215	62.1112	42.8548	35.0109	71.1999	24.8001	55.1723
0.00465424	0.0139366	0.00081341	0.334973	1.92755	2.14554	78.9687	53.8499	53.7215	62.1112	42.8548	35.0109	71.1999	24.8001	55.1773
-0.015591	-0.138911	0.740277	0.49568	2.96203	0.339456	78.0592	53.9908	53.9829	62.0068	70.4843	27.4842	43.9727	35.9752	55.2023
-0.015591	-0.138911	0.740277	0.49568	2.96203	0.339456	78.0592	53.9908	53.9829	62.0068	70.4843	27.4842	43.9727	35.9752	55.2073
-0.015687	-0.136022	0.721964	0.527607	2.84483	0.327815	78.0121	53.203	53.998	62.8866	70.1248	27.1248	43.2512	35.9936	55.2123
-0.015687	-0.136022	0.721964	0.527607	2.84483	0.327815	78.0121	53.203	53.998	62.8866	70.1248	27.1248	43.2512	35.9936	55.2173
-0.0140364	-0.133603	0.713337	0.524042	2.87112	0.440141	78.4725	53.0115	53.9998	62.986	70.9047	27.0136	43.0145	35.9996	55.2323
-0.0140364	-0.133603	0.713337	0.524042	2.87112	0.440141	78.4725	53.0115	53.9998	62.986	70.9047	27.0136	43.0145	35.9996	55.2373
-0.0134536	-0.129827	0.69684	0.567804	3.00053	0.0409427	80.3429	53.743	54	63.7866	70.1892	27.0028	43.0022	36.8505	55.2423
-0.0134536	-0.129827	0.69684	0.567804	3.00053	0.0409427	80.3429	53.743	54	63.7866	70.1892	27.0028	43.0022	36.8505	55.2473
-0.0152159	-0.131693	0.709617	-0.574975	-3.11618	-0.152374	80.0374	53.972	54	63.0842	70.0202	27.0003	43.0001	36.9901	55.2623
-0.0152159	-0.131693	0.709617	-0.574975	-3.11618	-0.152374	80.0374	53.972	54	63.0842	70.0202	27.0003	43.0001	36.9901	55.2673
-0.0160599	-0.132132	0.72101	-0.497809	-2.90527	-0.440537	80.0078	53.9941	54	62.2267	70.0042	27.0001	43.85	36.9985	55.2723
-0.0160599	-0.132132	0.72101	-0.497809	-2.90527	-0.440537	80.0078	53.9941	54	62.2267	70.0042	27.0001	43.85	36.9985	55.2773
-0.0165921	-0.128214	0.711055	-0.524233	-2.93393	-0.500299	80.0017	53.9987	54	62.8308	70.0009	27	43.0925	37.2969	55.2823
-0.0165921	-0.128214	0.711055	-0.524233	-2.93393	-0.500299	80.0017	53.9987	54	62.8308	70.0009	27	43.0925	37.2969	55.2873
-0.0168327	-0.12482	0.699966	0.591126	3.05488	0.744037	80.0002	53.1233	54	62.9628	70.0002	27	42.1339	37.9138	55.2923
-0.0168327	-0.12482	0.699966	0.591126	3.05488	0.744037	80.0002	53.1233	54	62.9628	70.0002	27	42.1339	37.9138	55.2973
-0.013126	-0.131391	0.715677	0.625279	2.97075	0.316394	80.0001	52.2983	54.7803	63.7721	70	27	42.8935	37.9894	55.3023
-0.013126	-0.131391	0.715677	0.625279	2.97075	0.316394	80.0001	52.2983	54.7803	63.7721	70	27	42.8935	37.9894	55.3073
-0.0118572	-0.133616	0.706982	0.614997	2.91805	0.104028	80	52.0326	54.9764	63.9755	70	27	42.9948	37.0486	55.3223
-0.0118572	-0.133616	0.706982	0.614997	2.91805	0.104028	80	52.0326	54.9764	63.9755	70	27	42.9948	37.0486	55.3273
-0.0108439	-0.130694	0.715767	-0.580213	-3.00904	-0.0837781	80.7909	53.5885	54.9951	63.9949	70	27	44.6596	37.8385	55.3323
-0.0108439	-0.130694	0.715767	-0.580213	-3.00904	-0.0837781	80.7909	53.5885	54.9951	63.9949	70	27	44.6596	37.8385	55.3373
-0.00727603	-0.130871	0.713026	0.622768	2.93711	-0.0332232	80.9776	53.063	55.8924	63.9995	70	27.8929	44.03	37.9926	55.3523
-0.00727603	-0.130871	0.713026	0.622768	2.93711	-0.0332232	80.9776	53.063	55.8924	63.9995	70	27.8929	44.03	37.9926	55.3573
-0.00979892	-0.130087	0.715051	-0.587248	-2.86712	-0.13656	80.9977	53.0065	55.9889	63.9999	70	26.1956	44.9532	38.9514	55.3723
-0.00979892	-0.130087	0.715051	-0.587248	-2.86712	-0.13656	80.9977	53.0065	55.9889	63.9999	70	26.1956	44.9532	38.9514	55.3773
-0.00533594	-0.127474	0.709229	-0.714388	-3.1182	-0.108064	81.7909	53.0014	56.7891	64.7914	69.5582	26.9063	44.2766	38.9859	55.3823
-0.00533594	-0.127474	0.709229	-0.714388	-3.1182	-0.108064	81.7909	53.0014	56.7891	64.7914	69.5582	26.9063	44.2766	38.9859	55.3873
-0.00653323	-0.126202	0.706883	-0.648361	-2.92122	-0.373438	81.9743	53.0002	56.9539	64.173	69.8829	26.2402	44.0355	38.9982	55.3923
-0.00653323	-0.126202	0.706883	-0.648361	-2.92122	-0.373438	81.9743	53.0002	56.9539	64.173	69.8829	26.2402	44.0355	38.9982	55.3973
-0.00706707	-0.128704	0.723678	-0.68516	-2.98906	-0.559408	81.1492	52.1531	56.556	63.583	69.9737	26.8294	44.0038	39.5946	55.4023
-0.00706707	-0.128704	0.723678	-0.68516	-2.98906	-0.559408	81.1492	52.1531	56.556	63.583	69.9737	26.8294	44.0038	39.5946	55.4073
-0.00472067	-0.132617	0.710341	0.716887	3.14394	0.0146535	81.7719	51.3091	56.8822	64.6239	70.4349	26.1026	44.8782	39.0727	55.4123
-0.00472067	-0.132617	0.710341	0.716887	3.14394	0.0146535	81.7719	51.3091	56.8822	64.6239	70.4349	26.1026	44.8782	39.0727	55.4173
-0.00270834	-0.136723	0.720746	0.72238	2.98404	0.00666065	81.9487	51.0696	57.7488	63.3649	70.1156	26.7615	44.1527	39.0126	55.4223
-0.00270834	-0.136723	0.720746	0.72238	2.98404	0.00666065	81.9487	51.0696	57.7488	63.3649	70.1156	26.7615	44.1527	39.0126	55.4273
-0.00659713	-0.133991	0.715377	0.750256	3.04442	-0.121289	81.9887	51.0153	57.1651	63.86	69.2508	26.9464	44.0239	39.8456	55.4323
-0.00659713	-0.133991	0.715377	0.750256	3.04442	-0.121289	81.9887	51.0153	57.1651	63.86	69.2508	26.9464	44.0239	39.8456	55.4373
-0.00710696	-0.125745	0.697241	0.770015	3.0509	-0.0876971	81.9986	51.0019	57.0363	66.3094	69.0553	26.9882	44.0026	39.9832	55.4423
-0.00710696	-0.125745	0.697241	0.770015	3.0509	-0.0876971	81.9986	51.0019	57.0363	66.3094	69.0553	26.9882	44.0026	39.9832	55.4473
-0.00438504	-0.127184	0.713743	0.749244	2.91463	0.160822	81.5764	51.847	57.788	65.288	69.0122	26.9974	44.0003	39.9979	55.4523
-0.00438504	-0.127184	0.713743	0.749244	2.91463	0.160822	81.5764	51.847	57.788	65.288	69.0122	26.9974	44.0003	39.9979	55.4573
-0.00495458	-0.131577	0.708788	-0.824268	-3.11852	0.127732	82.6181	51.2272	57.9534	64.2831	68.125	26.9997	44.0001	39.9994	55.4623
-0.00495458	-0.131577	0.708788	-0.824268	-3.11852	0.127732	82.6181	51.2272	57.9534	64.2831	68.125	26.9997	44.0001	39.9994	55.4673
-0.00390226	-0.124173	0.703008	-0.700936	-2.77601	-0.542721	82.9581	51.9153	58.8872	64.0305	68.8914	26.1241	44	40	55.4823
-0.00390226	-0.124173	0.703008	-0.700936	-2.77601	-0.542721	82.9581	51.9153	58.8872	64.0305	68.8914	26.1241	44	40	55.4873
-0.00102514	-0.129456	0.708236	0.78009	2.89619	-0.288723	82.9912	51.1915	58.8872	64.0305	68.9771	28.3944	44	40.8951	55.4923
-0.00102514	-0.129456	0.708236	0.78009	2.89619	-0.288723	82.9912	51.1915	58.8872	64.0305	68.9771	28.3944	44	40.8951	55.4973
0.00222269	-0.124542	0.699466	0.82571	2.86695	0.141373	82.9981	51.0419	59.885	65.7965	68.995	26.524	44	40.9819	55.5023
0.00222269	-0.124542	0.699466	0.82571	2.86695	0.141373	82.9981	51.0419	59.885	65.7965	68.995	26.524	44	40.9819	55.5073
-0.00297177	-0.121214	0.702092	0.835675	3.06652	0.739386	82.9996	51.0092	59.1847	64.3749	68.9989	26.8954	43.1562	40.9972	55.5123
-0.00297177	-0.121214	0.702092	0.835675	3.06652	0.739386	82.9996	51.0092	59.1847	64.3749	68.9989	26.8954	43.1562	40.9972	55.5173
0.00519725	-0.127926	0.706837	0.84428	2.85949	0.316469	82.9999	50.1246	60.7771	64.9232	69.7799	26.1969	43.908	40.9997	55.5223
0.00519725	-0.127926	0.706837	0.84428	2.85949	0.316469	82.9999	50.1246	60.7771	64.9232	69.7799	26.1969	43.908	40.9997	55.5273
0.00357451	-0.129483	0.693348	0.830018	2.87291	-0.125859	83.7343	50.0331	60.2064	64.9796	69.1715	26.8234	43.9887	40.415	55.5323
0.00357451	-0.129483	0.693348	0.830018	2.87291	-0.125859	83.7343	50.0331	60.2064	64.9796	69.1715	26.8234	43.9887	40.415	55.5373
0.00430072	-0.123106	0.691001	0.850208	2.8118	0.185394	83.1649	50.7828	60.8996	65.8709	69.0377	26.1809	43.5849	41.3115	55.5423
0.00430072	-0.123106	0.691001	0.850208	2.8118	0.185394	83.1649	50.7828	60.8996	65.8709	69.0377	26.1809	43.5849	41.3115	55.5473
0.004046	-0.124947	0.689248	0.887292	2.8498	0.0496187	83.8967	50.0968	60.9733	65.9657	68.2279	26.0397	43.9352	41.4706	55.5523
0.004046	-0.124947	0.689248	0.887292	2.8498	0.0496187	83.8967	50.0968	60.9733	65.9657	68.2279	26.0397	43.9352	41.4706	55.5573
0.0067172	-0.124272	0.691101	0.876124	2.75393	0.197378	83.1374	50.0148	61.7693	65.9923	68.8303	26.0087	43.9899	41.4954	55.5623
0.0067172	-0.124272	0.691101	0.876124	2.75393	0.197378	83.1374	50.0148	61.7693	65.9923	68.8303	26.0087	43.9899	41.4954	55.5673
0.00510248	-0.126359	0.704437	0.898573	2.91097	0.250411	83.7687	50.004	61.1694	65.2185	68.9627	26.0019	43.9984	41.9218	55.5723
0.00510248	-0.126359	0.704437	0.898573	2.91097	0.250411	83.7687	50.004	61.1694	65.2185	68.9627	26.0019	43.9984	41.9218	55.5773
0.00581353	-0.124033	0.699546	0.917095	2.97285	0.174812	84.4074	50.0005	61.0372	65.8283	68.9918	26.0004	44.4223	42.4104	55.5823
0.00581353	-0.124033	0.699546	0.917095	2.97285	0.174812	84.4074	50.0005	61.0372	65.8283	68.9918	26.0004	44.4223	42.4104	55.5873
0.00604339	-0.127662	0.712253	0.908477	2.99146	0.218421	84.1084	50.0001	61.0082	65.1822	68.9982	26.0001	44.9104	42.0637	55.5923
0.00604339	-0.127662	0.712253	0.908477	2.99146	0.218421	84.1084	50.0001	61.0082	65.1822	68.9982	26.0001	44.9104	42.0637	55.5973
0.00737813	-0.132441	0.728332	0.91797	2.90121	0.403843	83.2491	49.2248	61.7819	64.2599	68.9996	26	44.9861	42.0099	55.6023
0.00737813	-0.132441	0.728332	0.91797	2.90121	0.403843	83.2491	49.2248	61.7819	64.2599	68.9996	26	44.9861	42.0099	55.6073
0.00347588	-0.127544	0.717998	-0.91412	-2.93157	-0.35498	83.8345	49.8291	61.172	64.8372	68.2199	26	44.5754	42.424	55.6123
0.00130265	-0.120895	0.694326	0.931578	3.03404	0.647889	83.9751	49.9743	61.0259	64.9755	68.4772	26	43.1549	42.0417	55.6273
0.00130265	-0.120895	0.694326	0.931578	3.03404	0.647889	83.9751	49.9743	61.0259	64.9755	68.4772	26	43.1549	42.0417	55.6323
0.00448262	-0.127794	0.697798	-0.974627	-3.02251	0.14142	84.7817	49.2076	61.4435	64.9971	68.072	26.4246	44.2078	42.8979	55.6373
0.00448262	-0.127794	0.697798	-0.974627	-3.02251	0.14142	84.7817	49.2076	61.4435	64.9971	68.072	26.4246	44.2078	42.8979	55.6423
0.00575688	-0.121612	0.711996	-0.965015	-2.9242	-0.389299	84.0837	49.9151	61.9312	65.8761	68.009	26.0529	44.8941	43.8526	55.6573
0.00575688	-0.121612	0.711996	-0.965015	-2.9242	-0.389299	84.0837	49.9151	61.9312	65.8761	68.009	26.0529	44.8941	43.8526	55.6623
0.00816016	-0.124695	0.698345	-0.914812	-2.7207	-0.558459	84.8084	49.1913	63.5644	64.3951	68.0019	24.4325	44.9776	43.1803	55.6673
0.00816016	-0.124695	0.698345	-0.914812	-2.7207	-0.558459	84.8084	49.1913	63.5644	64.3951	68.0019	24.4325	44.9776	43.1803	55.6723
0.00984097	-0.121843	0.705308	-0.92854	-2.67625	-0.711205	85	49	63.9902	64.0088	68	25.9649	44.9995	43.9817	55.6973
0.00984097	-0.121843	0.705308	-0.92854	-2.67625	-0.711205	85	49	63.9902	64.0088	68	25.9649	44.9995	43.9817	55.7023
0.0135429	-0.127988	0.716272	1.04113	2.88983	0.192767	85	48.1999	63.9979	65.5645	68	25.9923	45.7812	43.996	55.7073
0.0135429	-0.127988	0.716272	1.04113	2.88983	0.192767	85	48.1999	63.9979	65.5645	68	25.9923	45.7812	43.996	55.7123
0.0123225	-0.127638	0.710786	1.0389	2.79307	0.271099	84.2178	47.2614	63.9995	65.9043	68	25.9983	45.1717	43.9991	55.7173
0.0123225	-0.127638	0.710786	1.0389	2.79307	0.271099	84.2178	47.2614	63.9995	65.9043	68	25.9983	45.1717	43.9991	55.7223
0.0125361	-0.124403	0.703653	1.02194	2.83177	0.19634	84.8282	48.6181	63.9999	65.979	68	25.9998	45.0377	43.9998	55.7273
0.0125361	-0.124403	0.703653	1.02194	2.83177	0.19634	84.8282	48.6181	63.9999	65.979	68	25.9998	45.0377	43.9998	55.7323
0.015185	-0.126468	0.681382	1.02768	2.72521	0.263831	84.9622	47.3556	64.7802	65.9954	68	24.3063	45.0083	43.2198	55.7373
0.015185	-0.126468	0.681382	1.02768	2.72521	0.263831	84.9622	47.3556	64.7802	65.9954	68	24.3063	45.0083	43.2198	55.7423
0.0116539	-0.125448	0.696767	1.07247	2.7372	0.250981	84.2116	47.0782	64.9517	65.999	67.2685	25.5453	44.3913	44.5424	55.7473
0.0116539	-0.125448	0.696767	1.07247	2.7372	0.250981	84.2116	47.0782	64.9517	65.999	67.2685	25.5453	44.3913	44.5424	55.7523
0.0144802	-0.134121	0.712877	1.09744	2.74323	0.115878	84.8267	47.0172	65.7695	64.4395	66.2855	25.1227	45.7236	44.0932	55.7573
0.0144802	-0.134121	0.712877	1.09744	2.74323	0.115878	84.8267	47.0172	65.7695	64.4395	66.2855	25.1227	45.7236	44.0932	55.7623
0.0128724	-0.131092	0.718541	1.1148	2.84431	-0.168436	84.9619	46.2235	65.1691	65.6571	66.8426	27.3663	45.9254	44.7552	55.7673
0.0128724	-0.131092	0.718541	1.1148	2.84431	-0.168436	84.9619	46.2235	65.1691	65.6571	66.8426	27.3663	45.9254	44.7552	55.7723
0.015802	-0.129373	0.705916	1.13916	2.84735	-0.0668633	85.7718	46.0491	65.8173	65.9246	66.9654	26.3005	45.9832	44.9449	55.7773
0.015802	-0.129373	0.705916	1.13916	2.84735	-0.0668633	85.7718	46.0491	65.8173	65.9246	66.9654	26.3005	45.9832	44.9449	55.7823
0.0184552	-0.128581	0.713411	1.13311	2.8479	0.0610553	85.9498	46.7909	65.9598	65.9834	66.9924	26.0661	46.7759	44.9879	55.7873
0.0184552	-0.128581	0.713411	1.13311	2.8479	0.0610553	85.9498	46.7909	65.9598	65.9834	66.9924	26.0661	46.7759	44.9879	55.7923
0.0177267	-0.125874	0.715651	1.16684	2.90083	0.177481	85.989	46.9541	65.9912	65.9964	66.9983	26.0145	46.5341	45.875	55.7973
0.0177267	-0.125874	0.715651	1.16684	2.90083	0.177481	85.989	46.9541	65.9912	65.9964	66.9983	26.0145	46.5341	45.875	55.8023
0.0165908	-0.126968	0.710192	1.17965	2.90058	0.0708071	85.9976	46.2098	65.9981	65.9992	66.9996	26.0032	46.1419	45.9668	55.8073
0.0165908	-0.126968	0.710192	1.17965	2.90058	0.0708071	85.9976	46.2098	65.9981	65.9992	66.9996	26.0032	46.1419	45.9668	55.8123
0.0217534	-0.118609	0.683809	1.18904	2.73827	0.141081	86.5	46	67.7317	67.5602	67	26.0002	46.007	46.778	55.8273
0.0217534	-0.118609	0.683809	1.18904	2.73827	0.141081	86.5	46	67.7317	67.5602	67	26.0002	46.007	46.778	55.8323
0.0201059	-0.122982	0.712055	1.22879	2.84546	0.672102	86.0161	45.5629	67	65	67.3493	26.2329	46.0002	46.9927	55.8473
0.0201059	-0.122982	0.712055	1.22879	2.84546	0.672102	86.0161	45.5629	67	65	67.3493	26.2329	46.0002	46.9927	55.8523
0.0187466	-0.122729	0.710537	1.24493	2.89887	0.797508	86.0025	45.933	67	64.2555	67.0308	26.0205	46.0001	46.9984	55.8573
0.0187466	-0.122729	0.710537	1.24493	2.89887	0.797508	86.0025	45.933	67	64.2555	67.0308	26.0205	46.0001	46.9984	55.8623
0.0237646	-0.129049	0.726942	1.31241	2.92179	0.837919	86.0007	45.2504	69	63	67.009	26.006	46.8762	46.9998	55.8673
0.0237646	-0.129049	0.726942	1.31241	2.92179	0.837919	86.0007	45.2504	69	63	67.009	26.006	46.8762	46.9998	55.8723
0.0245836	-0.131311	0.733022	1.32241	2.8781	0.830081	86.0002	44.2815	69	63	67.0012	26.4365	46.9671	46.9999	55.8773
0.0245836	-0.131311	0.733022	1.32241	2.8781	0.830081	86.0002	44.2815	69	63	67.0012	26.4365	46.9671	46.9999	55.8823
0.0284245	-0.120619	0.708294	0.553415	0.660778	-2.26995	86.1174	45.943	69.9154	26.7703	68	63	46.9989	47.8491	55.9023
0.0284245	-0.120619	0.708294	0.553415	0.660778	-2.26995	86.1174	45.943	69.9154	26.7703	68	63	46.9989	47.8491	55.9073
0.0244568	-0.120859	0.713058	1.32628	2.93757	0.760984	86.812	45.9879	69	64.3999	66.7954	26.2084	46.9999	47.982	55.9123
0.0244568	-0.120859	0.713058	1.32628	2.93757	0.760984	86.812	45.9879	69	64.3999	66.7954	26.2084	46.9999	47.982	55.9173
0.0292558	-0.117512	0.697245	0.539652	0.726204	-2.25801	86.9588	45.9973	69.9872	26.9653	68	63	47	47.9952	55.9223
0.0292558	-0.117512	0.697245	0.539652	0.726204	-2.25801	86.9588	45.9973	69.9872	26.9653	68	63	47	47.9952	55.9273
0.0233011	-0.1203	0.706293	1.3645	2.98798	0.632355	86.991	45.9994	69.5	65	66.0215	25.5674	47	47.9994	55.9323
0.0233011	-0.1203	0.706293	1.3645	2.98798	0.632355	86.991	45.9994	69.5	65	66.0215	25.5674	47	47.9994	55.9373
0.026098	-0.128567	0.710644	1.31581	2.76175	0.119433	86.998	44.4392	69.8724	65	66.0057	25.8852	47	47.9998	55.9423
0.026098	-0.128567	0.710644	1.31581	2.76175	0.119433	86.998	44.4392	69.8724	65	66.0057	25.8852	47	47.9998	55.9473
0.0340298	-0.12305	0.710273	0.541313	0.640948	-2.35775	87	44	68.9979	26.5386	70	63	48	49	55.9823
0.0340298	-0.12305	0.710273	0.541313	0.640948	-2.35775	87	44	68.9979	26.5386	70	63	48	49	55.9873
0.0304093	-0.128009	0.726978	1.44474	2.75095	0.785268	86.2646	43.2646	71.5	63	66	26.0395	48	49.915	55.9923
0.0304093	-0.128009	0.726978	1.44474	2.75095	0.785268	86.2646	43.2646	71.5	63	66	26.0395	48	49.915	55.9973
0.0302589	-0.123519	0.721875	1.37142	2.65813	0.390458	86.0594	43.8348	71.0732	65.5608	66	26.7888	48	49.9751	56.0023
0.0302589	-0.123519	0.721875	1.37142	2.65813	0.390458	86.0594	43.8348	71.0732	65.5608	66	26.7888	48	49.9751	56.0073
0.0324407	-0.122048	0.697092	1.49153	2.89656	0.908073	88.6826	43.0901	71.8843	63.3197	66	26.085	48	49.1079	56.0223
0.0324407	-0.122048	0.697092	1.49153	2.89656	0.908073	88.6826	43.0901	71.8843	63.3197	66	26.085	48	49.1079	56.0273
0.0307558	-0.12751	0.708928	1.38023	2.73072	-0.0462524	87.3518	43.0188	71.5437	65.6919	66	26.8087	48	49.0226	56.0323
0.0307558	-0.12751	0.708928	1.38023	2.73072	-0.0462524	87.3518	43.0188	71.5437	65.6919	66	26.8087	48	49.0226	56.0373
0.0328801	-0.126219	0.721388	1.41348	2.72035	0.448116	87.077	43.0041	71.1442	65.1835	66	26.177	48.7811	49.7861	56.0423
0.0328801	-0.126219	0.721388	1.41348	2.72035	0.448116	87.077	43.0041	71.1442	65.1835	66	26.177	48.7811	49.7861	56.0473
0.0325088	-0.125845	0.72043	1.4255	2.69693	0.166652	87.0169	43.0009	71.8917	65.8967	65.2198	26.8191	48.9519	49.953	56.0523
0.0325088	-0.125845	0.72043	1.4255	2.69693	0.166652	87.0169	43.0009	71.8917	65.8967	65.2198	26.8191	48.9519	49.953	56.0573
0.0472175	-0.112292	0.648551	0.511687	-0.14384	-2.51592	87.8785	43.0001	68.9716	25.363	76	68	48.9894	49.9897	56.0623
0.0472175	-0.112292	0.648551	0.511687	-0.14384	-2.51592	87.8785	43.0001	68.9716	25.363	76	68	48.9894	49.9897	56.0673
0.0368894	-0.120271	0.696189	1.41683	2.5847	0.292618	87.2334	43	73.5	66	65.9623	26.2111	48.5604	50.8753	56.0723
0.0368894	-0.120271	0.696189	1.41683	2.5847	0.292618	87.2334	43	73.5	66	65.9623	26.2111	48.5604	50.8753	56.0773
0.0388164	-0.11886	0.67955	1.35364	2.53608	0.131595	87.8277	43.7753	73.8723	66.7446	65.9917	26.0464	48.9327	49.7107	56.0823
0.0388164	-0.11886	0.67955	1.35364	2.53608	0.131595	87.8277	43.7753	73.8723	66.7446	65.9917	26.0464	48.9327	49.7107	56.0873
0.0118904	0.00779437	0.000848205	0.891741	1.59257	1.69097	87.962	42.3914	73.1951	64.614	46.9996	51.7363	66.4204	23.6221	56.0923
0.0118904	0.00779437	0.000848205	0.891741	1.59257	1.69097	87.962	42.3914	73.1951	64.614	46.9996	51.7363	66.4204	23.6221	56.0973
0.0328121	-0.132735	0.723696	1.47108	2.77923	-0.130967	87.9916	42.0861	72.2632	64.1352	65.2195	26.9539	49	50	56.1023
0.0328121	-0.132735	0.723696	1.47108	2.77923	-0.130967	87.9916	42.0861	72.2632	64.1352	65.2195	26.9539	49	50	56.1073
0.0362095	-0.131802	0.726432	1.44093	2.72597	-0.0439388	87.9982	42.799	72.8379	64.0297	65.8283	26.9899	49	50	56.1123
0.0362095	-0.131802	0.726432	1.44093	2.72597	-0.0439388	87.9982	42.799	72.8379	64.0297	65.8283	26.9899	49	50	56.1173
0.035322	-0.124145	0.730136	-1.38223	-2.54922	-0.615967	87.9998	42.9752	72.1842	64.0065	65.1821	26.9978	49.7822	50.7822	56.1223
0.035322	-0.124145	0.730136	-1.38223	-2.54922	-0.615967	87.9998	42.9752	72.1842	64.0065	65.1821	26.9978	49.7822	50.7822	56.1273
0.0127178	0.00719667	0.000133993	1.45553	-0.784542	-0.841421	77.0632	66.0679	90	41	65.8202	26.9995	49.9522	50.9522	56.1323
0.0127178	0.00719667	0.000133993	1.45553	-0.784542	-0.841421	77.0632	66.0679	90	41	65.8202	26.9995	49.9522	50.9522	56.1373
0.0408176	-0.118504	0.68884	1.41229	2.50349	0.325475	87.2246	42.2232	74	67	65.9605	26.2197	49.9895	50.9895	56.1423
0.0408176	-0.118504	0.68884	1.41229	2.50349	0.325475	87.2246	42.2232	74	67	65.9605	26.2197	49.9895	50.9895	56.1473
0.0398397	-0.120168	0.707469	1.50359	2.61917	0.314198	87.8291	42.0492	74	66.1999	65.2112	26.8284	49.9991	51.9132	56.1523
0.0398397	-0.120168	0.707469	1.50359	2.61917	0.314198	87.8291	42.0492	74	66.1999	65.2112	26.8284	49.9991	51.9132	56.1573
0.0416896	-0.12034	0.713186	1.57356	2.74184	0.714703	88.7425	42.0108	74	64.2689	65.8266	26.9623	49.9997	51.9746	56.1623
0.0416896	-0.12034	0.713186	1.57356	2.74184	0.714703	88.7425	42.0108	74	64.2689	65.8266	26.9623	49.9997	51.9746	56.1673
0.0384181	-0.12373	0.715656	1.49915	2.6215	0.251022	87.3833	42.0024	74	65.5401	65.1818	26.9917	49.5643	51.561	56.1723
0.0384181	-0.12373	0.715656	1.49915	2.6215	0.251022	87.3833	42.0024	74	65.5401	65.1818	26.9917	49.5643	51.561	56.1773
0.0463247	-0.127123	0.720133	1.4944	2.4975	0.206433	87.0843	42.0005	76.3258	64.3461	65.8201	26.9982	50.6179	51.8832	56.1823
0.0463247	-0.127123	0.720133	1.4944	2.4975	0.206433	87.0843	42.0005	76.3258	64.3461	65.8201	26.9982	50.6179	51.8832	56.1873
0.0469832	-0.119118	0.701899	1.47996	2.50026	0.357732	87.7986	41.2201	75	67	65.9604	26.9996	51.6892	51.9737	56.1923
0.0469832	-0.119118	0.701899	1.47996	2.50026	0.357732	87.7986	41.2201	75	67	65.9604	26.9996	51.6892	51.9737	56.1973
0.0432201	-0.124377	0.706265	1.49484	2.60117	0.146216	87.9557	41.0484	75	66.1998	65.9913	26.9999	50.209	51.1205	56.2023
0.0432201	-0.124377	0.706265	1.49484	2.60117	0.146216	87.9557	41.0484	75	66.1998	65.9913	26.9999	50.209	51.1205	56.2073
0.0443835	-0.126046	0.710842	1.53072	2.70266	0.0275562	88.8711	41.006	75	66.0435	65.9981	27	50.7899	51.032	56.2123
0.0293327	-0.104656	0.643272	-0.549272	0.602723	-2.45662	88.9771	42.6463	63.4829	25.3328	75	69	50.9678	51.0049	56.2273
0.0293327	-0.104656	0.643272	-0.549272	0.602723	-2.45662	88.9771	42.6463	63.4829	25.3328	75	69	50.9678	51.0049	56.2323
0.0487809	-0.129878	0.718854	1.49721	2.57076	0.193097	88.2107	41.3551	76	64.5	66.4403	26.5596	50.9931	51.001	56.2373
0.0487809	-0.129878	0.718854	1.49721	2.57076	0.193097	88.2107	41.3551	76	64.5	66.4403	26.5596	50.9931	51.001	56.2423
0.0455202	-0.129577	0.701295	1.47748	2.59669	-0.0876899	88.8268	41.0779	76	64.8723	66.1168	26.8832	50.2177	50.2194	56.2473
0.0455202	-0.129577	0.701295	1.47748	2.59669	-0.0876899	88.8268	41.0779	76	64.8723	66.1168	26.8832	50.2177	50.2194	56.2523
0.0469057	-0.123371	0.716883	1.59786	2.66515	0.305578	88.9786	41.0096	75.563	65.421	65.251	26.9737	51.5	52.5	56.2573
0.0469057	-0.123371	0.716883	1.59786	2.66515	0.305578	88.9786	41.0096	75.563	65.421	65.251	26.9737	51.5	52.5	56.2623
0.0346737	-0.119705	0.654686	1.53363	2.63645	-0.39857	88.9987	40.0602	76	65	65.9637	26.9987	47	53	56.2773
0.0514596	-0.124379	0.707647	1.56372	2.5971	0.233163	89.1304	40.1311	76.4484	66	66.2605	26.8695	51.9465	52.0107	56.3173
0.0514596	-0.124379	0.707647	1.56372	2.5971	0.233163	89.1304	40.1311	76.4484	66	66.2605	26.8695	51.9465	52.0107	56.3223
0.0532186	-0.131279	0.714047	1.56969	2.56561	0.027894	89.1003	39.9065	77.7554	64.438	66.0121	26.9939	52	51.5	56.3373
0.0532186	-0.131279	0.714047	1.56969	2.56561	0.027894	89.1003	39.9065	77.7554	64.438	66.0121	26.9939	52	51.5	56.3423
0.0134463	0.00580915	0.000314847	0.944678	1.55769	1.63608	89.761	39.2408	77.5315	64.4923	48.2866	52.3093	64.7821	27.7809	56.3473
0.0134463	0.00580915	0.000314847	0.944678	1.55769	1.63608	89.761	39.2408	77.5315	64.4923	48.2866	52.3093	64.7821	27.7809	56.3523
0.0549734	-0.121883	0.715726	1.6453	2.56677	0.554143	89.1711	40.6045	77.5048	64.0755	66.0006	26.9997	52.5	54	56.3573
0.0549734	-0.121883	0.715726	1.6453	2.56677	0.554143	89.1711	40.6045	77.5048	64.0755	66.0006	26.9997	52.5	54	56.3623
0.0564529	-0.12076	0.703348	1.71595	2.63028	0.746399	90.5969	39.3536	77.5007	63.5892	66.0001	26.9999	52.8723	54	56.3673
0.0564529	-0.12076	0.703348	1.71595	2.63028	0.746399	90.5969	39.3536	77.5007	63.5892	66.0001	26.9999	52.8723	54	56.3723
0.0587818	-0.128594	0.716675	1.70892	2.67578	0.223748	90.9113	39.0778	78.5972	63.8896	66	27	52.9839	53.1259	56.3773
0.0587818	-0.128594	0.716675	1.70892	2.67578	0.223748	90.9113	39.0778	78.5972	63.8896	66	27	52.9839	53.1259	56.3823
0.0137809	0.00566552	0.000437556	1.00158	1.5041	1.57424	89.4203	39.0171	78.0757	63.986	49.0168	54.013	63.0081	26.0081	56.3873
0.0137809	0.00566552	0.000437556	1.00158	1.5041	1.57424	89.4203	39.0171	78.0757	63.986	49.0168	54.013	63.0081	26.0081	56.3923
0.0132477	0.00548324	0.000598656	1.02844	1.48401	1.54601	89.0924	39.0038	78.7541	63.2624	50.6923	54.8469	63.8478	25.1547	56.3973
0.0132477	0.00548324	0.000598656	1.02844	1.48401	1.54601	89.0924	39.0038	78.7541	63.2624	50.6923	54.8469	63.8478	25.1547	56.4023
0.0586105	-0.133064	0.729473	1.6518	2.52744	0.226049	89.0053	39.4718	78.9731	63.0287	65.8792	27	53.0177	53.0008	56.4173
0.0610553	-0.137076	0.728337	1.7286	2.59385	0.0529054	90.4812	38.3828	79.7851	62.2153	65.1839	27	53.7946	53.0002	56.4223
0.0610553	-0.137076	0.728337	1.7286	2.59385	0.0529054	90.4812	38.3828	79.7851	62.2153	65.1839	27	53.7946	53.0002	56.4273
0.0610553	-0.137076	0.728337	1.7286	2.59385	0.0529054	90.4812	38.3828	79.7851	62.2153	65.1839	27	53.7946	53.0002	56.4323
0.0625605	-0.132326	0.722978	1.67938	2.54996	0.0544182	90.1078	38.8617	79.953	63.6095	65.8998	27.4386	53.9551	53	56.4373
0.0625605	-0.132326	0.722978	1.67938	2.54996	0.0544182	90.1078	38.8617	79.953	63.6095	65.8998	27.4386	53.9551	53	56.4423
0.0622853	-0.130114	0.725143	1.74423	2.57318	0.483322	90.0238	38.1899	79.2095	63.134	65.9734	27.1166	53.9901	53.7802	56.4473
0.0622853	-0.130114	0.725143	1.74423	2.57318	0.483322	90.0238	38.1899	79.2095	63.134	65.9734	27.1166	53.9901	53.7802	56.4523
0.0142081	0.00539146	0.000314243	1.01184	1.49907	1.5651	90.0029	38.0235	79.8262	63.8096	49.2648	53.2725	63.2472	26.6483	56.4573
0.0605481	-0.133312	0.708428	1.67035	2.54117	-0.244774	90.0005	38.0041	80.8242	63.1213	66.5146	27.9803	53	53	56.4723
0.0122132	0.00440733	0.000476884	1.03092	1.50052	1.54618	90.0001	38.0005	80.5386	63.0145	53.5256	55.6891	67.721	27.3707	56.4773
0.0122132	0.00440733	0.000476884	1.03092	1.50052	1.54618	90.0001	38.0005	80.5386	63.0145	53.5256	55.6891	67.721	27.3707	56.4923
0.0659877	-0.133183	0.712582	1.75815	2.45726	0.118847	90	37.0909	81.8673	63.0013	65.0891	27.1428	55	54	56.5073
0.0659877	-0.133183	0.712582	1.75815	2.45726	0.118847	90	37.0909	81.8673	63.0013	65.0891	27.1428	55	54	56.5123
0.0659108	-0.133027	0.709735	1.75643	2.44735	0.121565	90	37.0189	81.9724	63.0003	65.0184	27.0295	55	54	56.5173
0.0659108	-0.133027	0.709735	1.75643	2.44735	0.121565	90	37.0189	81.9724	63.0003	65.0184	27.0295	55	54	56.5223
0.0652241	-0.130263	0.713473	1.79528	2.47631	0.34162	90	37.0041	81.2126	63.0001	65.004	27.0065	55	54.7822	56.5273
0.0652241	-0.130263	0.713473	1.79528	2.47631	0.34162	90	37.0041	81.2126	63.0001	65.004	27.0065	55	54.7822	56.5323
0.0130218	0.00422156	0.000505338	1.01029	1.51398	1.57113	90	37.0009	81.0467	62.2198	51.4186	54.3319	66.9787	27.5602	56.5373
0.0671836	-0.124346	0.709769	1.84178	2.41136	0.753465	90	37.8503	81.007	61.1827	65.0001	27.0002	56	57	56.5523
0.0671836	-0.124346	0.709769	1.84178	2.41136	0.753465	90	37.8503	81.007	61.1827	65.0001	27.0002	56	57	56.5573
0.0731564	-0.137373	0.732909	1.85066	2.41257	0.481587	90	37.1811	82.5756	60.2519	65	26.5596	56.8001	55.3999	56.5623
0.0731564	-0.137373	0.732909	1.85066	2.41257	0.481587	90	37.1811	82.5756	60.2519	65	26.5596	56.8001	55.3999	56.5673
0.071798	-0.133966	0.718914	1.83131	2.45271	0.269542	90.7808	37.0397	82.907	61.6169	65	26.9326	56.0978	55.0489	56.5723
0.071798	-0.133966	0.718914	1.83131	2.45271	0.269542	90.7808	37.0397	82.907	61.6169	65	26.9326	56.0978	55.0489	56.5773
0.0131946	0.00401878	0.00066927	1.05299	1.48108	1.52198	90.0838	37.0043	82.99	62.8515	52.2154	56.5398	67.4692	26.795	56.5923
0.0131946	0.00401878	0.00066927	1.05299	1.48108	1.52198	90.0838	37.0043	82.99	62.8515	52.2154	56.5398	67.4692	26.795	56.5973
0.0137367	0.00379576	0.000556631	1.10906	1.41672	1.45463	90.0175	37.0009	82.207	61.387	53.9426	56.9852	63	26	56.6023
0.0727299	-0.140409	0.714034	1.73102	2.28964	0.0823876	89.0815	36.0802	83.8564	61.9509	64.9901	27.0601	57	53	56.6273
0.0727299	-0.140409	0.714034	1.73102	2.28964	0.0823876	89.0815	36.0802	83.8564	61.9509	64.9901	27.0601	57	53	56.6323
0.0743603	-0.13624	0.717678	1.83595	2.34291	0.265638	89.8102	36.0166	83.9703	61.1965	64.9979	27.0124	57	55.4002	56.6373
0.0743603	-0.13624	0.717678	1.83595	2.34291	0.265638	89.8102	36.0166	83.9703	61.1965	64.9979	27.0124	57	55.4002	56.6423
0.0744994	-0.134088	0.70752	1.86374	2.33639	0.295684	89.9585	35.2221	84.435	61.4628	64.9995	27.0027	57	55.8693	56.6473
0.0744994	-0.134088	0.70752	1.86374	2.33639	0.295684	89.9585	35.2221	84.435	61.4628	64.9995	27.0027	57	55.8693	56.6523
0.0758225	-0.132919	0.714656	1.86966	2.39753	0.321759	90.9106	36.5427	84.1156	61.1229	64.9999	27.0006	57	55.9713	56.6573
0.0758225	-0.132919	0.714656	1.86966	2.39753	0.321759	90.9106	36.5427	84.1156	61.1229	64.9999	27.0006	57	55.9713	56.6623
0.0761629	-0.13487	0.718582	1.83946	2.2972	0.364507	89.5603	36.1591	84.026	61.0276	65	27.0001	57.7802	55.9937	56.6673
0.0761629	-0.13487	0.718582	1.83946	2.2972	0.364507	89.5603	36.1591	84.026	61.0276	65	27.0001	57.7802	55.9937	56.6723
0.0772582	-0.13445	0.726586	1.86813	2.33893	0.333066	89.8998	36.0363	84.0032	61.4415	65	27.7343	57.9517	55.9986	56.6773
0.0772582	-0.13445	0.726586	1.86813	2.33893	0.333066	89.8998	36.0363	84.0032	61.4415	65	27.7343	57.9517	55.9986	56.6823
0.0798693	-0.141044	0.744128	1.91219	2.35572	0.259697	89.9779	36.008	84.7351	59.6488	65	27.9403	57.9894	55.9997	56.6873
0.0798693	-0.141044	0.744128	1.91219	2.35572	0.259697	89.9779	36.008	84.7351	59.6488	65	27.9403	57.9894	55.9997	56.6923
0.0770603	-0.139282	0.742521	1.92455	2.40092	0.326309	89.9951	36.0018	84.165	59.9211	65	27.9869	57.2173	55.9999	56.6973
0.0770603	-0.139282	0.742521	1.92455	2.40092	0.326309	89.9951	36.0018	84.165	59.9211	65	27.9869	57.2173	55.9999	56.7023
0.0784192	-0.139055	0.757524	1.94356	2.43742	0.160014	89.9989	36.0004	84.0363	60.7626	65	29.3133	57.8281	56	56.7073
0.0784192	-0.139055	0.757524	1.94356	2.43742	0.160014	89.9989	36.0004	84.0363	60.7626	65	29.3133	57.8281	56	56.7123
0.0803831	-0.138278	0.719986	1.86659	2.313	0.0674799	90	35.1078	86	61	65.5136	28.0628	57.9696	55.4751	56.7373
0.0803831	-0.138278	0.719986	1.86659	2.313	0.0674799	90	35.1078	86	61	65.5136	28.0628	57.9696	55.4751	56.7423
0.0819969	-0.132975	0.727244	1.97467	2.39753	0.325458	90.7909	34.2316	85	62	65.502	28.8599	58.7313	56.6024	56.7473
0.0819969	-0.132975	0.727244	1.97467	2.39753	0.325458	90.7909	34.2316	85	62	65.502	28.8599	58.7313	56.6024	56.7523
0.0858615	-0.135799	0.727066	1.95843	2.42278	0.23009	91.8514	34.9056	85.8	61.2	65.8665	28.2306	58.9397	56.1351	56.7573
0.0858615	-0.135799	0.727066	1.95843	2.42278	0.23009	91.8514	34.9056	85.8	61.2	65.8665	28.2306	58.9397	56.1351	56.7623
0.0838376	-0.135063	0.719378	1.91652	2.29811	0.510981	90.4918	34.9749	85.1743	60.2614	65.97	27.2769	58.9867	56.8094	56.7673
0.0838376	-0.135063	0.719378	1.91652	2.29811	0.510981	90.4918	34.9749	85.1743	60.2614	65.97	27.2769	58.9867	56.8094	56.7723
0.0853603	-0.134381	0.717109	1.90241	2.29861	0.430979	90.8858	35.7696	85.8186	60.0574	65.9934	27.061	58.9971	56.9581	56.7773
0.0853603	-0.134381	0.717109	1.90241	2.29861	0.430979	90.8858	35.7696	85.8186	60.0574	65.9934	27.061	58.9971	56.9581	56.7823
0.0883977	-0.138753	0.738005	1.93261	2.36069	0.458987	90.9748	35.1696	85.5393	60.0071	66.8756	27.884	58.9994	56.2107	56.7873
0.0883977	-0.138753	0.738005	1.93261	2.36069	0.458987	90.9748	35.1696	85.5393	60.0071	66.8756	27.884	58.9994	56.2107	56.7923
0.0854721	-0.133282	0.711612	1.907	2.30351	0.432338	90.9945	35.0373	85.8778	60.7366	66.2323	27.2346	58.9999	56.8267	56.7973
0.0854721	-0.133282	0.711612	1.907	2.30351	0.432338	90.9945	35.0373	85.8778	60.7366	66.2323	27.2346	58.9999	56.8267	56.8023
0.0874525	-0.140224	0.718494	1.88888	2.29944	0.296935	90.9993	34.1281	86	61	66.0522	27.0527	59.8765	55.2255	56.8073
0.0874525	-0.140224	0.718494	1.88888	2.29944	0.296935	90.9993	34.1281	86	61	66.0522	27.0527	59.8765	55.2255	56.8123
0.0883052	-0.140227	0.724037	1.89978	2.29198	0.348913	90.9998	34.7682	86	60.2	66.0115	27.0116	59.9672	55.7941	56.8173
0.0883052	-0.140227	0.724037	1.89978	2.29198	0.348913	90.9998	34.7682	86	60.2	66.0115	27.0116	59.9672	55.7941	56.8223
0.089935	-0.141206	0.739747	1.97238	2.36785	0.352549	91.4381	34.5555	86	60	66.0006	27.9522	59.9984	55.9898	56.8373
0.089935	-0.141206	0.739747	1.97238	2.36785	0.352549	91.4381	34.5555	86	60	66.0006	27.9522	59.9984	55.9898	56.8423
0.0881061	-0.145188	0.736472	1.89166	2.23219	0.190379	89.3734	34.0851	86.8001	60	66.0001	27.9895	59.9996	55.2176	56.8473
0.0881061	-0.145188	0.736472	1.89166	2.23219	0.190379	89.3734	34.0851	86.8001	60	66.0001	27.9895	59.9996	55.2176	56.8523
0.0893329	-0.139485	0.727297	1.95537	2.27667	0.309978	90.5638	34.0228	86.9565	60	66	27.9977	59.9999	56.6084	56.8573
0.0893329	-0.139485	0.727297	1.95537	2.27667	0.309978	90.5638	34.0228	86.9565	60	66	27.9977	59.9999	56.6084	56.8623
0.0931	-0.137169	0.725585	2.00482	2.31758	0.424433	91.9091	34.0014	86.9973	60	66	27.9999	60.9376	56.9756	56.8873
0.0931	-0.137169	0.725585	2.00482	2.31758	0.424433	91.9091	34.0014	86.9973	60	66	27.9999	60.9376	56.9756	56.8923
0.0937222	-0.144396	0.742636	1.98503	2.29688	0.325535	91.1039	34.0002	86.9994	59.2051	66	28	60.9872	56.2001	56.8973
0.0937222	-0.144396	0.742636	1.98503	2.29688	0.325535	91.1039	34.0002	86.9994	59.2051	66	28	60.9872	56.2001	56.9023
0.0953851	-0.147741	0.74554	1.96162	2.31718	0.263303	91.0128	33.1235	86.9999	59.915	66.8931	28	60.9986	55.1283	56.9173
0.0926261	-0.143893	0.728412	1.94741	2.22877	0.238524	90.2133	33.026	87.7909	59.9822	66.1867	28	60.9997	55.8178	56.9223
0.0926261	-0.143893	0.728412	1.94741	2.22877	0.238524	90.2133	33.026	87.7909	59.9822	66.1867	28	60.9997	55.8178	56.9273
0.0926261	-0.143893	0.728412	1.94741	2.22877	0.238524	90.2133	33.026	87.7909	59.9822	66.1867	28	60.9997	55.8178	56.9323
0.0905217	-0.139683	0.716947	1.96881	2.18954	0.513946	90.2	33.2	87	59	66.009	27.2198	61	57.3098	56.9473
0.0905217	-0.139683	0.716947	1.96881	2.18954	0.513946	90.2	33.2	87	59	66.009	27.2198	61	57.3098	56.9523
0.0911805	-0.14364	0.731757	1.9543	2.21935	0.182486	90.3333	34	87.7821	59.1743	65.2204	28.1339	61	56.2812	56.9673
0.0911805	-0.14364	0.731757	1.9543	2.21935	0.182486	90.3333	34	87.7821	59.1743	65.2204	28.1339	61	56.2812	56.9723
0.093056	-0.138571	0.724573	1.99374	2.22758	0.363632	90.8091	34	87.9522	59.0383	65.8287	28.0294	61	57.6135	56.9773
0.093056	-0.138571	0.724573	1.99374	2.22758	0.363632	90.8091	34	87.9522	59.0383	65.8287	28.0294	61	57.6135	56.9823
0.0980779	-0.14061	0.74174	2.01873	2.22264	0.377237	90.9567	34	87.9895	59.0084	65.9623	28.7866	62.3142	57.514	56.9873
0.0980779	-0.14061	0.74174	2.01873	2.22264	0.377237	90.9567	34	87.9895	59.0084	65.9623	28.7866	62.3142	57.514	56.9923
0.0986466	-0.141842	0.743186	2.09307	2.31594	0.40812	91.91	33.0862	87.9977	59.0019	65.9917	28.9531	62.0835	57.1366	56.9973
0.0986466	-0.141842	0.743186	2.09307	2.31594	0.40812	91.91	33.0862	87.9977	59.0019	65.9917	28.9531	62.0835	57.1366	57.0023
0.0940598	-0.146015	0.731715	2.08231	2.24537	0.574893	91.2669	32.3186	87.2194	57.4401	65.218	27.4294	62.0188	57.0307	57.0073
0.0940598	-0.146015	0.731715	2.08231	2.24537	0.574893	91.2669	32.3186	87.2194	57.4401	65.218	27.4294	62.0188	57.0307	57.0123
0.0976676	-0.142816	0.753956	2.07705	2.2822	0.627817	91.0608	32.8448	86.5888	58.8074	66.6083	29.435	62.0041	57.0068	57.0173
0.0976676	-0.142816	0.753956	2.07705	2.2822	0.627817	91.0608	32.8448	86.5888	58.8074	66.6083	29.435	62.0041	57.0068	57.0223
0.0855332	-0.145795	0.739856	-0.369752	-0.376965	3.13176	90.1316	32.9807	62.1194	27.9938	86.6003	56.5996	62.0009	57.7815	57.0273
0.0855332	-0.145795	0.739856	-0.369752	-0.376965	3.13176	90.1316	32.9807	62.1194	27.9938	86.6003	56.5996	62.0009	57.7815	57.0323
0.0970632	-0.14406	0.741717	2.08987	2.27	0.404446	91	32	88	59	66.0065	29.0046	62	57	57.0473
0.0961864	-0.138471	0.730454	2.1419	2.24834	0.583384	91.1326	31.2989	88	59	65.9604	29.7809	62	57.9529	57.0823
0.0961864	-0.138471	0.730454	2.1419	2.24834	0.583384	91.1326	31.2989	88	59	65.9604	29.7809	62	57.9529	57.0873
0.0961722	-0.138523	0.717958	2.11025	2.24056	0.642988	91.8094	31.8459	88	58.2178	65.9913	28.3914	62	57.9942	57.0923
0.0961722	-0.138523	0.717958	2.11025	2.24056	0.642988	91.8094	31.8459	88	58.2178	65.9913	28.3914	62	57.9942	57.0973
0.0962545	-0.140165	0.725277	2.06566	2.21275	0.565346	91.1779	32.7463	88	58.0479	65.9981	28.0861	62	57.9985	57.1023
0.0962545	-0.140165	0.725277	2.06566	2.21275	0.565346	91.1779	32.7463	88	58.0479	65.9981	28.0861	62	57.9985	57.1073
0.0962222	-0.14044	0.726433	2.05501	2.2053	0.549121	91.0391	32.9442	88	58.0105	65.9996	28.0189	62	57.9998	57.1123
0.0962222	-0.14044	0.726433	2.05501	2.2053	0.549121	91.0391	32.9442	88	58.0105	65.9996	28.0189	62	57.9998	57.1173
0.0952228	-0.146061	0.747881	2.06463	2.21644	0.351717	90.2285	32.9877	88	58.0023	65.2198	28.7842	62	57.266	57.1223
0.0952228	-0.146061	0.747881	2.06463	2.21644	0.351717	90.2285	32.9877	88	58.0023	65.2198	28.7842	62	57.266	57.1273
0.0145347	0.000792307	8.77064e-05	1.23985	1.29055	1.28944	90.9854	32.9998	88	59	59.14	59.1498	61.2868	29.7605	57.1423
0.0145347	0.000792307	8.77064e-05	1.23985	1.29055	1.28944	90.9854	32.9998	88	59	59.14	59.1498	61.2868	29.7605	57.1473
0.0963573	-0.14045	0.73192	2.1147	2.22424	0.624762	90.9998	32.0384	87.8999	58	66	29	62	58.0298	57.1723
0.0963573	-0.14045	0.73192	2.1147	2.22424	0.624762	90.9998	32.0384	87.8999	58	66	29	62	58.0298	57.1773
0.097956	-0.141353	0.728936	2.12063	2.1869	0.6473	91	31.2708	87.9883	58	66	29	62.8307	58.005	57.1823
0.097956	-0.141353	0.728936	2.12063	2.1869	0.6473	91	31.2708	87.9883	58	66	29	62.8307	58.005	57.1873
0.0996503	-0.144187	0.732668	2.10306	2.23693	0.57289	91.7758	31.8365	87.9969	58	66	28.2187	62.9543	57.2712	57.1923
0.0996503	-0.144187	0.732668	2.10306	2.23693	0.57289	91.7758	31.8365	87.9969	58	66	28.2187	62.9543	57.2712	57.1973
0.0127149	0.000184353	0.000275459	1.17522	1.3845	1.38277	91.096	31.9798	88.7746	58.7753	59.0546	59.9442	69.1111	30	57.2023
0.0127149	0.000184353	0.000275459	1.17522	1.3845	1.38277	91.096	31.9798	88.7746	58.7753	59.0546	59.9442	69.1111	30	57.2073
0.0991967	-0.144658	0.74174	2.06526	2.20134	0.430728	91.0147	32.8437	88.1707	58.1709	65.5	28.5	63.1146	57.3575	57.2123
0.0991967	-0.144658	0.74174	2.06526	2.20134	0.430728	91.0147	32.8437	88.1707	58.1709	65.5	28.5	63.1146	57.3575	57.2173
0.0958171	-0.14127	0.728409	2.09168	2.15318	0.423329	90.1573	32.1308	88.8975	58.0211	65.1277	28.8723	62.5778	58.3553	57.2223
0.0958171	-0.14127	0.728409	2.09168	2.15318	0.423329	90.1573	32.1308	88.8975	58.0211	65.1277	28.8723	62.5778	58.3553	57.2273
0.0948469	-0.141464	0.720349	2.05934	2.11565	0.650521	90.0422	31.3037	87.5042	58.0056	65.8049	28.1951	62.8877	58.0945	57.2323
0.0948469	-0.141464	0.720349	2.05934	2.11565	0.650521	90.0422	31.3037	87.5042	58.0056	65.8049	28.1951	62.8877	58.0945	57.2373
0.100483	-0.142854	0.731193	2.09796	2.17696	0.413628	90.8787	31.9118	89.4397	58.0013	65.9571	28.8229	62.9748	58.0212	57.2423
0.100483	-0.142854	0.731193	2.09796	2.17696	0.413628	90.8787	31.9118	89.4397	58.0013	65.9571	28.8229	62.9748	58.0212	57.2473
0.0999368	-0.149715	0.750806	2.12393	2.18492	0.529356	90.2337	31.2425	88.3172	57.2206	65.9906	28.9611	62.9944	57.225	57.2523
0.0999368	-0.149715	0.750806	2.12393	2.18492	0.529356	90.2337	31.2425	88.3172	57.2206	65.9906	28.9611	62.9944	57.225	57.2573
0.0941728	-0.142315	0.730145	2.10065	2.16295	0.701087	90.0525	31.0545	87.2897	57.8286	65.9979	28.9914	62.1229	57.9043	57.2623
0.0941728	-0.142315	0.730145	2.10065	2.16295	0.701087	90.0525	31.0545	87.2897	57.8286	65.9979	28.9914	62.1229	57.9043	57.2673
0.0990421	-0.143634	0.741309	2.06596	2.15441	0.427739	90.0116	32.5713	88.7887	57.9788	65.9995	28.9981	62.7669	57.9746	57.2723
0.0990421	-0.143634	0.741309	2.06596	2.15441	0.427739	90.0116	32.5713	88.7887	57.9788	65.9995	28.9981	62.7669	57.9746	57.2773
0.0983088	-0.151005	0.744804	2.06246	2.2073	0.105114	90.0014	31.6323	89.6782	57.9944	65.9999	28.9996	62.1724	56.4438	57.2823
0.0983088	-0.151005	0.744804	2.06246	2.2073	0.105114	90.0014	31.6323	89.6782	57.9944	65.9999	28.9996	62.1724	56.4438	57.2873
0.0980879	-0.150669	0.758426	2.05535	2.1936	0.276021	90.0004	32.6366	88.2124	57.9993	65.2198	28.9999	62.8975	56.493	57.2923
0.0980879	-0.150669	0.758426	2.05535	2.1936	0.276021	90.0004	32.6366	88.2124	57.9993	65.2198	28.9999	62.8975	56.493	57.2973
0.0983479	-0.145261	0.751297	2.09612	2.20045	0.520198	90	32.0806	88.0565	57.9998	66.3418	29.4382	62.2386	57.5994	57.3023
0.0983479	-0.145261	0.751297	2.09612	2.20045	0.520198	90	32.0806	88.0565	57.9998	66.3418	29.4382	62.2386	57.5994	57.3073
0.101005	-0.145834	0.737058	2.11114	2.12776	0.465589	90	31.1344	89.4162	57.529	66.0425	29.0545	63.4268	57.9768	57.3223
0.101005	-0.145834	0.737058	2.11114	2.12776	0.465589	90	31.1344	89.4162	57.529	66.0425	29.0545	63.4268	57.9768	57.3273
0.0932004	-0.143527	0.741094	2.09154	2.21676	0.194092	89.2106	31.8177	89.1083	58.6174	66.0089	29.8009	60.8913	57.994	57.3323
0.0932004	-0.143527	0.741094	2.09154	2.21676	0.194092	89.2106	31.8177	89.1083	58.6174	66.0089	29.8009	60.8913	57.994	57.3373
0.0877696	-0.146457	0.722076	2.10965	2.26256	-0.183033	89.8272	31.179	89.8002	57.3624	65.2208	29.1753	60.1997	57.9986	57.3423
0.0877696	-0.146457	0.722076	2.10965	2.26256	-0.183033	89.8272	31.179	89.8002	57.3624	65.2208	29.1753	60.1997	57.9986	57.3473
0.0988721	-0.14892	0.752972	2.11608	2.15658	0.197453	89.1818	31.8196	89.956	57.0798	65.8288	29.8188	62.3831	57.9997	57.3523
0.0988721	-0.14892	0.752972	2.11608	2.15658	0.197453	89.1818	31.8196	89.956	57.0798	65.8288	29.8188	62.3831	57.9997	57.3573
0.100086	-0.143981	0.749758	2.11214	2.17732	0.370247	89.8989	31.9777	89.1181	58.3246	65.9853	29.9844	62.8643	57.9999	57.3623
0.100086	-0.143981	0.749758	2.11214	2.17732	0.370247	89.8989	31.9777	89.1181	58.3246	65.9853	29.9844	62.8643	57.9999	57.3673
0.10149	-0.142149	0.745033	2.09557	2.16692	0.45136	89.9891	31.7001	89.0314	58.8205	66.7024	29.9954	62.9702	58	57.3723
0.10149	-0.142149	0.745033	2.09557	2.16692	0.45136	89.9891	31.7001	89.0314	58.8205	66.7024	29.9954	62.9702	58	57.3773
0.102047	-0.150236	0.752141	2.08636	2.16965	0.241664	89.9981	31.9481	89.7823	57.4091	66.16	29.2268	62.9934	57.2199	57.3823
0.102047	-0.150236	0.752141	2.08636	2.16965	0.241664	89.9981	31.9481	89.7823	57.4091	66.16	29.2268	62.9934	57.2199	57.3873
0.102225	-0.151936	0.768594	2.1203	2.21313	0.258966	89.9997	31.9919	89.0969	57.4888	66.0353	29.8294	62.9986	57.0483	57.3923
0.102225	-0.151936	0.768594	2.1203	2.21313	0.258966	89.9997	31.9919	89.0969	57.4888	66.0353	29.8294	62.9986	57.0483	57.3973
0.100042	-0.145023	0.732548	2.10345	2.14324	0.360307	90	31.1239	89.8881	57.9367	66.0038	29.0892	62.9998	57.8977	57.4123
0.100042	-0.145023	0.732548	2.10345	2.14324	0.360307	90	31.1239	89.8881	57.9367	66.0038	29.0892	62.9998	57.8977	57.4173
0.102756	-0.147826	0.753573	2.14301	2.19567	0.270559	90.4412	31.8969	89.9765	57.1971	66.0008	29.8097	63	57.9786	57.4223
0.102756	-0.147826	0.753573	2.14301	2.19567	0.270559	90.4412	31.8969	89.9765	57.1971	66.0008	29.8097	63	57.9786	57.4273
0.102363	-0.145022	0.746564	2.08768	2.16134	0.223209	90.0674	31.9842	89.9948	58.6053	66.0002	29.9584	63.4386	57.5588	57.4323
0.102363	-0.145022	0.746564	2.08768	2.16134	0.223209	90.0674	31.9842	89.9948	58.6053	66.0002	29.9584	63.4386	57.5588	57.4373
0.101616	-0.141431	0.728983	2.09332	2.14797	0.451791	90.7497	31.2641	89.2186	58.9133	66	29.2106	63.8509	57.8828	57.4423
0.101616	-0.141431	0.728983	2.09332	2.14797	0.451791	90.7497	31.2641	89.2186	58.9133	66	29.2106	63.8509	57.8828	57.4473
0.103314	-0.146249	0.740949	2.0878	2.11046	0.386133	90.0951	31.9067	89.8282	57.4207	66	29.0463	63.9665	57.9737	57.4523
0.103314	-0.146249	0.740949	2.0878	2.11046	0.386133	90.0951	31.9067	89.8282	57.4207	66	29.0463	63.9665	57.9737	57.4573
0.104931	-0.146787	0.743202	2.116	2.14833	0.390429	90.8612	31.9857	89.9622	57.0925	66	29.0102	63.9958	57.9967	57.4623
0.104931	-0.146787	0.743202	2.116	2.14833	0.390429	90.8612	31.9857	89.9622	57.0925	66	29.0102	63.9958	57.9967	57.4673
0.105503	-0.15096	0.749218	2.13658	2.17843	0.342005	90.9627	31.2646	89.9917	57.0203	66	29.0022	63.9989	57.265	57.4723
0.105503	-0.15096	0.749218	2.13658	2.17843	0.342005	90.9627	31.2646	89.9917	57.0203	66	29.0022	63.9989	57.265	57.4773
0.105261	-0.152225	0.752364	2.11237	2.15959	0.295323	90.5587	31.4702	89.9982	57.0045	66	29.0005	63.9998	57.0596	57.4823
0.105261	-0.152225	0.752364	2.11237	2.15959	0.295323	90.5587	31.4702	89.9982	57.0045	66	29.0005	63.9998	57.0596	57.4873
0.104441	-0.144528	0.740284	2.12998	2.19694	0.480501	91.6166	31.8591	89.2195	57.7811	66	29.0001	63.9999	57.7927	57.4923
0.104441	-0.144528	0.740284	2.12998	2.19694	0.480501	91.6166	31.8591	89.2195	57.7811	66	29.0001	63.9999	57.7927	57.4973
0.104266	-0.147682	0.74906	2.0982	2.18785	0.401188	91.078	31.9822	89.0271	57.973	66	29	64	57.1743	57.5023
0.104266	-0.147682	0.74906	2.0982	2.18785	0.401188	91.078	31.9822	89.0271	57.973	66	29	64	57.1743	57.5073
0.0142287	0.000534032	0.000124949	1.22305	1.3198	1.3189	91.755	31.9953	88.7054	57.9971	59.2865	58.5907	63.685	29.3348	57.5123
0.0142287	0.000534032	0.000124949	1.22305	1.3198	1.3189	91.755	31.9953	88.7054	57.9971	59.2865	58.5907	63.685	29.3348	57.5173
0.0135527	0.000261338	0.00035437	1.20418	1.34573	1.34818	91.1694	31.2233	88.9491	57.1722	59.019	58.9729	66.137	28.3475	57.5223
0.0135527	0.000261338	0.00035437	1.20418	1.34573	1.34818	91.1694	31.2233	88.9491	57.1722	59.019	58.9729	66.137	28.3475	57.5273
0.104458	-0.150559	0.76669	-2.13796	-2.19844	-0.500108	91.0373	31.0492	88.2564	57.7763	66	30	64	56.8664	57.5323
0.104458	-0.150559	0.76669	-2.13796	-2.19844	-0.500108	91.0373	31.0492	88.2564	57.7763	66	30	64	56.8664	57.5373
0.105609	-0.151361	0.760052	2.17047	2.2388	0.47652	91.4428	31.4443	88.9056	57.0986	66	29.2179	64	56.9641	57.5423
0.105609	-0.151361	0.760052	2.17047	2.2388	0.47652	91.4428	31.4443	88.9056	57.0986	66	29.2179	64	56.9641	57.5473
0.103652	-0.145908	0.738706	2.106	2.14201	0.404899	90.6443	31.4915	89.7092	57.7605	66	29.0478	64	57.7671	57.5523
0.103652	-0.145908	0.738706	2.106	2.14201	0.404899	90.6443	31.4915	89.7092	57.7605	66	29.0478	64	57.7671	57.5573
0.103573	-0.151592	0.753388	2.11913	2.1458	0.447592	90.1729	31.1319	89.0898	57.0963	66	29.0105	64	57.1691	57.5623
0.103573	-0.151592	0.753388	2.11913	2.1458	0.447592	90.1729	31.1319	89.0898	57.0963	66	29.0105	64	57.1691	57.5673
0.0130846	0.000538222	0.000453885	1.25175	1.28356	1.27976	89.2639	31.8046	88.2899	57.7596	60.4528	60.2028	64.1799	27.1778	57.5723
0.0130846	0.000538222	0.000453885	1.25175	1.28356	1.27976	89.2639	31.8046	88.2899	57.7596	60.4528	60.2028	64.1799	27.1778	57.5773
0.0135143	7.5428e-05	0.00040217	1.24994	1.29223	1.28511	90.3469	31.0997	89.6156	57.1707	60.4528	60.2028	64.7802	27.7796	57.5823
0.0135143	7.5428e-05	0.00040217	1.24994	1.29223	1.28511	90.3469	31.0997	89.6156	57.1707	60.4528	60.2028	64.7802	27.7796	57.5873
0.10455	-0.155377	0.762799	2.14423	2.15325	0.457431	90.0922	31.0265	89.1357	56.258	66	29	64	57.0268	57.5923
0.103312	-0.145281	0.735328	2.09991	2.1251	0.40259	90.466	31.4606	89.8695	57.7371	66	29	64	57.9189	57.6073
0.103312	-0.145281	0.735328	2.09991	2.1251	0.40259	90.466	31.4606	89.8695	57.7371	66	29	64	57.9189	57.6123
0.103162	-0.148101	0.738759	2.08639	2.12355	0.331257	90.1222	31.1208	89.9722	57.944	66	29	64	57.241	57.6173
0.103162	-0.148101	0.738759	2.08639	2.12355	0.331257	90.1222	31.1208	89.9722	57.944	66	29	64	57.241	57.6223
0.103169	-0.151468	0.749619	2.05657	2.08504	0.283113	89.2518	31.8027	89.9939	57.2069	66	29	64	57.0541	57.6273
0.103169	-0.151468	0.749619	2.05657	2.08504	0.283113	89.2518	31.8027	89.9939	57.2069	66	29	64	57.0541	57.6323
0.104386	-0.153422	0.767658	2.144	2.25697	0.445596	91.2215	31.9756	88.4384	57.0455	66	29	63.5619	56.5686	57.6373
0.104386	-0.153422	0.767658	2.144	2.25697	0.445596	91.2215	31.9756	88.4384	57.0455	66	29	63.5619	56.5686	57.6423
0.106498	-0.155476	0.775125	2.23083	2.24951	0.53319	91.0339	31.1494	89	56	66	29.7803	63.8837	56.8854	57.6473
0.106553	-0.15141	0.763519	2.0766	2.08668	0.284889	89.3622	31.8485	89.8618	57.7237	66	29.9671	64.9077	56.9905	57.6623
0.106553	-0.15141	0.763519	2.0766	2.08668	0.284889	89.3622	31.8485	89.8618	57.7237	66	29.9671	64.9077	56.9905	57.6673
0.011447	0.00147158	9.06975e-05	1.26295	1.29695	1.2818	91.4311	31.183	89	56	65.9577	55	68.1737	26.3716	57.6723
0.011447	0.00147158	9.06975e-05	1.26295	1.29695	1.2818	91.4311	31.183	89	56	65.9577	55	68.1737	26.3716	57.6773
0.105907	-0.158771	0.790795	2.1474	2.15441	0.356711	89.2606	31.9124	89	56	66	29.9992	64	57	57.6923
0.105907	-0.158771	0.790795	2.1474	2.15441	0.356711	89.2606	31.9124	89	56	66	29.9992	64	57	57.6973
0.0125662	0.00164364	-1.77418e-05	1.31568	1.21794	1.19867	90.7969	31.9898	89	56.4418	65.9577	55	63.293	26.9644	57.7023
0.0125662	0.00164364	-1.77418e-05	1.31568	1.21794	1.19867	90.7969	31.9898	89	56.4418	65.9577	55	63.293	26.9644	57.7073
0.105981	-0.156336	0.776233	2.18058	2.1911	0.338324	90.0552	31.0686	89.4821	56.4979	65.9694	29.9388	64	57	57.7323
0.103654	-0.147247	0.746132	2.21219	2.17186	0.626727	90.8664	30.1511	89.0829	56.9136	65.9957	29.9913	64	57.862	57.7473
0.103654	-0.147247	0.746132	2.21219	2.17186	0.626727	90.8664	30.1511	89.0829	56.9136	65.9957	29.9913	64	57.862	57.7523
0.107019	-0.150095	0.765472	2.16218	2.17917	0.556041	90.5435	31.34	89.01	56.9896	66.787	29.9982	64	57.5429	57.7573
0.107019	-0.150095	0.765472	2.16218	2.17917	0.556041	90.5435	31.34	89.01	56.9896	66.787	29.9982	64	57.5429	57.7623
0.10682	-0.150444	0.765693	2.14219	2.22132	0.254513	90.9302	31.8991	89.7372	57.7318	66.1724	29.9996	64	57.144	57.7673
0.10682	-0.150444	0.765693	2.14219	2.22132	0.254513	90.9302	31.8991	89.7372	57.7318	66.1724	29.9996	64	57.144	57.7723
0.106241	-0.151825	0.76704	2.09744	2.19877	0.347048	90.9913	32.8627	89.0426	57.0423	66.0185	29.1074	64	57.0157	57.7873
0.106241	-0.151825	0.76704	2.09744	2.19877	0.347048	90.9913	32.8627	89.0426	57.0423	66.0185	29.1074	64	57.0157	57.7923
0.106037	-0.154319	0.766268	2.16212	2.20906	0.475015	90.999	31.6603	89.0111	56.2709	66.0039	29.0224	64	57.0033	57.7973
0.107657	-0.145431	0.746248	2.17575	2.10646	0.752084	90.9998	31.1163	89.0017	56.0413	66.8514	29.8542	64.8508	58.7021	57.8123
0.103461	-0.146031	0.738942	2.15293	2.15021	0.605456	91	31.0092	89.0001	56.9245	66.0669	29.0672	64.0669	58.0552	57.8373
0.103461	-0.146031	0.738942	2.15293	2.15021	0.605456	91	31.0092	89.0001	56.9245	66.0669	29.0672	64.0669	58.0552	57.8423
0.105687	-0.153105	0.766285	2.14383	2.16957	0.295056	90.1152	31.4435	89.7935	56.9844	66.0138	29.8074	64.0138	57.2179	57.8473
0.105687	-0.153105	0.766285	2.14383	2.16957	0.295056	90.1152	31.4435	89.7935	56.9844	66.0138	29.8074	64.0138	57.2179	57.8523
0.105745	-0.147456	0.75907	2.15884	2.19498	0.398373	90.8649	31.915	89.536	57.4368	66.003	29.9579	64.003	57.8291	57.8573
0.105745	-0.147456	0.75907	2.15884	2.19498	0.398373	90.8649	31.915	89.536	57.4368	66.003	29.9579	64.003	57.8291	57.8623
0.105036	-0.152202	0.757109	2.12166	2.16871	0.361786	90.5243	31.5276	89.5024	57.0288	66.0003	29.1029	64.0003	57.0891	57.8773
0.105036	-0.152202	0.757109	2.12166	2.16871	0.361786	90.5243	31.5276	89.5024	57.0288	66.0003	29.1029	64.0003	57.0891	57.8823
0.104147	-0.153314	0.771205	2.16203	2.1847	0.51236	90.1367	31.1375	88.3916	57.0075	66.0001	29.8125	64	57.0104	57.8873
0.104147	-0.153314	0.771205	2.16203	2.1847	0.51236	90.1367	31.1375	88.3916	57.0075	66.0001	29.8125	64	57.0104	57.8923
0.106486	-0.153962	0.769984	2.19452	2.23353	0.312795	90.8064	31.0308	89.6393	57.0017	66	29.959	64	57.0028	57.8973
0.106486	-0.153962	0.769984	2.19452	2.23353	0.312795	90.8064	31.0308	89.6393	57.0017	66	29.959	64	57.0028	57.9023
0.106403	-0.150792	0.763896	2.13721	2.22327	0.189864	90.976	31.88	89.9205	57.78	66	29.991	64	57.0006	57.9073
0.106403	-0.150792	0.763896	2.13721	2.22327	0.189864	90.976	31.88	89.9205	57.78	66	29.991	64	57.0006	57.9123
0.107192	-0.152985	0.76986	2.14733	2.22611	0.17207	90.9963	31.9816	89.9825	57.1715	66	29.998	64	57.0001	57.9173
0.107192	-0.152985	0.76986	2.14733	2.22611	0.17207	90.9963	31.9816	89.9825	57.1715	66	29.998	64	57.0001	57.9223
0.104916	-0.146191	0.744033	2.14663	2.18041	0.365017	90.999	31.2634	89.9962	57.8178	66	29.5615	64	57.7801	57.9273
0.104916	-0.146191	0.744033	2.14663	2.18041	0.365017	90.999	31.2634	89.9962	57.8178	66	29.5615	64	57.7801	57.9323
0.104271	-0.147306	0.753163	-2.1865	-2.26695	-0.349193	90.9998	31.0593	89.219	58.7401	66	29.8835	64	57.067	57.9373
0.104271	-0.147306	0.753163	-2.1865	-2.26695	-0.349193	90.9998	31.0593	89.219	58.7401	66	29.8835	64	57.067	57.9423
0.105428	-0.145672	0.752252	2.13833	2.19815	0.313691	91	31.8836	89.8284	58.1626	66	29.9738	64	57.7266	57.9473
0.105428	-0.145672	0.752252	2.13833	2.19815	0.313691	91	31.8836	89.8284	58.1626	66	29.9738	64	57.7266	57.9523
0.104143	-0.145702	0.747334	2.13897	2.15151	0.354146	90.2657	31.2348	89.9623	58.0358	66	29.9942	64	57.9377	57.9573
0.104143	-0.145702	0.747334	2.13897	2.15151	0.354146	90.2657	31.2348	89.9623	58.0358	66	29.9942	64	57.9377	57.9623
0.0143096	-0.000318294	0.000162386	1.26059	1.27536	1.26669	90.835	31.0527	89.9917	57.2277	60.0001	59.9636	62.9773	29.6824	57.9673
0.0143096	-0.000318294	0.000162386	1.26059	1.27536	1.26669	90.835	31.0527	89.9917	57.2277	60.0001	59.9636	62.9773	29.6824	57.9723
0.0139087	0.000353218	6.07205e-05	1.29321	1.23895	1.22299	90.9636	31.0116	89.9982	57.8302	62.6197	59.1222	62.2599	28.4474	57.9773
0.0139087	0.000353218	6.07205e-05	1.29321	1.23895	1.22299	90.9636	31.0116	89.9982	57.8302	62.6197	59.1222	62.2599	28.4474	57.9823
0.10208	-0.150635	0.745994	2.06652	2.08807	0.268847	89.432	31.7826	89.9996	57.1826	65.5556	29	64	57.1816	57.9873
0.10208	-0.150635	0.745994	2.06652	2.08807	0.268847	89.432	31.7826	89.9996	57.1826	65.5556	29	64	57.1816	57.9923
0.102835	-0.154634	0.764859	2.0967	2.16775	0.0794406	89.8751	31.9522	89.9999	57.0401	65.5085	29.8476	63.5617	56.5842	57.9973
0.102835	-0.154634	0.764859	2.0967	2.16775	0.0794406	89.8751	31.9522	89.9999	57.0401	65.5085	29.8476	63.5617	56.5842	58.0023
0.104166	-0.145332	0.746245	2.13637	2.21513	0.443646	91.5328	31.9895	89.1235	57.8814	65.8681	29.2274	63.8836	57.6238	58.0073
0.104166	-0.145332	0.746245	2.13637	2.21513	0.443646	91.5328	31.9895	89.1235	57.8814	65.8681	29.2274	63.8836	57.6238	58.0123
0.103164	-0.144746	0.738515	2.09826	2.10581	0.436111	90.1893	31.9987	89.7671	57.2342	65.9703	29.0512	63.9853	58.3891	58.0173
0.103164	-0.144746	0.738515	2.09826	2.10581	0.436111	90.1893	31.9987	89.7671	57.2342	65.9703	29.0512	63.9853	58.3891	58.0223
0.104888	-0.151341	0.758741	2.13073	2.15994	0.271874	90.0503	31.2655	89.9705	57.4663	65.9935	29.7908	63.9977	57.2132	58.0273
0.104888	-0.151341	0.758741	2.13073	2.15994	0.271874	90.0503	31.2655	89.9705	57.4663	65.9935	29.7908	63.9977	57.2132	58.0323
0.103823	-0.150412	0.758889	2.07696	2.11249	0.226306	89.2359	31.835	89.9922	57.8582	65.9986	29.954	63.9994	57.0572	58.0373
0.103823	-0.150412	0.758889	2.07696	2.11249	0.226306	89.2359	31.835	89.9922	57.8582	65.9986	29.954	63.9994	57.0572	58.0423
0.106023	-0.151166	0.761819	2.17409	2.19786	0.298201	90.6116	31.1838	89.9982	57.1927	65.9997	29.9899	63.9999	57.4439	58.0473
0.106023	-0.151166	0.761819	2.17409	2.19786	0.298201	90.6116	31.1838	89.9982	57.1927	65.9997	29.9899	63.9999	57.4439	58.0523
0.102791	-0.146314	0.725792	2.03153	2.05607	0.43808	89.3543	31.0404	89.9998	57.9305	66.8765	28.2457	64	57.4914	58.0573
0.102791	-0.146314	0.725792	2.03153	2.05607	0.43808	89.3543	31.0404	89.9998	57.9305	66.8765	28.2457	64	57.4914	58.0623
0.103311	-0.146818	0.737592	2.12181	2.13236	0.550264	90.6382	31.0089	89.1718	57.1599	66.2329	28.7996	64	57.8635	58.0673
0.103311	-0.146818	0.737592	2.12181	2.13236	0.550264	90.6382	31.0089	89.1718	57.1599	66.2329	28.7996	64	57.8635	58.0723
0.105375	-0.154806	0.771151	2.18221	2.17686	0.487605	90.1403	31.002	89.0464	56.3133	66.0523	29.7302	64	57.1943	58.0773
0.105375	-0.154806	0.771151	2.18221	2.17686	0.487605	90.1403	31.002	89.0464	56.3133	66.0523	29.7302	64	57.1943	58.0823
0.103766	-0.149729	0.759409	2.09492	2.11114	0.296948	89.2505	31.7808	89.7854	57.6205	66.0115	29.9406	64	57.4622	58.0873
0.103766	-0.149729	0.759409	2.09492	2.11114	0.296948	89.2505	31.7808	89.7854	57.6205	66.0115	29.9406	64	57.4622	58.0923
0.103041	-0.14094	0.723886	2.1139	2.03547	0.555484	89.8352	31.1717	89.9527	57.1368	66.0025	29.2068	64.7343	59.3256	58.0973
0.103041	-0.14094	0.723886	2.1139	2.03547	0.555484	89.8352	31.1717	89.9527	57.1368	66.0025	29.2068	64.7343	59.3256	58.1023
0.101558	-0.147188	0.742971	2.09284	2.11104	0.542913	89.9638	31.0378	88.4296	57.8101	66.0006	29.0455	64.1651	57.5228	58.1073
0.101558	-0.147188	0.742971	2.09284	2.11104	0.542913	89.9638	31.0378	88.4296	57.8101	66.0006	29.0455	64.1651	57.5228	58.1123
0.103581	-0.147252	0.742547	2.12391	2.14722	0.381649	90.7722	31.7884	89.806	57.1001	65.5618	29.0056	64.0364	57.8948	58.1173
0.103581	-0.147252	0.742547	2.12391	2.14722	0.381649	90.7722	31.7884	89.806	57.1001	65.5618	29.0056	64.0364	57.8948	58.1223
0.104093	-0.15276	0.750968	2.11141	2.13877	0.306521	90.0954	31.0974	89.9484	57.0266	65.8835	29.0015	64	57	58.1273
0.104093	-0.15276	0.750968	2.11141	2.13877	0.306521	90.0954	31.0974	89.9484	57.0266	65.8835	29.0015	64	57	58.1323
0.012741	0.000797541	0.000618677	1.24015	1.31153	1.30266	90.0146	31.4383	89.9884	57.7812	60.8207	60.1145	67.4238	25.7756	58.1373
0.012741	0.000797541	0.000618677	1.24015	1.31153	1.30266	90.0146	31.4383	89.9884	57.7812	60.8207	60.1145	67.4238	25.7756	58.1423
0.104471	-0.155205	0.762343	2.13381	2.14818	0.42751	90.0039	31.1176	89.2178	56.3925	65.9942	29.0001	64	57	58.1473
0.104471	-0.155205	0.762343	2.13381	2.14818	0.42751	90.0039	31.1176	89.2178	56.3925	65.9942	29.0001	64	57	58.1523
0.102881	-0.15013	0.748762	2.13544	2.11733	0.548493	90.0009	31.0265	89.0269	56.4867	65.9987	29	64	57.8001	58.1573
0.102881	-0.15013	0.748762	2.13544	2.11733	0.548493	90.0009	31.0265	89.0269	56.4867	65.9987	29	64	57.8001	58.1623
0.102006	-0.145463	0.743543	2.10844	2.1101	0.633935	90.0002	31.0058	88.2728	57.5981	66.4381	29.4383	64	57.9565	58.1673
0.102006	-0.145463	0.743543	2.10844	2.1101	0.633935	90.0002	31.0058	88.2728	57.5981	66.4381	29.4383	64	57.9565	58.1723
0.0115928	-0.000408621	0.000385188	1.22367	1.33703	1.32409	90	31.0013	89.3448	57.0756	62.3055	60.6971	69.8655	28.9998	58.1773
0.0115928	-0.000408621	0.000385188	1.22367	1.33703	1.32409	90	31.0013	89.3448	57.0756	62.3055	60.6971	69.8655	28.9998	58.1823
0.104149	-0.152829	0.75171	2.11283	2.13544	0.339171	90	31.0003	89.8258	57.0201	66	29	64	57.0259	58.1873
0.104149	-0.152829	0.75171	2.11283	2.13544	0.339171	90	31.0003	89.8258	57.0201	66	29	64	57.0259	58.1923
0.10339	-0.152561	0.752646	2.06177	2.08729	0.282474	89.2199	31.7802	89.9608	57.0045	66	29	64	57.0069	58.1973
0.10339	-0.152561	0.752646	2.06177	2.08729	0.282474	89.2199	31.7802	89.9608	57.0045	66	29	64	57.0069	58.2023
0.102533	-0.147608	0.747238	2.09956	2.08564	0.347198	89.0483	31.1715	89.9914	57.7807	66	29.7822	64	57.7769	58.2073
0.102533	-0.147608	0.747238	2.09956	2.08564	0.347198	89.0483	31.1715	89.9914	57.7807	66	29.7822	64	57.7769	58.2123
0.103651	-0.152883	0.770654	2.15434	2.16579	0.499569	89.7908	31.0377	88.4378	57.1716	66	29.9522	64	57.0962	58.2173
0.103651	-0.152883	0.770654	2.15434	2.16579	0.499569	89.7908	31.0377	88.4378	57.1716	66	29.9522	64	57.0962	58.2223
0.0124931	0.000413541	0.000526071	1.22797	1.31943	1.31821	89.954	31.0083	88.0963	57.0377	60.8586	59.7481	66.5723	26.5746	58.2273
0.0124931	0.000413541	0.000526071	1.22797	1.31943	1.31821	89.954	31.0083	88.0963	57.0377	60.8586	59.7481	66.5723	26.5746	58.2323
0.103166	-0.152903	0.756967	2.06186	2.08937	0.317185	89.1177	31.8777	89.582	57.0083	66	29.046	64	57	58.2373
0.103166	-0.152903	0.756967	2.06186	2.08937	0.317185	89.1177	31.8777	89.582	57.0083	66	29.046	64	57	58.2423
0.103152	-0.152517	0.753585	2.05141	2.07769	0.279832	89.0312	31.9675	89.9081	57.0018	66	29.0101	64	57	58.2473
0.103152	-0.152517	0.753585	2.05141	2.07769	0.279832	89.0312	31.9675	89.9081	57.0018	66	29.0101	64	57	58.2523
0.107504	-0.160577	0.803517	-0.190553	-0.154628	-3.09713	89.8774	31.9959	66.4199	31.6613	90	56	64	57	58.2573
0.107504	-0.160577	0.803517	-0.190553	-0.154628	-3.09713	89.8774	31.9959	66.4199	31.6613	90	56	64	57	58.2623
0.104694	-0.148868	0.747403	2.12173	2.13802	0.369995	90.4045	31.5761	90	57	66	29.172	64	57.7803	58.2673
0.104694	-0.148868	0.747403	2.12173	2.13802	0.369995	90.4045	31.5761	90	57	66	29.172	64	57.7803	58.2723
0.103095	-0.152941	0.750334	2.08622	2.09001	0.316237	89.1775	31.0728	90	57	66	29.0187	64	57.0449	58.2873
0.103095	-0.152941	0.750334	2.08622	2.09001	0.316237	89.1775	31.0728	90	57	66	29.0187	64	57.0449	58.2923
0.0122739	1.58726e-05	0.000287943	1.23048	1.32858	1.31484	90.6159	31.0153	90	57.8001	61.8401	59.9817	68.8728	28.7736	58.2973
0.0122739	1.58726e-05	0.000287943	1.23048	1.32858	1.31484	90.6159	31.0153	90	57.8001	61.8401	59.9817	68.8728	28.7736	58.3023
0.106748	-0.151006	0.75827	2.11684	2.16687	0.306396	90.1348	31.0034	90	57.9565	66.7813	29.7822	64	57	58.3073
0.106748	-0.151006	0.75827	2.11684	2.16687	0.306396	90.1348	31.0034	90	57.9565	66.7813	29.7822	64	57	58.3123
0.10591	-0.152207	0.752983	2.13826	2.18567	0.314883	90.8099	31.0007	90	57.2101	66.1717	29.1719	64	57	58.3173
0.10591	-0.152207	0.752983	2.13826	2.18567	0.314883	90.8099	31.0007	90	57.2101	66.1717	29.1719	64	57	58.3223
0.0119944	-0.000451284	0.000334348	1.2071	1.35032	1.34438	90.178	31.0002	88.6852	57.0259	61.1138	59.9593	68.999	29.8488	58.3273
0.0119944	-0.000451284	0.000334348	1.2071	1.35032	1.34438	90.178	31.0002	88.6852	57.0259	61.1138	59.9593	68.999	29.8488	58.3323
0.101564	-0.148169	0.747532	2.06681	2.08217	0.455752	89.2589	31.7802	88.9518	57.4274	66.0083	29.0083	64	57.6667	58.3373
0.101564	-0.148169	0.747532	2.06681	2.08217	0.455752	89.2589	31.7802	88.9518	57.4274	66.0083	29.0083	64	57.6667	58.3423
0.0136478	-0.000365448	5.26578e-05	1.23348	1.30818	1.30573	90.6173	31.1715	88.9871	56.3829	60.0268	58.1781	64.3482	30.9198	58.3473
0.0136478	-0.000365448	5.26578e-05	1.23348	1.30818	1.30573	90.6173	31.1715	88.9871	56.3829	60.0268	58.1781	64.3482	30.9198	58.3523
0.105655	-0.152636	0.752248	2.14573	2.19078	0.331015	90.9761	31.0107	89.936	56.961	66.0001	29.0001	64	57	58.3773
0.105655	-0.152636	0.752248	2.14573	2.19078	0.331015	90.9761	31.0107	89.936	56.961	66.0001	29.0001	64	57	58.3823
0.104865	-0.154036	0.753856	2.19723	2.19427	0.550864	90.9951	30.2072	89.192	56.1971	66	29	64	57	58.3873
0.104865	-0.154036	0.753856	2.19723	2.19427	0.550864	90.9951	30.2072	89.192	56.1971	66	29	64	57	58.3923
0.105019	-0.153112	0.762267	2.12071	2.17665	0.412518	90.5607	31.7803	89.0419	56.8247	66	29	64	57	58.3973
0.105019	-0.153112	0.762267	2.12071	2.17665	0.412518	90.5607	31.7803	89.0419	56.8247	66	29	64	57	58.4023
0.013626	-0.000361867	7.65198e-05	1.24713	1.2901	1.2865	90.1488	31.2071	89.0092	56.1811	60.176	58.33	63.8463	30.615	58.4073
0.013626	-0.000361867	7.65198e-05	1.24713	1.2901	1.2865	90.1488	31.2071	89.0092	56.1811	60.176	58.33	63.8463	30.615	58.4073
