55.1864	10.2497	57.4316	-2.17955	2.22534	-0.241361
-11.1278	-1.38992	-8.87053	-1.29027	-1.11644	-1.1542
32.2476	9.63142	56.2655	-2.13367	2.30298	0.000470542
30.728	8.24387	48.5967	1.94821	-1.89531	0.268206
29.6034	10.4274	51.4666	1.77726	-1.92574	-0.838375
11.1429	0.845679	8.89236	-1.09904	1.34104	1.21108
32.8939	9.88653	55.2815	2.06922	-2.14448	0.0593724
33.2189	9.6515	57.179	-2.20204	2.31551	-0.0515966
32.0191	10.0306	54.9243	2.12942	-2.19192	0.0693206
33.2924	9.54218	56.6538	-2.21604	2.37149	0.142003
32.4194	9.46226	53.5355	2.03956	-2.0962	0.198072
33.2381	9.60738	56.81	2.03856	-2.17771	-0.169005
-11.1014	-0.611887	-8.8732	-1.35919	-1.0898	-1.20345
33.2153	9.25817	58.0292	2.08132	-2.12888	0.14461
34.0731	9.0606	60.2798	2.07613	-2.30269	-0.103591
32.4329	9.01968	57.4243	-2.10648	2.29292	-0.108745
33.3173	8.86304	59.6108	-2.06253	2.29999	0.0522155
32.3872	9.39318	58.5332	-2.19012	2.3271	0.0609232
32.4773	8.72843	56.7836	-2.1749	2.40767	-0.066962
31.9964	8.68939	55.7717	-2.29172	2.38149	-0.205042
33.9835	9.48488	61.3183	-2.13994	2.36211	0.156475
11.1198	1.13814	8.9856	-1.13229	1.31337	1.24015
34.4327	9.34408	60.9601	-2.12969	2.36956	0.191737
35.3728	9.74215	60.0216	-2.10731	2.38424	-0.214085
-11.2523	-0.64435	-8.77038	-1.38638	-1.08541	-1.20285
37.1062	9.45491	60.8824	2.08429	-2.25664	-0.0555333
39.414	8.43791	62.6064	-2.10157	2.40874	0.026767
37.0081	9.46269	57.274	2.08444	-2.21382	-0.0130984
11.3298	0.849485	8.69716	-1.09923	1.35211	1.22714
40.0927	8.46813	58.7045	2.09143	-2.27702	0.0871595
39.557	8.40962	57.0676	2.05839	-2.17115	0.0755237
39.4997	8.31552	56.4216	2.04027	-2.14027	0.0827117
39.0976	7.89441	56.494	-2.17435	2.32265	-0.100936
40.3016	6.64448	57.8399	-2.17321	2.35018	-0.185974
40.913	7.33442	60.5157	2.13306	-2.22616	0.0830811
41.7016	6.92902	59.8337	-2.22101	2.3591	-0.0627659
41.3594	6.32216	59.4866	-2.11721	2.35429	-0.0162613
11.4544	1.10685	8.61205	-1.10556	1.31325	1.28605
-11.4599	-0.851163	-8.52619	-1.3123	-1.07344	-1.15652
40.4524	7.06075	56.4644	2.04548	-2.23546	0.0476884
42.5511	7.55205	60.0513	-2.1814	2.37587	0.00303013
40.9549	8.59356	55.8191	2.09881	-2.15307	0.253586
44.5984	8.14696	61.8916	-2.17863	2.33622	-0.0751253
44.7509	7.97614	61.1821	-2.27773	2.37466	-0.150341
47.6339	8.88165	64.4442	2.04164	-2.17165	0.104901
51.7603	10.8022	68.1707	-2.24867	2.3745	-0.084645
50.7869	11.0749	66.5345	-2.12128	2.49425	1.52683
52.2366	11.2735	67.9499	-2.1822	2.35836	-0.0408685
56.3721	12.4971	72.3617	-2.21821	2.39307	-0.0610556
54.1004	12.5643	69.4007	-2.13077	2.37131	-0.0957669
57.8595	14.0253	71.8733	2.07062	-2.16577	0.0729174
60.2116	13.9694	74.3242	-2.20768	2.34947	-0.172893
59.3073	13.9272	73.4634	2.08032	-2.22572	0.0948366
63.5747	14.9687	75.7051	-2.12809	2.37577	-0.197213
7.92	-2.76887	-11.4818	1.17717	-1.06693	1.0543
66.2287	16.474	77.8018	-2.16697	2.3678	-0.150029
71.3747	18.3322	83.9758	2.06473	-2.20041	0.227712
11.7264	0.29018	8.08658	-1.07107	1.48374	1.16837
69.714	18.5675	82.499	-2.13142	2.39349	-0.146521
72.872	19.5014	88.5186	-2.0442	2.39	-0.0362351
71.3332	20.0785	86.3975	2.06159	-2.32125	0.165109
66.016	19.5655	80.8528	0.128682	0.0364902	-3.28691
71.1605	22.0841	87.9945	2.0291	-2.25008	0.102996
72.4039	22.7	91.673	-2.09827	2.40612	-0.16378
70.4551	23.2964	91.3349	-2.11835	2.38633	-0.159437
70.6191	24.1526	93.1846	-2.10943	2.42053	-0.00883905
66.0036	25.5729	91.1929	-2.02119	2.31566	-0.139219
-11.4983	-1.19624	-8.37714	-1.4422	-1.14354	-1.10734
66.1794	29.516	99.858	-2.09929	2.39612	0.0472185
64.2112	28.9736	97.1204	-2.04949	2.36731	-0.0170431
63.1618	29.6054	96.8346	-2.04534	2.47132	0.184497
59.0092	30.9186	98.0788	-2.03467	2.34436	-0.0118589
61.6807	32.5915	102.975	-2.08305	2.45182	-0.133128
60.0699	34.0268	103.111	-2.13122	2.53899	0.362846
54.1075	31.8598	98.8618	1.97043	-2.41774	-0.041999
54.6253	34.178	103.38	-2.01915	2.38891	0.0245038
54.8427	37.4297	108.591	1.8265	-2.19593	-0.229747
51.2181	35.242	104.206	1.99124	-2.44462	-0.212959
51.7571	37.5333	108.298	-2.144	2.59598	0.242422
50.6445	38.1051	110.154	-2.08054	2.45553	0.221707
46.883	38.0759	105.871	-2.05281	2.4261	0.0257818
44.4656	37.1022	102.344	2.04181	-2.42539	-0.185533
1.02205	-9.34894	10.6836	0.0502945	1.71151	-0.170606
44.8964	41.8888	110.602	1.96804	-2.24815	0.153927
10.8663	1.42811	9.12872	-1.21427	1.43349	1.10203
42.0084	41.1681	108.175	2.00067	-2.40583	-0.0958011
41.9076	41.328	106.682	1.73643	-1.87365	0.589975
40.663	43.4467	111.407	-2.05744	2.42961	0.0203126
40.2171	43.5304	112.532	2.03869	-2.36794	0.0419832
39.7555	42.6289	109.404	-2.03093	2.50625	0.121396
-10.8249	-1.34041	-9.2589	-1.45364	-1.23338	-1.15815
-10.7587	-1.53294	-9.27113	-1.43807	-1.24027	-1.15173
35.9415	41.8279	106.997	1.9122	-2.30699	-0.101349
35.2188	41.4887	106.988	1.96715	-2.3989	-0.00307026
-10.71	-0.944864	-9.34942	-1.48174	-1.21705	-1.19366
32.1135	40.2904	102.391	-0.0427946	-0.163563	3.02173
-10.6281	-0.095871	-9.41191	-1.5517	-1.16792	-1.26242
31.3408	36.9547	95.9138	1.86733	-2.32672	-0.238648
30.3114	35.6205	94.4543	2.0607	-2.47638	0.30637
29.9704	34.1546	93.3946	-1.84276	2.34533	0.169458
30.0227	37.6467	97.0639	-2.07054	2.45125	-0.25106
29.7629	37.4913	97.5306	-2.01477	2.45008	-0.195797
29.5322	36.3583	94.1173	-1.98773	2.46904	-0.0820017
29.4139	37.9402	94.7683	-2.20972	2.53185	-0.618363
29.8629	37.3721	95.4258	-1.93912	2.39824	0.108291
10.6185	0.597065	9.49544	-0.173592	-1.89374	2.2644
29.9712	37.7472	95.3274	-1.98008	2.48129	0.112623
30.9081	38.9064	99.1478	-1.96145	2.45105	0.156043
23.7455	31.8872	77.0929	1.01116	0.768628	2.60677
29.9168	38.9189	95.6591	-2.07216	2.69618	0.32276
10.5569	0.131858	9.52251	-1.11191	1.49501	0.95349
10.6453	0.635942	9.47892	-1.15568	1.46934	1.00115
28.6818	35.8706	89.0218	1.47134	-1.96023	0.122786
29.6972	36.1862	95.2292	-1.818	2.30227	-0.159465
30.6693	40.0237	98.2243	1.92355	-2.40168	0.0976222
30.4232	39.7677	97.4444	-1.94788	2.4549	-0.0548739
8.79714	-4.99432	-10.0145	-0.30942	-2.49847	-2.07802
30.218	40.7734	99.4075	1.79593	-2.30814	-0.18
27.1447	41.3142	96.4826	1.88038	-2.36829	0.00224316
27.1286	42.2619	99.2386	-2.18559	2.62108	-0.831212
25.1091	43.4068	99.8836	1.74987	-2.31046	-0.0944532
-8.86466	5.28155	9.84409	-1.74986	0.228419	-0.176811
23.1136	41.605	96.7819	1.76888	-2.3976	-0.220039
20.1808	36.0694	84.5365	0.543636	0.803233	2.66546
21.7412	39.3362	90.2819	-1.88341	2.53927	0.1153
1.76276	8.90736	-10.8957	0.9672	-1.47412	-1.36468
18.9056	39.2039	89.769	-0.314986	-0.123543	2.93856
9.0766	-4.92129	-9.70598	0.932541	-1.13602	1.13909
16.5812	41.6308	90.6139	1.68564	-2.31908	-0.179254
-10.345	-0.429136	-9.8879	-1.55242	-1.21405	-1.29138
11.5869	43.312	91.1978	-1.93031	2.73378	0.1823
11.2708	41.6112	88.3837	1.56236	-2.26489	-0.184305
12.8235	41.9304	92.0624	-0.145723	-0.0211463	2.88984
13.4276	41.0687	89.9221	1.60594	-2.2843	-0.0255838
16.8576	39.0834	91.1839	-0.401988	-0.043795	2.90195
10.1685	-0.792566	9.91106	-1.04736	1.50778	0.853335
21.5046	38.5041	90.2314	-1.88647	2.60762	0.0832849
25.0454	39.4018	94.635	1.75163	-2.48094	-0.0219575
27.3678	38.1439	95.1529	-1.83785	2.51573	0.0231034
29.1172	37.0075	93.3807	-1.81028	2.39769	-0.239435
31.3924	38.5447	96.7181	-1.81667	2.4496	0.0150473
32.4209	34.6175	90.5263	1.38238	-1.96078	0.377421
35.0454	35.6851	94.4879	1.72366	-2.63288	-0.248999
34.848	36.1219	93.6786	-1.73623	2.57796	0.256373
37.8998	38.9613	101.72	-1.88307	2.5368	-0.063495
10.7382	-0.460043	9.3736	-1.06769	1.5276	0.924823
-8.30113	5.54532	10.1908	1.22787	0.973374	-1.5494
46.2469	36.6362	101.764	1.78049	-2.48475	0.0399454
49.6499	35.3788	100.208	-1.78782	2.53028	0.00502305
54.0153	36.3673	103.935	-1.82228	2.58123	0.0388924
53.5735	34.3424	101.056	-1.84817	2.53969	-0.0305867
57.0013	35.7474	103.158	1.79409	-2.47725	-0.026704
57.6252	35.1825	105.161	1.81592	-2.51348	0.144269
-11.0855	0.849823	-8.86047	-1.65863	-1.08421	-1.26106
60.5061	35.8765	107.358	1.79515	-2.62762	0.0628829
58.6104	34.2888	102.229	-1.80283	2.55798	-0.283373
55.0756	33.35	94.3413	1.28592	-1.90135	-0.15954
63.0806	38.3422	109.996	-1.73489	2.67059	0.0441952
-11.0921	1.24198	-8.86817	-1.70393	-1.06678	-1.2837
61.7439	37.878	109.249	1.77494	-2.6431	0.188297
59.3602	37.9614	101.826	1.73326	-2.68944	-0.066208
60.713	39.938	103.919	1.60318	-2.47864	0.0526181
59.6835	41.1654	102.416	-1.74589	2.66891	-0.0762379
-10.9503	1.59924	-8.92444	-1.78823	-1.03447	-1.32047
56.5491	39.9485	94.8277	1.71339	-2.58203	0.0101439
57.9884	40.8971	97.452	-1.71988	2.71521	0.0764904
55.5571	39.8251	92.2273	-1.6868	2.61134	0.0594323
54.0542	40.3962	87.6836	-1.79581	2.6654	-0.0718895
54.8534	41.9219	87.655	1.66339	-2.48148	-0.0990762
52.3011	39.9895	84.1228	-1.71733	2.58974	0.0297378
50.6012	39.9092	76.9086	-1.69452	2.62904	0.055618
51.8985	41.2855	78.7444	0.29621	0.162004	2.66749
48.1422	39.0305	73.218	-1.77332	2.61511	-0.0163864
48.3602	38.6018	72.9488	1.79395	-2.60186	0.0659209
47.7973	35.817	70.6711	1.70634	-2.65166	-0.17842
47.2647	35.1095	68.1112	-1.762	2.62589	0.158121
47.8161	32.7364	67.5551	-1.75414	2.65981	0.144172
46.6401	30.6171	65.3141	-1.70481	2.56991	0.0490547
51.4284	32.425	70.4931	-1.65875	2.72953	0.257883
51.0984	31.8541	70.3468	-1.73286	2.70622	0.0720394
50.4727	31.0321	71.1106	-1.69768	2.54326	-0.076784
53.5348	31.6204	74.0222	-1.70575	2.61845	0.027197
52.8539	30.7437	72.6736	-1.6808	2.59826	0.0903247
53.2904	29.9861	73.623	-1.61964	2.6439	0.0959389
53.1842	30.4191	72.9626	-1.73372	2.65696	-0.0622371
54.7682	30.7404	75.7752	-1.66006	2.70466	0.0633899
53.1182	29.8838	73.7932	-1.62699	2.6199	0.0795561
53.2506	30.5962	73.8909	-1.66275	2.68573	0.0250428
54.1322	30.6729	76.2308	-1.62151	2.64113	0.13915
52.7208	29.8527	75.1603	-1.68425	2.65645	-0.0843467
54.8954	31.6424	76.8784	1.61879	-2.56131	-0.000940132
52.6835	29.7589	74.1433	-1.57986	2.70509	0.228314
53.0583	30.5001	75.3831	-1.6706	2.62765	0.0318112
-6.12021	-9.48407	-8.38421	-0.288673	-1.33484	-0.152124
53.5898	31.4837	77.3639	-1.65616	2.69616	0.0555315
53.2307	31.1324	76.2423	-1.64184	2.7019	0.121774
54.6103	32.5528	79.5108	-1.65197	2.63382	0.0449749
53.6688	31.6597	79.0955	1.6915	-2.74631	0.00993041
53.6719	31.2422	76.3503	-1.69207	2.70474	0.0521995
56.6112	33.2287	81.8405	-1.65949	2.74858	0.0940731
54.4263	32.5429	79.7915	-1.64759	2.62667	0.0364034
56.3402	32.9639	82.7689	-1.59402	2.64942	0.0573767
56.7103	32.5879	81.7942	-1.59936	2.69166	0.00269117
57.1047	32.6261	81.8003	-1.62064	2.7404	-0.0432963
5.99632	-8.12338	-10.1548	0.721133	-1.11105	0.851906
58.5971	31.0631	82.8951	-1.55155	2.76212	0.0753309
58.7231	31.9719	83.0983	-1.58037	2.69225	0.0883471
58.8661	32.6323	82.5178	-1.79348	2.65591	-0.0272134
61.5767	35.0042	87.2908	-1.72803	2.64305	0.232232
57.9578	33.8135	81.9514	-1.82924	2.45395	-0.0506001
59.2216	35.0721	83.2126	-1.95791	2.47426	0.0873369
11.5494	0.662116	8.44642	-1.11691	1.56998	1.03207
60.3879	37.5413	85.4337	-2.14759	2.5025	-0.0282633
56.7727	35.1259	80.5957	-2.01032	2.30425	-0.0555159
60.6531	38.5084	84.7339	2.07655	-2.14901	0.145109
56.5034	37.4748	81.0155	-2.16659	2.26113	-0.0898374
11.3833	2.25521	8.26921	-1.23027	1.48313	1.17782
57.1329	38.3046	82.5301	-2.18153	2.20319	0.0312459
56.7545	39.9785	82.0162	-2.25228	2.13185	0.0158873
-3.13496	-11.0907	-8.6466	1.31923	1.53267	1.04415
55.8103	41.6234	81.095	2.37219	-2.04106	0.0129752
55.6668	44.2468	82.8413	2.5059	-1.9385	0.00717501
54.2184	43.0935	80.6753	-2.43	1.88518	0.0139949
0.579274	11.4483	8.85749	1.60861	0.253584	-2.29949
51.9947	45.751	79.109	-2.57017	1.69141	0.164973
53.1283	48.0991	81.2755	2.67253	-1.68523	-0.118854
49.3432	50.347	79.9641	-2.75831	1.42604	0.0579647
-8.4961	-8.10863	-7.93068	-0.835366	-1.36502	-0.562709
50.0593	55.4928	84.8464	2.90427	-1.38695	-0.0875885
43.1012	53.0367	78.6671	-2.87219	1.12092	0.0284255
-5.5242	8.4358	9.56708	-1.83997	0.716589	-0.469102
6.32144	9.94072	8.04252	-1.79471	0.765798	2.03987
6.15684	9.99926	8.04087	-1.81756	0.760099	2.03592
30.5827	59.7016	81.6414	-3.01794	0.761852	0.0568823
26.702	57.5009	76.9915	-3.04832	0.663278	-0.0472646
-4.27394	-10.7397	-8.09266	-0.449153	-1.44032	-0.202474
24.0924	59.0678	79.5007	3.13496	-0.587103	0.0800953
23.4334	59.0126	80.2865	-3.02498	0.62158	0.0974583
4.22031	10.706	8.14865	-1.95563	0.626321	2.10996
20.2097	56.7611	79.0085	-3.14113	0.507053	0.0147514
20.1462	56.7514	80.2945	3.03229	-0.558548	-0.091214
18.34	53.0719	78.66	-3.18223	0.531241	-0.0142686
-3.19663	-10.8995	-8.42538	-0.362583	-1.46154	-0.154246
16.6088	48.7448	75.3259	-3.0989	0.527299	-0.023694
3.06865	7.99628	-11.2312	2.09078	-0.189344	1.90328
14.6406	47.2708	79.0272	-3.08114	0.52091	0.0285964
13.599	46.711	78.6846	3.0565	-0.493223	0.067368
12.5728	46.2526	77.5157	3.07185	-0.56051	0.0161133
10.5095	44.5409	76.4582	-3.02585	0.48781	-0.125235
9.43376	43.4859	76.8272	-3.07131	0.464478	-0.17156
8.64608	44.8457	79.9685	-3.19397	0.530851	0.00399363
8.2147	43.0895	78.7923	-3.20674	0.578494	0.156708
7.3692	41.2013	78.3207	-3.14339	0.54472	-0.0652028
7.00314	39.8806	79.8514	-3.01878	0.496126	0.0841543
6.51958	36.5217	73.6903	-3.18491	0.480686	-0.229096
6.71475	35.8161	72.9568	-3.149	0.494945	-0.269602
6.80715	35.5043	74.0955	-3.41051	0.642299	0.701807
7.87437	34.017	75.2033	-2.9255	0.523197	-0.20335
8.9866	33.6899	76.5606	-3.07763	0.558347	-0.00917757
8.73273	33.4244	76.2086	-3.12418	0.513465	0.0790347
11.6413	31.3042	76.9481	-3.05116	0.521433	0.0150467
12.8812	29.2028	77.3807	-3.20004	0.525841	0.776256
13.7975	26.742	70.3095	3.29248	-0.567123	0.274679
15.935	26.2004	71.6144	3.14051	-0.551147	0.233875
18.5996	25.2284	74.4061	3.11362	-0.550964	0.0222674
27.0736	17.9987	77.0831	3.09314	-0.440588	0.0474939
31.1088	16.2554	82.1389	3.08568	-0.467443	-0.160683
29.3991	14.809	70.9707	3.15173	-0.50009	0.262817
33.7792	12.1669	75.1282	3.14038	-0.519291	0.197205
33.6007	11.5687	75.9362	3.11017	-0.499307	0.13806
36.5941	8.51092	77.2872	-3.22694	0.502411	0.0366817
35.3177	6.41766	73.8162	3.00894	-0.394837	-0.0663808
5.3024	8.90197	9.34631	-1.67702	0.357901	2.28666
35.5779	3.64804	69.6268	-3.17813	0.43843	0.00876418
37.6055	2.47816	73.1163	-3.20127	0.421879	0.220287
38.0812	1.5835	72.2055	-3.1739	0.434533	0.0998465
35.847	1.2676	67.61	3.0476	-0.401351	0.0284355
35.8819	0.652952	65.3702	-3.27614	0.441879	0.0411465
34.2441	0.320779	64.5032	-3.25307	0.412198	0.0643351
4.87438	8.95293	9.50433	-1.66029	0.26541	2.35557
35.4371	0.110108	65.4598	-3.22334	0.413153	0.093766
34.5575	1.50189	61.7355	3.05698	-0.452102	0.129955
34.956	1.47743	63.3186	3.06651	-0.446147	-0.000298593
33.8019	1.10174	60.8023	-3.20648	0.421213	-0.102591
34.9467	0.0833289	64.7185	-3.25587	0.339877	0.0216891
34.3892	1.74972	62.6826	-3.12074	0.419398	-0.0995698
32.8458	0.827279	62.3198	-3.20476	0.251635	0.0259042
35.442	-0.824762	66.9415	3.03771	-0.123236	-0.118095
34.2535	-0.579303	63.3699	3.0771	-0.0839105	0.0547249
34.7383	-3.47603	64.0923	2.88194	0.127063	-0.122537
36.4202	-2.11975	66.0948	3.0367	0.0356297	-0.0271485
2.25116	9.41084	9.95279	-1.76288	-0.0511289	2.5591
35.2753	-3.07842	62.5196	3.02687	0.153019	0.0751211
-1.82339	-9.43267	-10.0018	0.0689866	-1.20464	-1.57352e-05
39.2764	-5.248	67.7667	-3.20475	-0.234931	-0.042937
38.8325	-5.83925	66.5622	-3.24708	-0.3235	0.0241338
37.1	-5.97989	63.3303	-3.26198	-0.397391	-0.0444593
39.055	-6.83349	66.439	-3.21444	-0.456674	0.0566841
40.9715	-9.77085	68.1736	2.91235	0.58403	-0.0891122
40.3144	-10.1385	67.3627	-3.22881	-0.667081	0.0424495
40.2131	-12.8308	66.7639	2.80896	0.793607	-0.0847111
43.2994	-14.3991	70.2222	2.88043	0.871772	-0.0432857
42.2808	-15.9293	68.7169	-3.13402	-1.02211	0.0735667
41.1396	-17.2917	67.8703	2.76102	0.999059	-0.1468
42.7918	-21.1597	69.655	2.73244	1.13447	-0.167811
5.11004	-6.0102	-11.6559	0.679064	-1.23352	0.504819
8.8723	-7.82768	7.71204	-0.56633	1.69745	0.774485
39.1226	-24.2627	61.4792	-1.19114	-1.26739	-0.570557
46.0218	-33.249	74.9725	-1.47673	-3.13539	1.63928
62.1882	-23.7491	91.6084	0.276774	1.53287	-1.65087
-5.02674	11.1918	-8.13593	0.87108	-0.846664	-1.48689
-9.41367	8.72477	-7.42142	1.12184	-0.522026	-1.0773
-8.25212	-9.00568	-9.23142	-0.162952	-1.0944	-0.250642
43.7696	-27.4544	67.7075	2.39742	1.59405	-0.0838553
41.2066	-25.4732	70.1909	2.50093	1.61438	-0.143835
-7.39098	2.97121	11.7741	1.43877	1.08825	-1.71996
32.1493	-20.4744	69.813	-2.68769	-1.72945	0.321823
28.994	-18.5464	68.1989	2.64318	1.66056	-0.146999
22.3549	-16.2594	61.2928	2.42608	1.62905	-0.190224
20.7007	-15.1657	69.4024	-2.63716	-1.63585	0.352405
20.4833	-14.7366	66.9271	-2.70188	-1.79751	0.440929
22.7417	-15.2164	69.354	-2.6464	-1.62743	0.232017
23.9746	-16.1673	65.9849	2.57648	1.64724	-0.195145
26.7968	-18.8576	68.002	2.5426	1.70301	-0.193172
27.9403	-19.524	66.1105	2.41779	1.65886	-0.176143
26.5624	-19.2554	64.0396	2.34786	1.6524	-0.185297
24.7208	-18.9371	61.609	2.38704	1.65895	-0.104678
20.191	-16.8718	64.0566	2.40985	1.65668	-0.246002
18.2809	-15.711	64.227	2.43002	1.62483	-0.139719
15.9066	-14.5617	67.606	2.42216	1.65623	-0.323822
10.1593	-10.6781	70.6402	-2.35929	-1.49773	0.658358
3.53921	-7.17858	66.5818	-2.53368	-1.57736	0.455032
0.329961	-4.6103	61.2984	-2.4908	-1.49533	-0.243155
-3.04008	-2.02754	71.3077	-2.57547	-1.53584	0.576703
-5.06093	-1.81812	68.4748	-2.51868	-1.49472	0.422727
-6.1239	-4.4765	67.1641	2.51517	1.71171	-0.254373
-6.76041	-6.91249	64.4254	-2.34314	-1.63846	0.456527
-6.57844	-7.25985	57.7163	-2.51677	-1.7933	-0.304734
-6.6933	-7.92006	63.2532	2.45613	1.83698	-0.557517
-6.47121	-8.97734	64.0248	-2.45397	-1.90142	0.386957
-6.86947	-9.67156	65.5738	-2.36137	-1.8117	0.50549
-6.9878	-11.9128	63.4303	2.30445	1.94006	-0.504394
-6.46565	-13.2539	63.245	-2.28446	-2.07963	0.675387
-9.93669	-1.76439	10.1661	1.26948	1.23422	-1.22912
-6.42501	-15.9025	62.2791	-2.10359	-2.07917	0.668557
-6.25904	-16.3488	64.4943	-2.1156	-2.21376	0.559898
-6.78917	-16.3905	64.2958	2.2199	2.26797	-0.7272
-6.2243	-17.5771	64.6224	2.16665	2.27539	-0.567213
-5.95051	-17.5181	66.9874	-2.09373	-2.22423	0.590274
-5.29588	-18.028	65.5397	-1.96655	-2.07475	0.419503
-4.71944	-18.1196	61.8633	2.03165	2.22823	0.00409509
-3.23605	-17.7931	66.2695	1.97576	2.28697	-0.443423
-2.69193	-18.5933	66.688	-1.96982	-2.31884	0.340663
-0.548404	-18.8242	67.1993	2.00913	2.4846	-0.560335
-0.439785	-19.2537	64.5217	-1.77589	-2.22909	0.267569
0.960747	-19.4142	65.0019	-1.83848	-2.3681	0.326847
3.59934	-19.517	65.5463	-1.66087	-2.34575	0.570143
3.02869	-19.552	65.4999	1.85177	2.53597	-0.279128
8.28764	5.24785	-10.2537	1.5212	-1.06947	1.35918
8.96057	-20.0311	63.321	1.7036	2.69947	0.0768665
11.283	-19.6665	64.8341	1.54983	2.668	-0.447942
11.2727	-20.367	65.298	1.60902	2.71052	-0.34605
13.4708	-20.4932	60.9001	1.55959	2.57912	-0.136066
10.8475	2.71128	9.19864	-1.44506	0.891661	1.71747
23.2512	-18.6067	62.9408	1.287	2.86308	-0.316929
30.9387	-16.7958	63.4655	1.12141	2.78309	-0.148049
32.4154	-15.7068	60.5513	1.14252	2.91443	-0.0604028
34.1908	-15.4031	60.83	1.08379	2.93832	-0.0811718
37.9356	-14.6486	62.9322	0.938555	2.80482	-0.267492
39.6959	-12.9528	59.5196	0.891107	2.93133	-0.130852
49.0185	-10.5249	65.7895	-0.518645	-1.88696	0.532909
51.5657	-9.07432	64.5659	0.743844	2.93737	-0.123069
53.2251	-7.13997	63.7173	0.76106	2.92096	-0.00847566
57.2841	-5.48305	66.1527	-0.76744	-3.1049	0.0115003
61.7955	-3.05447	66.4006	-0.694919	-3.16837	-0.0011927
65.7578	-0.387367	65.6073	0.622542	2.97209	0.0894816
68.6296	0.532663	67.0846	0.557272	2.95535	0.0315356
70.4696	1.08792	68.2978	0.477111	2.95125	-0.0313179
2.58627	-10.2138	10.058	0.204782	1.99385	-0.289765
2.30545	-10.2135	10.1183	0.230919	1.99692	-0.322389
77.6313	4.9642	70.3571	0.51774	2.95226	0.0219508
72.2538	20.0275	59.9624	2.09506	1.07419	1.65125
80.6924	6.53965	70.3795	0.480461	2.94631	0.0297006
95.7574	29.4016	75.7366	-0.228649	-0.0364199	2.77204
85.0412	10.2948	69.6697	0.522123	2.90373	0.0870962
86.2046	10.8857	71.0632	0.522449	2.905	0.0680313
88.2717	12.4017	72.0592	0.502012	2.91814	0.046068
88.3772	13.215	71.7029	0.503398	2.91198	0.0356495
87.8516	13.0481	71.0586	0.504079	2.93039	0.0436948
89.6177	15.1202	71.9594	0.478975	2.93963	0.0653204
87.7029	16.4165	70.4047	0.525509	2.9049	0.115554
86.3723	16.9505	69.2107	0.52513	2.90982	0.0769303
89.3593	20.2291	71.8315	-0.614628	-3.2587	-0.0667894
89.0679	22.1608	71.686	0.491989	2.8945	0.0613081
87.2298	23.4893	70.2179	0.517749	2.89472	0.0901546
85.8016	25.4116	69.2986	0.528022	2.89301	0.0975357
87.5192	39.1291	74.5942	0.47794	2.92455	0.101314
80.825	37.8408	69.8876	0.587626	2.93721	0.152826
69.4164	41.3219	63.5817	0.0558953	-0.253346	1.1329
72.9032	52.3716	71.2106	-0.620014	-3.14352	-0.242639
2.87024	-8.46702	11.4736	-0.000679621	1.90275	-0.347814
2.21151	-8.19851	11.7127	0.0114167	1.86136	-0.378018
67.0219	60.5744	72.2852	-0.64057	-3.06061	-0.307922
61.7975	58.4473	68.9267	-0.688601	-3.02754	-0.322648
62.8491	60.2959	70.2708	0.659975	3.05051	0.346483
62.8029	63.6547	73.1351	0.688391	3.09237	0.281862
59.4473	61.3187	69.9239	-0.677229	-3.0466	-0.3662
58.7259	61.3347	70.7206	-0.689561	-3.0657	-0.278502
56.0425	61.5088	70.6665	0.686433	3.02225	0.316485
51.3331	57.8116	67.1966	0.660701	3.00884	0.329301
51.2831	61.0027	70.8763	-0.701737	-3.07298	-0.263074
49.9177	60.6977	70.1515	-0.717974	-3.0584	-0.288127
-1.41507	-6.97204	12.3347	0.141116	1.64411	-0.556955
47.0369	63.3709	72.9298	0.130209	-0.0644425	1.10515
44.8393	60.3075	69.8695	-0.656617	-3.05141	-0.239391
42.4608	61.4573	70.2954	0.66018	3.10763	0.252553
41.2742	63.7842	72.2624	0.7465	3.12861	0.251966
38.077	61.246	69.9867	0.716589	3.13808	0.239406
37.5011	59.3715	68.0563	0.175365	-0.0830748	1.12598
37.7352	63.4923	72.6778	-0.696859	-2.98494	-0.193475
34.527	58.5706	68.1388	-0.661101	-2.98351	-0.255726
34.5808	59.3841	69.6683	-0.647035	-2.98209	-0.257192
33.9388	57.7922	68.3356	0.665212	3.14041	0.267426
34.3976	58.6554	69.5965	-0.55016	-3.02889	-0.26382
33.5554	57.906	68.9456	0.523104	3.15015	0.265278
33.3434	57.0853	67.9728	0.19699	-0.116451	1.33162
31.4926	53.9158	65.9178	0.367562	3.17265	0.285875
32.2162	55.0479	68.915	-0.258578	-3.07741	-0.1631
31.351	54.9907	67.3204	0.239553	3.23343	0.261767
31.4482	56.3176	69.8663	0.167349	3.20717	0.232851
30.2149	54.0322	67.0956	0.124213	3.20634	0.27119
30.5913	55.7327	70.6294	-0.00136172	3.19692	0.130217
28.4062	51.9836	65.9449	0.158111	-0.0735757	1.56463
-4.12746	7.28965	-11.6147	2.32865	0.361403	1.96299
27.5425	54.2774	67.9694	0.161145	-3.03445	-0.162301
27.8537	55.1079	67.6192	-0.336789	3.15601	0.217278
24.8055	51.8607	63.3496	0.326668	-3.02974	-0.252857
24.8057	55.4594	66.2971	-0.40035	3.17074	0.279805
24.6451	54.8294	65.8304	-0.457485	3.13787	0.233877
24.1398	54.4678	65.5136	0.139687	-0.124913	1.86882
22.1391	56.1169	64.5536	-0.563594	3.13358	0.278798
20.7141	56.3386	63.79	0.54021	-2.98861	-0.255597
18.1168	61.9706	67.037	0.60261	-2.95578	-0.228698
17.7894	58.9908	63.3136	-0.671557	3.18014	0.290876
17.2594	62.4018	65.4434	-0.716909	3.13666	0.286822
14.2213	65.8002	65.5735	-0.761304	3.21648	0.396791
14.1437	66.3638	66.3423	0.690633	-2.89645	-0.289344
12.8915	63.1784	61.3842	0.712905	-2.93292	-0.340049
12.3779	68.6309	66.423	0.683218	-2.90813	-0.309842
9.06203	-3.21669	11.0192	-0.805011	1.72861	0.324045
9.37861	66.9006	62.8237	0.644037	-2.87151	-0.310593
-8.72339	3.29803	-11.198	-2.1322	-0.988503	-1.67568
6.74798	72.1088	64.0296	-0.745303	3.16166	0.443645
8.47466	-3.46843	11.3249	-0.77711	1.70945	0.279054
-9.27645	2.26139	-10.9808	1.08401	-0.605019	-0.52507
-8.69489	3.1564	-11.245	-2.12845	-1.0065	-1.67051
-2.16502	88.7364	68.1619	-0.168874	0.405055	-2.65936
5.24093	75.7113	65.4795	0.652344	-2.8864	-0.374951
5.45953	77.9975	67.3841	0.703964	-2.90395	-0.36289
5.89625	79.8392	67.4206	-0.690735	3.20466	0.446331
6.05292	79.4077	67.0247	-0.678214	3.19435	0.442892
8.97284	-2.95586	11.1439	-0.832064	1.73403	0.301057
8.21859	87.5574	72.4785	0.610202	-2.90869	-0.427437
9.05269	-2.90408	11.0377	-0.829158	1.76049	0.289505
3.40436	-11.8412	-6.85003	0.790499	1.98477	1.23288
-9.30081	2.82458	-10.883	-2.19169	-1.02945	-1.58947
16.8118	96.7114	76.5748	-0.684705	3.1403	0.422959
18.532	92.9648	73.3711	0.586801	-2.97466	-0.408836
-11.096	-3.90208	-9.81185	-1.7563	-1.48735	-1.03608
5.51792	144.005	107.197	0.539039	0.287195	-1.80439
-10.5768	3.12288	9.44236	0.561762	0.930599	-1.22946
10.3217	-2.16018	10.2287	-0.908046	1.86081	0.323706
28.84	100.11	76.1904	0.601727	-3.04081	-0.467524
29.2088	98.9858	74.7205	-0.54719	3.07414	0.507624
32.1729	113.546	89.8705	0.2653	-1.38234	2.14676
10.4965	-1.93835	10.065	-0.923358	1.87529	0.334134
10.2911	-2.41382	10.1874	-0.881923	1.87769	0.30607
33.2451	104.261	79.3394	0.629011	-3.03938	-0.443603
10.5476	-2.1048	10.0402	-0.911205	1.8824	0.328322
14.429	123.157	93.8127	-5.22384	-1.05808	1.03353
-10.1077	-6.9635	-7.31311	0.983638	0.205996	0.128233
-8.88681	-2.6309	11.0949	-1.95565	-0.522158	0.631909
9.16991	111.499	80.9743	0.189604	0.200767	-1.18773
7.40227	-8.76494	-7.80178	0.49424	2.50942	1.35344
31.9782	96.3795	72.5307	-0.563582	3.08242	0.384439
-3.25033	11.7615	6.72327	1.29689	0.298447	-2.01347
30.0823	96.7149	71.8589	0.548875	-3.05062	-0.439719
22.5258	180.431	123.36	-2.57424	0.546386	-0.857249
-3.24104	12.0579	6.92319	1.49363	0.18802	-2.0783
10.1709	-3.79668	-9.16865	-0.149435	2.86957	1.60754
16.5197	171.356	116.774	-2.55162	0.315962	-0.912332
40.7697	228.11	162.845	-0.643561	0.3356	-1.81868
22.1445	108.161	82.7197	0.655713	-3.00611	-0.772047
10.9484	92.1044	74.579	0.404528	1.0822	-2.52009
6.9444	85.3165	71.7562	1.53753	2.66966	0.663461
25.9123	98.5407	72.4159	0.477587	-2.99104	-0.470903
24.5202	111.07	80.6873	0.137353	-0.834372	2.97741
26.1791	84.6575	66.7164	0.210143	-1.21076	2.23259
10.3851	-2.25049	10.2511	-0.897288	1.86436	0.309513
10.6687	-1.76176	10.0667	-0.942417	1.86348	0.349779
21.5168	102.116	73.0385	-0.0874278	0.427303	-2.80969
-9.65527	3.38856	-10.5685	-2.2859	-0.970005	-1.5592
28.0902	74.3221	64.0083	0.518759	-3.03478	-0.37555
19.2287	66.4405	50.5166	0.215697	-0.719236	2.97652
8.76186	76.4622	69.6028	3.89423	-0.469797	-0.392917
28.8716	67.1814	62.1545	-0.538795	3.12286	0.31415
28.8115	63.7632	61.6112	-0.556473	3.12471	0.24132
28.0139	59.157	59.2134	-0.529348	3.13755	0.285019
27.7634	56.3049	57.5145	-0.551299	3.11924	0.286432
27.7042	55.4491	58.157	0.194387	-0.128004	1.91989
-8.78523	4.78533	-10.7238	-2.30224	-0.804737	-1.67946
28.3386	50.3086	56.9073	-0.487667	3.15273	0.330825
8.91313	-4.92182	10.5859	-0.622019	1.82017	0.232873
8.15771	-5.82439	10.7391	-0.913136	-1.17969	1.80992
33.3536	33.2401	56.1895	0.619055	-3.12437	-0.08572
35.2526	33.4127	58.5882	-0.62141	3.09325	-0.0047005
7.99411	-6.2798	10.4166	-0.469881	1.83017	0.183575
35.0686	29.1976	54.0124	0.513648	-3.07329	-0.244281
36.4578	30.1222	58.3139	0.592337	-3.10651	-0.0941732
37.5283	29.843	59.379	-0.6111	3.06204	0.13073
38.1738	30.0284	60.327	-0.584759	3.07755	0.124063
37.115	29.3435	59.6314	-0.625442	2.99065	0.101573
8.21048	-6.34375	10.2169	-0.486014	1.83165	0.226586
36.3929	30.6333	60.1627	0.53369	-3.06817	-0.22239
-0.30732	11.7669	8.37545	1.68332	0.209387	-2.18513
35.1172	34.6818	65.6919	-0.589372	3.11574	0.164627
35.299	35.9956	67.7062	0.521995	-3.04693	-0.23495
34.5975	37.3311	70.9564	-0.588891	3.14544	0.0416101
34.8212	37.5506	70.9918	-0.5921	3.13122	0.0865946
32.435	36.4041	69.2833	0.541933	-3.06021	-0.165997
-6.75105	6.82478	-10.7195	-2.29638	-0.553367	-1.84515
31.9949	41.7255	76.8791	-0.611351	3.12444	0.0885691
7.14246	-6.49352	10.6838	-0.478429	1.75414	0.212523
30.5865	41.0819	74.7503	-0.62907	3.13544	0.0825259
29.755	41.5792	75.6503	-0.585337	3.14133	0.0288318
6.7572	-6.66798	10.8041	-0.45369	1.74101	0.18693
27.9466	39.7486	73.0318	-0.55367	3.11019	0.183402
6.59028	-6.76398	10.8475	-0.450598	1.731	0.185333
27.0739	42.6767	78.3432	0.574543	-3.04022	-0.0685886
26.2984	41.893	77.4225	0.527668	-3.01638	-0.122255
24.9175	40.5143	76.9986	-0.557712	3.10403	0.103823
24.8843	43.2545	81.0898	-0.564294	3.094	0.0875085
22.5878	47.8381	87.9457	0.550151	-2.99418	-0.0330937
19.9569	48.6536	88.4928	0.529315	-2.99304	-0.0953344
18.8094	47.0066	86.1477	0.460448	-2.92651	-0.115404
18.8245	43.8348	83.1338	0.511517	-3.05926	-0.124006
18.7082	44.4856	85.7422	-0.517836	3.25218	0.108965
-5.32124	7.29502	-11.0453	-2.20367	-0.525467	-1.97206
9.18932	2.24482	-10.4319	1.28935	-0.781814	1.58839
18.7842	42.298	85.6925	-0.540774	3.12527	0.0708693
18.662	42.6977	86.9631	-0.542998	3.17774	-0.0833711
-4.75753	7.47554	-11.1082	-2.2231	-0.474237	-2.01655
17.535	41.8724	85.125	-0.469252	3.26229	0.0568105
-3.65392	10.6141	8.62371	-1.53448	0.956339	-1.00837
17.7313	43.0208	85.5266	0.5013	-2.96606	0.132681
17.6411	43.6172	85.5031	0.456079	-2.94807	0.0428271
18.1263	40.4198	78.8424	0.113942	-0.0140404	1.88752
5.21433	-7.22454	11.1643	-0.392003	1.65802	0.137782
17.1971	46.9575	83.27	-0.495453	3.26793	0.106932
17.3102	47.4827	83.8347	0.128858	0.0378695	1.88728
17.4573	48.7896	84.343	0.529207	-3.03383	-0.0406067
17.4895	52.3951	90.6013	-0.452421	3.24275	-0.115054
17.8871	49.867	83.8288	0.373941	-2.92689	-0.0823157
19.7251	50.1936	83.4651	0.425151	-2.99932	-0.00964264
20.498	50.3237	82.1013	0.456041	-2.97943	-0.00888031
5.65636	-6.87524	11.175	-0.407811	1.71465	0.112721
28.9355	56.27	85.0408	0.44963	-2.97021	-0.0540124
35.3055	57.9315	85.4712	0.455988	-3.08355	-0.153763
34.061	52.3169	76.9354	0.463669	-3.05215	-0.183489
37.9489	54.8017	78.9359	-0.381212	3.14511	0.287067
42.1516	57.4107	81.6706	0.344395	-3.06051	-0.232602
7.17227	-6.56155	10.6993	-0.452834	1.82939	0.132067
48.7715	57.1013	81.3575	-0.420295	3.03797	0.215224
53.81	56.2477	80.274	-0.402741	3.01406	0.223536
56.4661	57.6267	82.0608	-0.460839	2.97654	0.14571
0.41709	11.8191	7.81154	1.55253	0.157018	-2.26862
58.5045	57.1104	81.1409	-0.38881	3.03826	0.196191
58.9599	56.2415	78.5121	-0.453446	3.03816	0.222289
58.921	56.2007	78.4424	-0.454196	3.04179	0.214879
59.9972	55.5453	78.1847	0.461852	-3.14729	-0.156562
59.9947	54.8683	76.8225	-0.401245	3.05862	0.242395
61.6752	56.0006	78.5876	-0.422578	3.03524	0.159434
58.0098	50.7373	71.984	-0.376202	3.04508	0.222647
61.0183	54.3747	76.3847	-0.36408	3.04873	0.225996
8.95915	-6.13819	9.84458	-0.514927	1.94997	0.186241
59.156	51.0212	72.5747	-0.392411	3.01781	0.242594
8.57866	-6.34986	9.95968	-0.477155	1.94893	0.155451
57.3706	47.4454	69.1204	-0.356364	3.07294	0.249823
56.038	45.6426	67.2153	-0.377152	3.0701	0.243326
0.653731	11.868	7.83007	1.48971	0.19216	-2.28504
56.4606	45.6803	68.7595	-0.420724	3.03573	0.169711
58.0196	46.4853	71.1455	-0.394341	3.08448	0.115895
57.7817	46.4978	71.031	-0.406727	3.09644	0.11548
55.9269	44.7378	69.6357	-0.352308	3.11157	0.144411
56.647	45.0935	69.5006	-0.376829	3.09115	0.176583
56.1664	44.2358	68.738	-0.41147	3.04228	0.155559
56.126	45.0935	70.0194	0.444676	-3.16281	-0.158782
8.3397	-6.58039	10.0308	-0.449039	1.93488	0.145694
53.4992	41.7099	65.9705	0.0409826	-0.216935	1.83854
8.42007	-6.67055	10.0263	-0.850722	-1.05406	1.76138
52.5582	42.2677	64.8089	-0.374979	3.0899	0.179281
50.2154	39.648	61.6048	-0.388547	3.07577	0.162611
47.6414	37.3424	57.4817	-0.384985	3.03804	0.21359
48.9419	39.4548	59.3885	-0.408697	3.07456	0.139204
45.9117	35.972	55.2578	-0.359869	3.07567	0.180533
45.7642	36.2716	55.3254	-0.354733	3.07679	0.183088
43.3868	34.362	53.162	-0.335709	3.08799	0.214907
45.9949	37.1621	56.6903	-0.425244	3.0532	0.113792
42.9668	35.1294	55.0001	-0.369339	3.09404	0.146273
44.3206	37.0491	56.968	-0.378447	3.12538	0.138988
43.7864	36.4042	56.9588	0.379039	-3.16032	-0.21538
43.7423	36.7605	58.4899	-0.371942	3.08345	0.188046
43.0992	36.6675	61.4046	-0.382619	3.07707	0.0848783
7.59067	-6.9159	10.3975	-0.405934	1.87311	0.114312
41.5875	36.6609	64.7745	-0.266312	3.16871	0.211187
41.2563	36.2597	66.4471	-0.441581	3.03767	0.143915
42.517	38.1983	71.6482	-0.401399	3.10312	0.0730368
39.9295	33.7693	70.2231	-0.37093	3.04934	0.184422
38.6019	32.9968	68.6111	0.242742	-3.03417	-0.198838
6.9174	-7.24178	10.4669	-0.387422	1.81662	0.141024
36.5286	29.6086	74.9842	-0.207686	1.4246	1.5535
34.8702	25.5143	72.0292	0.323708	-3.18764	-0.376034
33.3546	26.8537	76.6835	0.172525	-2.97187	-0.493255
35.7839	27.7167	88.8176	0.269138	-3.03615	0.0234125
34.9697	25.5832	88.7442	0.254256	-2.44217	0.778685
34.2918	23.8041	88.503	-0.0543157	-0.0682616	1.82
34.6052	25.9776	91.1375	-0.341038	3.19725	0.20647
33.9699	22.8878	93.7392	-0.373331	3.08827	-0.0562234
4.55166	-8.54821	10.4601	-0.245372	1.69817	0.119601
4.40551	-8.66868	10.4422	-0.240989	1.68822	0.125439
30.9754	17.482	103.028	-0.387034	2.98792	0.152893
4.14582	-8.80147	10.3753	-0.232089	1.66944	0.137741
28.7638	13.4762	101.444	-0.361974	2.88901	0.265561
4.33891	-8.86993	10.2751	-0.248435	1.6565	0.171944
26.7203	9.67611	103.993	0.2326	0.71494	1.73245
26.6451	9.50157	106.568	0.292223	-2.52039	0.591486
10.257	2.16481	9.53821	-1.41233	1.17049	1.37291
-3.65993	9.09244	-10.2428	-2.21804	-0.263075	-2.04072
-1.13371	10.3119	9.66358	1.9673	0.242277	-2.14305
27.4213	12.6833	122.71	-0.404573	2.85269	-0.558553
25.0421	8.49671	105.003	0.229713	-2.51843	0.380993
27.0302	11.2915	115.912	0.417973	-3.39635	-0.0202104
27.1122	11.318	113.348	-0.389271	2.92027	-0.058138
-3.82821	9.03794	-10.2614	-2.2105	-0.289509	-2.03092
27.2556	13.2862	112.72	-0.329332	3.11119	0.205806
26.767	13.7622	111.692	0.352239	-2.96539	-0.0159691
25.2653	11.6936	103.491	0.399673	-3.35024	-0.247565
23.8286	11.2599	100.501	0.262043	-2.49891	0.554415
-9.36056	-1.48975	10.3745	-1.65869	-0.094482	0.146022
25.9517	15.3592	111.592	0.463225	-3.25711	-0.0746123
23.8872	14.1779	105.67	-0.35694	2.92217	0.1425
9.32401	1.17934	-10.3124	0.103981	-2.24411	-2.03
9.29687	1.52261	-10.3313	0.13771	-2.22563	-2.01442
-9.84873	-0.21856	10.3382	0.964338	1.25314	-1.11525
1.54196	-10.33	-9.48093	1.05948	1.52975	1.3552
2.12943	-10.0838	-9.4951	1.01942	1.59073	1.40503
-9.74813	-3.811	-9.51767	1.46449	0.173315	0.130634
23.4593	14.8821	107.387	0.272843	-2.64267	0.543099
23.9585	16.8728	109.904	-0.385312	2.9072	-0.019238
18.9558	35.4347	109.233	0.582323	-0.1936	-2.84698
24.7688	16.0759	104.13	-0.195297	-0.28925	1.79909
9.79874	-0.139161	-10.3098	0.171422	-2.21977	-1.9822
26.2402	17.6018	105.233	0.266599	-2.54115	0.60962
29.172	21.0265	110.205	0.433152	-3.25385	0.0593979
31.3706	23.7038	115.862	-0.170164	-0.0987035	1.87508
32.0289	21.9699	108.526	0.470067	-3.29148	0.167138
4.51746	-8.61069	10.4287	-0.251098	1.6985	0.131567
37.7897	22.8757	103.75	0.344819	-3.15303	-0.156188
38.0589	23.0612	105.506	0.388721	-3.31285	-0.117519
46.0829	25.1009	103.984	0.397274	-3.20957	0.0989401
58.1207	28.688	111.027	-0.388715	2.90043	-0.0858102
59.5814	26.9981	104.621	0.225602	-2.12775	0.638669
67.6313	28.9413	109.211	0.35206	-3.06379	-0.0686273
67.2442	27.2416	104.31	0.324068	-3.1527	-0.218734
74.3211	30.9514	113.777	0.401889	-3.10664	-0.0384864
73.5735	28.8355	109.983	-0.447488	3.07725	0.00720221
74.8743	28.7514	110.249	-0.410491	3.06816	-0.0551633
73.5518	28.1933	107.353	0.405394	-3.2094	0.13123
6.38759	-8.25844	9.78755	-0.276062	1.88055	0.138529
75.04	28.605	104.565	0.389451	-3.14215	0.0383772
69.4278	25.2831	96.063	0.223854	-1.87414	0.672614
74.3523	27.7306	103.1	-0.252548	3.14193	0.173182
75.2493	29.1445	105.945	-0.305079	3.06475	0.0539693
72.7704	27.0325	101.489	-0.25951	3.04245	0.205697
73.0407	27.7279	102.732	0.325969	-3.13364	0.0259428
7.28838	-7.88537	9.60722	-0.346548	1.8899	0.201999
68.9045	25.9584	96.8938	-0.349585	3.04421	0.127125
68.1757	24.8952	96.3826	0.284506	-3.23538	-0.236066
63.5845	21.5828	90.8976	0.215419	-1.81121	0.739198
63.5845	21.5828	90.8976	0.215419	-1.81121	0.739198
66.0171	24.8426	95.588	-0.380152	2.97716	0.0221183
64.7905	23.4176	94.8677	0.350785	-3.18756	-0.0409958
68.9107	26.8925	101.101	0.329721	-3.05421	-0.130395
66.7038	25.9199	99.4299	-0.330069	3.01846	0.105037
64.805	24.3397	94.9534	0.31663	-3.09338	-0.173729
61.776	23.5926	95.1245	0.231287	-2.10536	0.483022
64.1863	25.1689	98.4445	-0.371076	3.10658	0.0497434
-6.11643	8.35345	-9.9366	-2.41764	-0.347937	-1.79853
62.5411	25.0466	97.5272	-0.44428	3.04439	-0.00969957
60.4678	23.4031	95.1495	-0.370567	3.01243	0.0708621
6.21519	-8.32797	9.97812	-0.272811	1.84026	0.137796
58.8518	23.9309	96.0062	-0.358669	3.0823	0.06369
56.7613	21.7952	92.0503	-0.352564	3.05768	0.0512794
5.15974	-8.55784	10.1494	-0.195511	1.82237	0.0676695
54.7694	21.98	97.1906	0.332069	-3.02671	0.0139333
5.23358	-8.60293	10.1709	-0.209564	1.80725	0.0847571
50.0349	18.5498	90.273	-0.323193	3.1664	0.0048822
50.8666	18.9118	101.603	-0.309361	3.30305	-0.900211
42.9167	13.7117	82.5864	0.31042	-3.14555	-0.216331
41.6412	12.218	82.683	0.281274	-3.11254	-0.177335
38.0613	9.61837	81.0164	-0.330967	3.04734	0.023681
36.5173	8.00585	79.0114	0.276576	-3.1317	-0.170747
4.90119	-8.89297	10.055	-0.211108	1.72029	0.142495
31.9188	2.05215	76.0408	0.0201932	-0.232436	1.70507
31.7008	1.34263	75.4747	0.319397	-3.31218	-0.0871762
31.0447	0.820766	75.7144	0.36741	-3.26905	0.166891
30.8946	-0.77026	72.7763	0.279808	-3.16795	-0.225288
31.0395	-0.953229	71.9825	0.263661	-3.06821	-0.288303
31.9747	-3.23715	75.1377	-0.295561	3.06442	-0.0614088
33.7396	-5.72274	72.7774	-0.164471	3.03739	0.412903
35.4735	-6.39924	72.2193	-0.251368	3.13019	0.387896
37.5148	-8.0354	71.6621	0.254661	-3.10093	-0.173433
40.9844	-9.12242	72.9056	-0.303716	3.19386	-0.00199567
44.9769	-11.632	73.9741	-0.273162	3.21247	0.197814
5.88882	-9.37436	9.18254	-0.166964	1.80119	0.195126
5.53043	-9.62066	9.13143	-0.116394	1.8223	0.156539
5.87022	-9.58559	9.06301	-0.128508	1.81911	0.174902
46.5565	-15.6247	64.6747	0.421772	-3.0466	0.289984
47.7476	-18.7428	66.3795	-0.245484	3.14902	-0.0322247
46.5178	-18.5467	64.6835	-0.280985	3.14572	-0.0917981
48.3181	-19.7596	67.5583	-0.334737	3.2294	-0.0685493
47.2903	-20.7727	65.9676	-0.262954	3.22842	-0.0777988
49.0809	-21.4318	67.5447	-0.322299	3.32017	-0.152743
47.5328	-20.5027	66.008	-0.33245	3.18882	-0.233707
48.0172	-21.3017	66.6795	-0.297829	3.24631	-0.23894
47.942	-20.866	65.7572	-0.364944	3.31785	-0.209465
45.9918	-19.3114	62.565	-0.355109	3.24554	-0.433771
45.8496	-18.2163	62.3497	-0.368712	3.18763	-0.434317
45.7254	-18.0156	62.0717	-0.324669	3.15088	-0.242072
45.9763	-16.6549	61.4482	-0.318503	3.31264	-0.203385
43.0664	-10.5477	57.881	-0.209038	3.2298	-0.0976842
41.3301	-3.38449	55.0807	0.321564	-3.08725	0.178024
40.1156	-0.700848	53.5863	-0.214999	3.1288	0.123597
38.6326	6.47364	54.6155	-0.227126	3.13487	-0.0418959
37.4097	9.99683	53.3274	0.220985	-3.15122	-0.085051
34.1587	14.299	50.8232	-0.229037	2.96453	0.122995
28.6248	16.1309	44.5528	0.105609	-0.173633	1.7386
31.716	31.3201	57.7165	-0.196493	3.1385	0.174542
29.1287	38.7642	59.9129	-0.20397	3.19801	0.172731
29.669	42.2003	63.685	-0.16889	3.17965	0.191079
28.2371	48.2001	66.2574	-0.192519	3.19367	0.234362
24.9204	55.9277	69.0499	0.122414	-3.01489	-0.281564
21.5239	58.0138	68.1823	0.0686805	-3.01671	-0.363683
21.1503	61.5936	71.1856	0.0561849	-2.93536	-0.290105
19.5528	64.4583	72.0691	-0.139591	3.29335	0.362221
17.8573	63.6414	70.9418	0.0780169	-2.9619	-0.385039
17.0455	63.7816	70.8984	-0.12696	3.25634	0.3848
15.8021	64.3221	72.3023	0.0903724	-3.00078	-0.318483
15.9767	65.0888	73.121	0.126645	-3.02336	-0.313982
12.7484	62.6968	72.6817	0.246962	-0.0269368	1.61804
11.8136	61.9131	72.3263	-0.0723798	3.29883	0.253717
-1.67852	7.23206	-12.0016	2.13952	0.280237	2.09141
-1.53796	7.23915	-11.9854	2.12748	0.264931	2.09819
10.789	60.0745	71.2707	0.136098	-2.97395	-0.27551
10.7988	59.3619	71.8253	0.113014	-2.96082	-0.264317
10.2922	58.689	73.3278	-0.0508046	3.37159	0.212727
11.2432	57.474	71.9927	0.132837	-2.94031	-0.197333
-2.34624	7.31591	-11.8512	2.18789	0.315908	2.1003
14.2316	57.4819	76.0346	0.11765	-2.89095	-0.0888303
14.5617	53.6681	71.3646	-0.165087	3.32983	0.188077
-0.614038	-12.107	-7.7485	-0.0708281	-1.48612	0.248328
22.0277	52.7726	73.4034	-0.227142	3.28318	0.172048
24.9476	52.9079	76.0274	0.135016	0.0716328	1.67835
29.2203	51.7839	75.2584	0.276965	-3.0884	-0.104076
5.04443	-7.36587	11.2597	-0.308411	1.76138	-0.00529497
38.9692	46.768	71.8424	0.263618	-3.13483	-0.132156
43.967	47.7024	73.7425	-0.30403	3.11654	0.012186
44.4919	46.4723	72.0556	-0.246558	3.12691	0.11097
46.9494	44.585	70.9766	-0.304416	3.02045	0.0748124
6.83716	-7.26322	10.5869	-0.357165	1.88093	0.0549993
53.0077	46.5295	73.4273	-0.242944	3.0834	0.119775
58.6168	47.9222	77.5395	-0.25931	3.01437	0.0415726
59.2795	44.5575	72.8606	-0.187148	3.06776	0.142873
11.6939	2.81433	7.62873	-1.43542	1.54672	1.22158
64.3701	44.4725	72.2444	-0.18764	3.09415	0.143915
64.7267	45.2545	72.7287	-0.194943	3.03045	0.161647
7.62599	-7.35231	10.0579	-0.349809	1.97514	0.0544337
-11.8554	-2.29477	-7.64185	1.20607	0.13561	-0.121028
62.5597	43.9176	69.7999	-0.213776	3.05538	0.161356
62.2971	45.7528	69.7183	-0.171011	3.07293	0.188268
11.7637	2.54951	7.6051	-1.41937	1.59726	1.16048
-11.8528	-2.33636	-7.63697	-1.55199	-1.34896	-0.875397
63.6478	48.3566	72.394	-0.211971	3.05433	0.123388
62.0883	48.1195	70.8539	-0.194685	3.0644	0.153664
61.3404	48.3293	70.6581	-0.191413	3.03607	0.150576
58.9812	47.1887	67.8948	0.0695168	-0.0894904	1.65365
59.7961	51.8812	71.3484	0.0906033	-3.17585	-0.189472
56.3185	49.3198	66.9145	-0.113842	3.0431	0.228771
54.5611	54.3842	68.6888	-0.106336	3.06742	0.246747
55.1098	57.7176	70.5954	0.189083	-3.20299	-0.214456
53.6097	58.3761	69.317	-0.16415	3.06892	0.26246
48.2059	65.2173	69.8589	0.170481	-3.12091	-0.2935
48.0998	67.9071	72.0075	-0.182759	3.1404	0.281833
47.9231	68.1483	72.0202	0.18921	-3.12037	-0.303883
45.6506	65.5719	69.1966	-0.251544	3.1268	0.311729
45.4238	65.884	69.4702	-0.231195	3.13652	0.314734
44.942	65.5089	68.5921	-0.372785	3.09369	0.330263
44.2177	65.7612	68.3592	-0.450929	3.07993	0.309469
43.8666	64.3492	67.4737	0.453045	-3.12267	-0.326796
44.9351	68.888	71.2078	-0.546605	3.07003	0.265168
43.5098	67.6508	70.4755	-0.594043	3.06253	0.293177
43.2633	67.3089	70.0114	-0.628887	3.02813	0.259394
42.6911	69.6765	71.209	0.675123	-3.04671	-0.316213
10.0547	-3.77316	9.98916	-0.750992	1.89098	0.305974
40.4523	67.3282	69.1152	0.764095	-3.02616	-0.282986
10.7558	-2.57407	9.69048	-0.858125	1.87668	0.397026
39.126	70.7533	71.7557	-0.960976	2.95391	0.262111
10.8138	-2.21834	9.66932	-0.888588	1.86141	0.423126
37.0384	68.6649	68.9245	0.125932	-0.235098	2.29416
36.5874	73.0197	72.8023	-1.16897	2.87029	0.250065
10.9782	-1.2369	9.58511	-0.970611	1.83239	0.490036
33.9131	69.7556	68.7167	0.23019	-0.191567	2.27458
32.689	71.3521	69.8284	1.17489	-2.86067	-0.352095
32.1018	71.5017	69.4412	-1.24911	2.87019	0.389034
11.3128	0.755893	9.22072	-1.14601	1.78099	0.628601
29.7675	74.5992	71.4051	0.185593	-0.206288	2.53113
29.8039	78.2591	74.9352	0.201868	-0.129047	2.51022
28.6981	82.5032	77.6014	0.171629	-0.200082	2.61434
27.84	80.07	74.8799	-1.56697	2.68955	0.333055
3.81663	11.1882	7.1919	-0.984993	1.35413	-1.89788
25.0102	86.7436	78.035	-1.71085	2.65558	0.339683
22.0029	91.5821	80.3045	-1.87572	2.46462	0.278025
1.8569	99.8169	85.5502	-0.0517078	0.324838	-1.89424
19.7645	89.3396	76.6191	-1.84695	2.5024	0.380776
19.2107	93.295	79.4183	-1.84868	2.47861	0.418196
10.4212	5.78985	8.40215	-1.57516	1.59301	0.92969
10.4363	5.71099	8.43153	-1.57177	1.5966	0.923344
16.9812	94.5802	78.8104	-1.85261	2.53785	0.493613
10.3378	5.83859	8.425	-1.58364	1.59273	0.920872
14.4053	96.1821	78.9876	-1.87177	2.47053	0.505725
12.2014	96.3642	77.9617	-1.86032	2.46216	0.524197
10.0301	6.61496	8.28277	-1.65486	1.56698	0.944436
8.6473	101.752	79.0955	-1.94559	2.4	0.478016
-10.4756	130.282	120.042	0.459294	0.528064	0.460547
-3.48818	-6.71224	11.7	-0.016423	1.40112	-0.373118
6.63689	93.3746	71.0109	-1.87139	2.45963	0.559071
5.16376	98.5797	75.722	-1.92805	2.4079	0.510525
4.81279	99.1118	76.1327	-1.91292	2.46131	0.486474
-10.1318	5.07862	8.42716	0.732379	0.820916	-1.33579
0.143011	78.8705	70.5021	0.368951	-0.0343704	1.36342
9.62429	7.40088	8.23476	-1.72613	1.52505	0.970928
-3.45971	-12.2611	-7.12179	-0.527963	-1.73886	-0.0659586
4.73589	94.8733	74.8619	-1.93006	2.4535	0.450993
5.11078	-5.68266	12.0244	-1.00283	-1.34928	1.89026
2.30959	94.3755	75.4458	1.87467	-2.42557	-0.511867
9.64112	7.22269	8.451	-1.70915	1.51098	0.969087
0.620238	95.3657	76.6671	-1.96206	2.43706	0.508299
-1.01164	98.22	79.3249	-1.97726	2.50195	0.491634
-0.892138	96.0081	77.6696	-1.94099	2.51976	0.53302
-1.52838	96.5546	78.1116	-1.94521	2.51	0.554154
-3.85871	110.788	93.5126	-2.01971	2.35966	0.394564
-1.04825	101.135	82.8099	-2.01115	2.47806	0.532021
0.0074544	101.299	82.9582	-2.00408	2.47726	0.565635
0.543121	102.666	84.1481	-2.01767	2.45917	0.512869
9.27879	7.75178	8.33196	-1.76315	1.46063	1.04003
3.03808	103.244	84.7086	-2.05308	2.40573	0.51649
-10.0287	4.71672	8.74072	0.746154	0.859841	-1.31928
6.06204	101.462	83.005	-2.00774	2.46208	0.552165
-9.43369	101.338	85.3157	-0.0785084	0.390067	-1.76053
8.09432	70.2333	57.7303	1.99619	-2.13959	-1.0657
13.247	104.38	84.3311	-2.0403	2.41462	0.466186
17.8135	100.236	80.0102	-2.01444	2.38493	0.479834
21.6606	102.075	80.3978	-2.02976	2.33396	0.449857
25.1344	97.8303	75.9033	-2.01504	2.30055	0.448802
27.007	101.448	78.1678	-2.03877	2.3171	0.429317
10.3721	93.231	72.5499	-1.81321	-1.35678	-1.32962
-9.34254	6.47314	8.85984	0.753301	0.808846	-1.4892
49.5116	99.3604	72.4246	-0.00756443	-0.376413	2.96519
11.5143	4.31145	7.28846	-1.43486	1.8385	0.790406
54.9909	95.7395	68.7412	-1.87952	2.23736	0.24755
47.1436	90.4794	63.6957	0.365129	-0.00289068	-2.11761
58.586	95.5597	67.8996	-1.9132	2.21599	0.224553
61.9451	96.3697	67.9601	-1.95004	2.1614	0.217565
11.6433	4.28593	6.83441	-1.4236	1.8825	0.802492
11.6418	4.20781	6.8283	-1.41472	1.88924	0.800007
11.6696	4.09543	6.82192	-1.41002	1.88987	0.799496
62.3468	92.0543	65.7711	-1.93982	2.17591	0.214546
65.001	94.658	67.9587	-1.93486	2.20448	0.237575
11.6921	4.11058	6.7916	-1.40696	1.88793	0.808144
11.6753	4.09497	6.80948	-1.40651	1.88519	0.809922
67.2615	95.6467	70.3908	-2.00672	2.12086	0.170637
68.0624	95.7779	71.2323	-1.96453	2.15612	0.201965
67.1518	93.2627	70.2239	-1.96182	2.13606	0.208724
47.2744	93.3027	69.2907	0.240063	0.175377	-1.66492
2.37021	12.051	6.50129	1.4374	-0.00813364	-2.38231
67.3524	87.9277	70.2128	-1.94063	2.16961	0.236149
66.981	87.609	69.874	-1.96609	2.15013	0.227588
11.6307	3.72169	6.95634	-1.35772	1.82767	0.897064
65.6063	74.3895	65.9565	-1.99813	2.16848	0.221983
64.1383	65.3386	63.5488	-2.03752	2.13571	0.144877
63.9969	64.0385	63.0509	-2.03086	2.15221	0.174452
64.5184	60.4672	62.6526	-2.09498	2.14636	0.119701
61.3747	47.0814	57.6394	-2.11308	2.15842	0.027722
61.1125	46.5395	58.0718	-2.16648	2.10187	0.0141998
59.5162	30.5825	54.5875	-2.19411	2.1225	-0.076646
60.0514	17.5275	54.1177	-2.22679	2.12545	-0.18976
62.9055	12.3057	56.5263	-2.24504	2.15883	-0.20445
66.5296	-0.0617456	59.292	2.25294	-2.05757	0.312717
12.3575	1.13864	7.48163	-1.04654	1.17944	1.55489
70.8917	-9.49231	61.9426	2.23034	-1.95598	0.354814
73.0094	-11.9244	63.8918	2.2409	-1.96064	0.337084
76.6616	-14.6517	66.3753	-0.0489324	0.440101	3.1958
110.885	-31.278	102.419	-0.863556	-1.21586	1.54699
85.8454	-13.1568	68.5361	2.31063	-1.94773	0.399351
89.4503	-7.48794	67.7707	-2.4135	2.03071	-0.447817
93.4255	-5.80166	69.6827	-2.45728	2.00516	-0.397355
91.518	-4.10356	67.4435	-2.40585	2.0291	-0.439509
150.923	-26.1808	129.494	-0.730873	0.216429	1.14027
93.9428	2.2101	67.3738	-2.37542	1.98936	-0.400723
96.5321	5.42345	68.843	-2.33269	1.9668	-0.356424
94.722	8.37122	66.7516	-2.33506	1.95194	-0.331669
95.4339	10.5557	66.2386	-2.35743	1.96378	-0.355174
95.5537	13.4657	65.9288	-2.35694	1.91854	-0.335446
12.3971	3.63461	6.64873	-1.16552	1.16961	1.74123
77.5441	10.9453	62.7321	0.0871803	-0.238183	-1.36401
12.3433	3.79557	6.62656	-0.713129	2.301	-2.00777
97.8871	16.2648	66.8012	-2.34722	1.95032	-0.30117
96.6679	16.8074	65.7264	-2.34224	1.937	-0.309348
97.5411	18.3448	65.8177	0.323721	-0.130083	-2.94482
12.3582	3.59256	6.48704	-1.17651	1.2337	1.69228
-12.5008	-3.43271	-6.54662	-1.11222	-1.03414	-0.82803
92.0177	-6.79607	67.6776	0.736233	2.1884	0.314879
4.15556	-9.85872	9.10485	-0.833811	-0.645259	1.38337
91.8414	25.4765	62.6559	-2.36176	1.88272	-0.323452
12.1481	3.72293	6.50604	-1.2056	1.31274	1.6121
82.0235	23.2957	59.6569	-2.34804	1.90774	-0.309707
73.7805	21.5304	58.0366	-2.41004	1.95333	-0.192468
67.4443	19.5661	56.5995	-2.42591	1.96045	-0.133795
67.1724	19.434	56.7845	-2.41589	1.97146	-0.146954
64.8325	17.9818	56.6172	-2.47426	1.936	-0.211823
57.7036	16.4183	47.5855	-1.90684	2.02007	-0.82674
57.7242	14.8726	55.6252	-2.48367	1.92672	-0.216533
53.514	13.1799	54.1065	2.44486	-1.85398	0.28514
53.526	13.0942	54.26	2.42332	-1.92104	0.163988
53.5896	12.8973	54.7069	-2.51434	1.97193	-0.189314
45.8704	7.10668	57.8175	-2.43529	1.99899	-0.031752
45.8104	5.8269	56.6734	-2.59036	2.05386	0.0418965
44.4995	5.6335	55.377	2.39752	-1.88788	0.0737316
43.4209	4.98297	53.4739	2.39919	-1.86928	0.136452
42.3284	4.89416	50.498	2.39191	-1.83965	0.247615
44.6572	4.13514	53.3498	2.37313	-1.83964	0.132881
44.3661	3.75107	52.4468	-2.58286	1.96562	-0.137425
-11.3366	-3.05757	-8.18888	-0.997539	-1.0807	-0.956529
43.6647	3.33974	49.3767	2.40587	-1.83337	0.163546
44.1464	3.05382	48.9407	2.41726	-1.7973	0.214598
44.1782	2.49044	49.0424	2.42693	-1.82027	0.146132
42.945	2.63464	47.515	2.43455	-1.83187	0.16386
41.9887	2.33649	46.7258	2.43228	-1.81899	0.164746
40.0934	3.24613	44.8459	-2.79466	1.79525	-0.21483
38.3609	1.04951	44.0103	2.44129	-1.80656	0.244892
61.081	-7.57972	65.0878	1.05149	-1.00844	2.25405
-0.65373	8.93092	10.8825	-1.44663	1.3142	-0.853522
-9.75213	-3.52207	-7.96035	-0.77077	-1.05143	-0.845627
39.5507	-7.1867	48.8942	2.18461	-1.47701	0.00820705
36.5004	-7.19528	45.762	2.10436	-1.40066	0.0543042
-10.5856	3.52922	-8.21315	1.76658	-0.0249623	-0.203056
44.4768	-21.0138	70.5177	-0.628168	-0.814532	-2.3026
24.5203	-13.1231	40.5183	-0.607548	-1.16635	-2.07634
8.50514	3.28087	-10.6892	1.63724	-1.07604	1.25794
26.4453	1.28557	49.0431	-2.78979	1.78652	-0.173026
22.8869	10.1122	48.3784	2.42393	-1.62031	0.000194683
0.62904	-9.81079	-9.41728	1.03963	1.63656	1.39058
10.2332	35.5103	53.5886	-2.59392	1.8441	0.131423
7.26462	39.2774	54.6335	-2.73038	1.85271	0.0713256
4.72995	46.5233	59.6559	-0.268837	-0.0156401	-2.87301
0.284238	53.7424	64.7726	-0.29567	0.173663	-2.83529
-1.77896	54.1976	63.8827	-2.59633	1.93653	0.43915
-16.6464	45.0895	62.7566	-0.949033	-0.71141	-1.81663
-1.79417	54.6142	63.6062	-0.264392	0.108651	-2.80819
-3.85715	56.6314	64.6603	-2.59753	1.91973	0.502878
-4.1553	58.3	66.8529	-2.58346	1.8972	0.39102
-4.1845	59.6793	67.7154	-2.5838	1.89374	0.404221
-4.2032	59.4631	67.94	-2.59821	1.88023	0.398168
-4.74715	60.5993	69.0344	-2.63035	1.8864	0.320328
-3.51824	59.4238	67.58	-0.305634	0.121301	-2.80381
-2.2837	11.6889	8.09537	1.93289	0.158924	-1.97722
-21.9718	53.7816	73.2666	-0.127893	0.24863	-1.23641
-3.13636	61.1291	69.4024	-2.62956	1.85047	0.352184
-2.14356	61.7941	68.9991	-2.58585	1.85279	0.356736
-2.66606	62.7461	69.9012	-2.60929	1.85251	0.368185
-3.00356	64.8956	72.2952	-2.62844	1.83367	0.320162
-4.62579	10.4903	8.05084	-1.52909	0.866945	-1.04375
-2.2594	68.5443	75.5319	2.47723	-1.70324	-0.300382
-0.567888	67.4343	73.5964	-2.6147	1.89168	0.456839
2.4466	69.3514	76.1286	-2.5951	1.80934	0.316949
4.75859	71.6329	77.6452	-2.65112	1.83165	0.338757
5.43357	70.8055	76.0422	-0.252927	0.159391	-2.70934
5.4245	72.6899	78.5819	-2.6823	1.74555	0.25142
7.51145	73.3563	78.5033	2.58291	-1.66075	-0.320874
9.46495	75.5968	79.1805	2.50507	-1.66979	-0.384445
9.9512	78.0036	81.3372	-2.68725	1.64458	0.312273
12.9121	78.9216	80.78	-2.67246	1.74921	0.343678
14.8951	78.1278	78.3859	-2.64943	1.69619	0.345697
9.57632	-0.126596	-10.5524	1.27433	-0.621999	1.65146
-8.24282	-8.53938	-7.88757	-1.14593	-1.60584	-0.639827
8.07124	8.79111	7.8813	-1.81558	1.26264	1.40465
30.7342	86.8561	79.222	-2.61251	1.62375	0.147125
36.9661	88.7055	79.2385	-2.55616	1.6093	0.115137
9.13825	7.81849	7.39318	-1.72402	1.41375	1.31563
35.3191	83.4451	74.2331	-2.53367	1.61817	0.177631
35.5415	86.3258	76.4539	-2.61838	1.64107	0.188384
33.9371	83.1735	74.015	-2.55969	1.64985	0.215571
34.3712	85.469	75.9345	-2.61961	1.62596	0.207892
8.60093	8.30467	7.38256	-1.76796	1.35361	1.38158
32.614	83.2902	74.3976	-2.57374	1.59083	0.212604
8.84491	8.03737	7.46277	-1.74398	1.38344	1.33703
33.1412	87.4605	78.4784	2.72599	-1.68513	-0.232022
31.2815	86.0334	76.3982	-2.6072	1.61091	0.201322
28.82	82.0626	72.7934	-2.57332	1.55958	0.165581
29.3725	83.4459	73.4799	-2.62959	1.58913	0.245047
21.0903	80.8498	69.7122	-2.71137	1.32698	0.251217
-7.30057	9.02379	8.28708	-1.97598	0.567654	-0.47461
14.6608	78.1047	67.5547	-0.0756158	0.252498	-2.33714
10.3341	76.4139	66.9467	-2.89611	0.952084	0.202589
-6.50076	9.66303	8.1025	1.14965	0.615539	-1.76514
5.14173	73.1493	66.6256	-2.99781	0.834324	0.264587
3.09656	11.5122	7.57996	-2.1413	0.758829	1.91699
1.31482	70.4224	66.984	3.08649	-0.694112	-0.241782
-0.630158	68.8461	67.7924	-2.98762	0.619384	0.198781
-1.23179	71.5989	70.9518	-0.0694083	0.0922615	-1.95239
-2.16579	71.4024	71.5448	-3.04287	0.603489	0.221882
-2.34764	69.717	70.0049	-3.05512	0.613041	0.303325
-2.97604	68.1586	68.6745	-3.00583	0.619346	0.216876
-3.3022	67.9381	69.453	-2.96991	0.584525	0.260652
-3.60619	67.9375	69.1436	-3.03266	0.581484	0.271176
-8.66705	7.23636	8.68664	1.04444	0.801775	-1.53081
2.51079	11.363	7.77409	-2.17542	0.705329	1.90798
-4.38365	68.315	70.4043	-3.07285	0.590068	0.286242
-5.00399	66.41	69.4343	-3.04606	0.555901	0.266713
-4.6233	64.9283	67.8753	-3.07796	0.57029	0.259821
-5.35673	65.8686	69.6693	-3.11253	0.576805	0.221396
-9.71932	4.71383	9.03133	-1.93885	0.207498	-0.20337
1.30056	11.654	7.95595	-2.22043	0.540558	2.0467
1.9317	11.4465	7.95427	-2.19147	0.613326	1.98029
1.58205	11.6558	8.04198	-2.18161	0.549436	2.05847
-0.785838	55.5929	63.1592	3.09303	-0.531744	-0.221175
0.430619	58.1523	66.9814	-3.04928	0.502686	0.151466
0.341922	57.4225	66.0666	-3.10678	0.469911	0.174537
0.911283	58.3902	67.921	-3.08326	0.483394	0.279001
1.63231	59.4149	68.5192	-3.1015	0.50418	0.250179
1.78754	11.485	8.04875	-2.15481	0.523896	2.10685
2.616	61.3136	70.2611	-3.143	0.474406	0.212431
4.77263	61.2591	70.0464	-3.12081	0.459793	0.224955
6.7351	62.1875	70.912	-3.10354	0.436914	0.298871
11.8724	60.2481	68.1441	-3.06523	0.392269	0.21121
1.74509	11.6741	7.88434	-2.07686	0.423427	2.30935
14.5063	57.4888	63.0748	-2.97161	0.350992	0.0146965
19.5743	59.3231	63.94	-3.00199	0.299468	-0.0318579
1.35937	11.9058	7.74049	1.87933	-0.25926	-2.38156
26.4647	64.4673	68.3128	-3.03522	0.186751	0.0129313
1.19295	11.9822	7.6188	1.80155	-0.205631	-2.39143
30.5712	67.5727	70.3023	-3.00091	0.0903755	0.0140587
33.1979	69.8723	70.4376	-3.00659	0.00492513	-0.0351935
35.0037	71.8823	71.8463	0.120991	0.11501	-1.52906
36.1854	72.9079	71.8039	-3.01472	-0.0643296	0.02166
37.7852	74.804	73.0905	-2.97235	-0.0984483	-0.0513199
39.7118	75.9629	71.5855	-2.9801	-0.210709	-0.0956428
43.9298	80.5436	75.2871	-2.94795	-0.228913	-0.084636
1.24639	-12.0721	-7.53464	0.117086	-1.06574	0.459644
44.3452	79.5695	72.4012	-2.90972	-0.319748	-0.118285
-8.86807	4.71959	10.6065	0.71337	1.02916	-1.44242
57.2598	69.1379	75.2074	0.171832	-0.091577	0.253808
51.3289	86.9024	76.6584	-2.94039	-0.450896	-0.149733
51.138	85.4856	73.9765	-2.87613	-0.479055	-0.180236
2.87	-11.6815	-7.60175	0.271327	-0.919938	0.662944
76.3598	82.9322	81.3202	0.185974	-0.13751	0.480551
64.5808	96.2106	79.8118	3.21645	0.837559	0.244219
66.7806	96.6426	80.1275	3.21862	0.93724	0.284531
70.5711	100.485	83.3417	3.20202	0.927011	0.276623
-3.39505	11.3306	7.70575	1.045	0.408852	-2.14992
71.4953	99.0527	82.1652	3.15689	1.02086	0.261272
73.5675	99.8535	82.5652	3.1458	1.04196	0.295041
80.5192	104.851	87.2288	-2.79769	-1.02611	-0.260449
3.96197	-10.8892	-7.9321	0.39731	-0.81436	0.810973
3.90393	-10.8926	-7.92868	0.399711	-0.807939	0.812415
79.1688	98.8623	83.0699	-2.73032	-1.10895	-0.275458
-8.88281e-16	-8.83594e-16	9.41797e-17	4.71615e-18	-4.69922e-18	2.34375e-19
2.64596	12.0034	6.65605	-1.86534	1.32442	-0.885122
82.1384	97.4274	82.3829	-2.73286	-1.19992	-0.299199
88.3709	100.482	85.7454	-2.70529	-1.28726	-0.323276
89.1527	97.6619	84.4992	0.242909	-0.0678318	-0.636989
8.10496	9.89266	5.98119	-1.68672	0.736343	2.38735
90.1842	94.274	82.7679	0.253397	-0.0697054	-0.614624
3.90074	-10.3237	-8.3692	0.462328	-0.772364	0.845833
-3.84902	10.2838	8.40083	0.914656	0.553021	-2.06479
98.3738	91.2523	83.8331	-2.60041	-1.5689	-0.384719
99.9027	89.6522	84.3383	-2.54644	-1.63647	-0.359363
117.983	79.8616	85.0548	0.0651719	-0.238056	1.16179
104.294	89.0889	85.7932	2.65601	1.76036	0.370317
4.18042	-9.71673	-8.81079	0.52461	-0.759559	0.880189
102.424	83.4094	82.1208	-2.51401	-1.76866	-0.409713
110.819	86.5945	87.7286	-2.49767	-1.77319	-0.358268
107.526	82.7237	84.5897	-2.49854	-1.82274	-0.37202
4.20135	-9.36068	-9.11082	0.556216	-0.757289	0.884425
11.3291	4.64084	6.09066	-1.47259	1.55918	1.41859
11.4386	4.28468	6.12138	-1.45467	1.60072	1.36221
11.2608	-0.916709	7.0779	-1.09157	1.82705	0.929395
