14.763	-24.5468	134.757	-0.303726	2.87158	0.261976	604.516
14.5888	-23.6993	133.971	-0.333832	2.94335	0.453108	604.521
14.9859	-23.0282	128.572	0.35542	-2.69724	0.406727	604.526
14.4411	-23.5137	132.196	-0.290623	3.02468	0.610508	604.571
14.9584	-22.5445	128.813	0.347666	-3.07853	-0.696994	604.576
14.8072	-24.3877	138.847	-0.298723	3.11701	-0.293592	604.581
15.204	-24.654	138.211	-0.286114	2.88113	0.199689	604.586
15.2181	-23.849	136.191	-0.304335	2.8729	0.085202	604.591
14.6369	-23.8332	134.847	-0.338022	2.97198	-0.161411	604.596
15.3225	-23.141	129.31	0.349168	-3.33524	-0.691643	604.601
15.1036	-23.8431	132.635	-0.297998	2.78895	0.40241	604.606
15.0479	-24.1547	130.58	-0.282151	2.9127	0.403266	604.611
15.255	-23.8285	134.858	-0.318	2.84889	0.0710464	604.616
14.7186	-22.8703	133.434	-0.308971	2.7835	-0.0144603	604.621
14.7337	-24.3248	137.324	-0.269687	2.77456	0.0218771	604.626
14.5695	-24.0802	135.209	-0.306909	2.81059	0.0969862	604.631
14.2758	-23.5964	134.066	-0.277114	2.76607	0.0119467	604.636
15.4262	-23.6273	134.333	-0.320996	2.90932	0.139744	604.641
15.6507	-22.2904	126.957	0.356336	-3.10139	-0.554062	604.646
15.6198	-23.1441	129.545	-0.318957	2.88947	0.44953	604.651
15.1288	-23.7465	132.862	-0.265885	2.8266	0.136735	604.656
15.2328	-22.9852	128.091	-0.43531	3.40651	-0.171674	604.661
15.6469	-23.2469	134.563	-0.319162	2.86979	0.147814	604.666
14.8704	-23.1513	129.809	0.377601	-2.89257	-0.392909	604.671
14.5157	-21.8275	124.326	0.318875	-2.85507	-0.56971	604.676
15.795	-24.349	141.494	-0.357135	3.02043	0.273195	604.681
15.7285	-22.9324	132.869	-0.313692	2.76209	0.34584	604.686
15.6426	-22.2999	124.964	0.344204	-2.81935	0.0823848	604.691
15.4168	-21.184	123.014	-0.308373	2.85411	0.70059	604.696
16.0374	-22.8644	133.158	-0.297951	2.69353	0.326004	604.701
15.7874	-23.0274	135.551	-0.326065	2.84337	0.0541481	604.706
16.5624	-23.0064	135.333	-0.367443	2.80813	0.355993	604.711
16.0479	-23.6408	136.43	-0.328317	2.8517	0.314248	604.716
16.2384	-23.0851	130.946	-0.276418	2.82423	0.555784	604.721
16.1154	-23.0194	131.919	0.393059	-2.96481	-0.105875	604.726
16.505	-22.7658	127.43	0.395568	-2.74248	0.467713	604.731
15.9525	-22.9924	128.746	0.320979	-2.87035	0.284369	604.736
16.4209	-21.4101	123.818	-0.37572	2.94762	0.717164	604.741
16.3052	-23.2594	131.207	-0.354026	3.14446	-0.16944	604.746
15.4566	-23.2761	128.781	-0.254718	2.78093	0.251405	604.751
16.3746	-23.5082	131.196	-0.263938	2.73221	0.421283	604.756
15.4124	-23.8788	136.259	-0.284061	2.78433	0.152767	604.761
15.8238	-23.9234	134.123	-0.36238	3.34547	-0.222911	604.766
16.8159	-22.6144	132.595	-0.467566	3.30173	-0.350023	604.771
16.1026	-23.1205	130.644	0.345301	-2.81387	0.255645	604.776
15.6781	-22.7194	127.795	0.311235	-2.88123	0.220667	604.781
15.9694	-22.4292	130.459	0.324506	-2.93558	0.496875	604.786
16.668	-22.7891	133.336	-0.387351	3.20775	-0.279007	604.791
16.9416	-22.2825	129.157	-0.401479	3.14797	-0.318253	604.796
16.383	-22.3608	128.14	-0.412783	3.31057	-0.209229	604.801
16.5122	-22.7384	132.059	-0.330024	2.89293	0.0997377	604.806
15.8572	-22.9629	129.52	-0.319893	3.24714	-0.326491	604.811
15.5252	-22.4372	126.771	-0.256583	2.95081	0.553537	604.816
16.4236	-21.9117	126.034	-0.374894	3.33073	-0.418532	604.821
15.9943	-22.3181	124.739	-0.415596	3.43271	-0.380829	604.826
15.9687	-21.6481	123.336	-0.307354	2.72363	0.582314	604.831
15.2129	-23.0578	130.017	-0.237849	2.92768	0.225661	604.836
15.7675	-22.5496	126.904	-0.218257	2.71788	0.240806	604.841
16.916	-22.1779	133.582	-0.41522	3.31742	-0.259757	604.846
15.9667	-22.2351	125.115	-0.406278	3.47223	-0.0993372	604.851
16.0543	-20.9549	125.226	-0.369103	3.26184	-0.560482	604.856
15.9642	-21.2676	123.852	-0.37033	3.03906	-0.210602	604.871
16.2755	-21.4932	123.476	-0.313207	2.94361	0.301571	604.876
16.5089	-20.6709	121.615	-0.317951	2.85099	0.33443	604.881
16.9137	-20.7874	127.406	-0.37811	3.00225	0.254295	604.886
16.5574	-20.0593	124.073	0.349564	-3.05712	-0.599278	604.891
16.6697	-20.8226	125.898	-0.336898	2.86515	0.413702	604.896
16.1332	-21.2694	124.24	0.355208	-2.90092	0.0844762	604.901
16.287	-21.2434	123.501	-0.411359	3.31596	-0.270103	604.906
16.536	-21.0229	126.052	-0.298471	2.86138	0.327098	604.911
16.6563	-20.6857	126.165	-0.387884	3.0732	-0.12213	604.916
16.7929	-20.8792	128.682	-0.306377	2.87094	0.184046	604.921
16.8435	-20.2886	125.306	-0.335442	2.74108	0.431165	604.926
16.1889	-20.2213	129.453	-0.330716	2.94957	-0.249108	604.931
16.4278	-19.2338	121.28	-0.318747	2.90596	0.677813	604.936
17.2196	-20.6072	127.008	-0.381312	3.21616	-0.0971356	604.941
16.811	-20.3098	126.403	0.33466	-3.08276	0.19829	604.946
16.7573	-19.5399	120.753	-0.312138	2.91631	0.551554	604.951
16.5754	-20.6896	121.937	0.302991	-2.77514	0.370319	604.956
16.4041	-20.3198	123.765	0.324973	-2.91752	0.225863	604.961
16.7867	-20.3232	126.182	0.303714	-2.95008	-0.0400687	604.966
16.8906	-20.3331	125.138	0.315834	-2.93639	0.208956	604.971
16.8323	-20.1171	124.179	-0.398098	3.30259	-0.184158	604.976
17.0577	-20.2555	128.104	0.340214	-3.1038	0.139916	604.981
17.3656	-20.004	126.486	-0.314779	2.86102	0.431811	604.986
16.1776	-18.4755	117.682	0.308211	-2.85303	-0.525283	604.991
17.1451	-19.8816	125.688	0.329572	-2.95612	0.045021	604.996
16.422	-19.4697	121.169	0.325196	-2.82419	-0.0656101	605.001
17.0585	-19.747	122.537	0.352125	-3.38673	-0.465431	605.006
17.0743	-19.3805	121.714	-0.265616	2.67456	0.473887	605.011
17.2875	-18.7497	118.758	-0.317632	2.87003	0.543533	605.016
16.929	-19.6416	126.214	0.365835	-3.47127	-0.410629	605.021
16.6322	-19.0593	115.396	0.312663	-2.65345	0.311241	605.026
16.0549	-18.7389	111.026	0.316757	-2.63545	0.0864127	605.031
15.5988	-18.8995	112.127	0.285777	-2.71815	-0.123242	605.036
17.1913	-19.5657	121.281	-0.276293	2.75398	0.404443	605.041
16.1734	-19.3892	115.291	0.281192	-2.75131	0.0363248	605.046
17.353	-19.3433	120.9	-0.260939	2.83279	0.494996	605.051
17.0505	-19.0998	121.939	-0.408397	3.4361	-0.157874	605.056
16.554	-18.9801	117.009	0.309392	-2.68403	0.295421	605.061
17.388	-18.8805	122.424	0.329799	-2.88066	0.207364	605.066
17.0898	-18.5103	122.043	0.318254	-2.8512	0.0810223	605.071
16.6488	-17.9295	116.164	0.348409	-2.73983	0.0434054	605.076
17.0587	-18.048	118.827	0.322675	-2.88734	0.00278286	605.081
16.0622	-17.2657	111.275	0.305759	-2.74425	-0.264432	605.086
16.5518	-17.7201	113.488	0.323391	-2.73321	0.0409123	605.091
17.1321	-18.0535	118.339	-0.409392	3.42319	-0.145465	605.096
17.2891	-17.2507	116.68	0.339374	-2.76318	0.291878	605.101
18.1766	-17.5327	125.234	-0.316058	2.78037	0.2164	605.106
17.4088	-17.395	118.975	0.350039	-2.75915	0.27833	605.111
17.209	-16.572	116.326	0.317157	-2.78035	0.540597	605.116
16.9331	-17.0644	114.027	0.27207	-2.74988	0.525605	605.121
17.8053	-16.96	117.003	0.369023	-2.84234	-0.11083	605.126
17.4847	-15.8816	110.338	-0.36647	3.04102	0.64716	605.131
15.6188	-14.7516	100.402	-0.36537	3.22773	0.85118	605.136
18.1884	-16.9683	121.461	0.374338	-3.03161	0.354473	605.141
18.2896	-16.9826	119.961	-0.356855	2.80121	0.1584	605.146
18.5903	-16.9145	115.916	-0.348897	2.83332	0.388086	605.151
17.3606	-16.0003	112.061	-0.380528	3.2784	0.427397	605.156
16.7399	-15.5942	107.471	-0.374402	3.2464	0.609359	605.161
17.7093	-16.8943	115.09	-0.305607	2.8066	0.256726	605.166
17.2035	-16.7239	114.414	-0.286544	2.73068	0.0519446	605.171
17.8548	-16.766	113.385	-0.290676	2.78945	0.444628	605.176
18.0613	-16.6212	118.528	-0.335529	2.87855	0.371357	605.181
18.0873	-16.342	118.273	-0.350787	2.98129	0.26979	605.186
17.6212	-15.8814	113.35	-0.304713	3.04084	0.560313	605.191
17.3049	-16.3962	115.07	0.311604	-3.06208	-0.453355	605.196
17.441	-16.9609	119.044	0.31649	-2.97394	0.287063	605.201
17.7736	-16.692	115.549	-0.314731	2.92112	0.353087	605.206
17.3979	-16.2708	111.283	0.311781	-3.00254	-0.307773	605.211
17.3029	-16.1842	113.744	-0.292957	2.854	0.183325	605.216
18.0014	-15.9368	117.966	-0.333026	2.96416	0.183235	605.221
17.752	-15.7126	112.067	-0.325608	2.84125	0.280553	605.226
17.3979	-15.4597	112.674	-0.333229	2.8259	0.218931	605.231
16.7271	-15.6339	112.513	0.347146	-2.7743	0.0859901	605.236
16.5754	-15.5263	110.3	0.325906	-2.85413	-0.068618	605.241
17.3479	-15.476	111.694	0.378584	-3.26108	-0.124947	605.246
17.065	-15.9037	112.662	-0.296474	2.78867	0.188583	605.251
17.3556	-16.2325	115.745	-0.371734	3.23567	-0.0458479	605.256
17.0035	-15.8408	110.345	0.342468	-2.83484	0.28486	605.261
17.2964	-15.9627	115.055	0.312618	-2.86734	0.345067	605.266
17.7548	-14.9828	112.315	0.350541	-3.22424	-0.532584	605.271
16.8381	-15.7882	110.059	0.325652	-2.86682	0.288139	605.276
17.0457	-15.5799	109.729	-0.39094	3.33712	-0.440379	605.281
17.7836	-15.6599	111.965	-0.326568	2.84587	0.298589	605.286
16.631	-15.8611	109.985	-0.389835	3.44997	-0.344036	605.291
17.354	-14.7842	110.141	-0.289508	2.83484	0.490926	605.296
17.642	-15.1235	113.406	-0.407397	3.24649	-0.254749	605.301
16.9429	-15.1542	114.224	0.324446	-3.10432	0.343988	605.306
17.2473	-15.3184	115.268	-0.343454	3.0996	-0.117052	605.311
17.267	-15.613	114.58	-0.305172	2.82842	0.249453	605.316
17.6612	-15.0873	113.736	-0.315771	2.90854	0.451463	605.321
16.9359	-14.9813	109.429	0.340166	-2.86274	0.347457	605.326
16.591	-15.2813	105.936	0.312874	-2.78144	0.363791	605.331
16.9708	-15.1754	110.882	-0.321374	2.96452	0.18118	605.336
17.0494	-15.1077	112.461	0.340426	-2.95281	0.216344	605.341
16.8138	-15.1337	111.657	-0.320152	2.94833	0.183168	605.346
16.8109	-14.4764	106.438	0.343553	-3.03025	-0.304842	605.351
17.201	-14.7253	110.85	-0.351649	3.04724	0.17938	605.356
17.1187	-15.1904	113.826	-0.328451	2.95767	0.135264	605.361
16.8181	-14.9093	108.592	0.346563	-2.88185	0.335638	605.366
17.3041	-14.4369	111.589	-0.379015	3.02986	0.100139	605.371
16.1174	-15.4496	110.117	0.305781	-2.81367	0.171584	605.386
16.6048	-14.4252	104.886	0.358433	-2.77033	0.211686	605.391
16.9434	-14.5167	105.661	-0.418748	3.34263	-0.479102	605.396
16.6964	-14.768	107.554	0.343618	-2.95717	0.344971	605.401
16.368	-15.0087	105.14	0.334496	-2.82876	0.271199	605.406
16.3962	-14.8432	107.155	-0.362806	3.3306	-0.426728	605.411
17.2446	-14.382	110.256	-0.367917	2.99076	0.00139257	605.416
16.4734	-14.8386	105.389	-0.395054	3.34649	-0.255375	605.421
16.315	-15.0121	106.487	-0.383916	3.3672	-0.341982	605.426
16.5324	-14.7488	106.215	0.358274	-2.86739	0.242378	605.431
16.2313	-14.5679	106.969	-0.392144	3.27941	-0.345234	605.436
16.1242	-14.6874	105.354	0.31732	-2.93992	0.365982	605.441
16.2753	-14.6607	109.035	-0.331052	3.0758	-0.121176	605.446
16.173	-14.2058	107.172	-0.343634	3.03575	0.0300636	605.451
16.2712	-14.5681	107.235	-0.337767	3.00071	0.270946	605.456
16.319	-14.0173	106.309	-0.308701	2.96834	0.480754	605.461
16.0839	-14.6376	108.058	-0.306304	2.82021	0.154137	605.466
15.9956	-14.6617	106.529	-0.298604	2.89094	0.115684	605.471
16.0133	-14.8112	104.73	-0.285583	2.8488	0.122424	605.476
15.6706	-14.9141	107.384	-0.274926	2.79988	0.0930762	605.481
16.0952	-14.4084	103.38	-0.299393	2.77453	0.395983	605.486
16.1064	-14.3963	105.825	-0.318593	2.82774	0.340314	605.491
16.0171	-14.0719	103.181	-0.337952	2.80664	0.335037	605.496
15.8541	-14.3005	104.872	-0.321848	2.79842	0.241542	605.501
15.6894	-14.5348	102.853	-0.313142	2.80956	0.302341	605.506
15.8417	-14.1482	102.277	-0.322538	2.8409	0.330071	605.511
15.5073	-14.1784	101.068	-0.305918	2.84195	0.28619	605.516
16.0082	-14.0068	100.204	-0.322832	2.82081	0.523933	605.521
15.8132	-14.0097	99.8937	-0.335321	2.80052	0.415971	605.526
15.0441	-14.3345	97.2043	0.326571	-2.74669	0.344141	605.531
15.6307	-13.8176	101.059	-0.314723	2.82707	0.52713	605.536
15.5626	-13.8025	100.365	-0.302852	2.84002	0.499538	605.541
15.2069	-14.6203	101.275	-0.294732	2.79546	0.362844	605.546
15.0893	-14.9038	102.855	-0.284251	2.78747	0.264261	605.551
15.558	-14.3159	103.263	-0.317602	2.93638	0.21102	605.556
14.768	-14.5517	101.664	-0.309386	2.91131	0.130831	605.561
15.0731	-14.2283	100.166	-0.428137	3.41143	-0.362138	605.566
15.0445	-14.2229	98.6438	-0.454675	3.46763	-0.496844	605.571
14.6755	-14.2501	99.8352	-0.378816	3.29122	-0.373373	605.586
14.5393	-14.3891	98.1866	0.318716	-2.882	0.203905	605.591
14.3296	-14.0749	95.8344	0.331491	-2.79336	0.219813	605.596
14.7081	-13.8723	100.098	0.341213	-2.91643	0.377873	605.601
14.7644	-14.0102	103.686	-0.345002	2.98683	-0.078424	605.606
14.9045	-13.9392	102.224	-0.349045	2.9606	-0.184045	605.611
14.4327	-13.5374	95.6559	-0.324177	3.05096	0.563593	605.616
14.6772	-13.5902	96.7084	-0.314885	2.96495	0.547684	605.621
14.331	-14.3587	101.308	-0.316276	2.96279	0.272637	605.626
14.1857	-14.3882	101.614	-0.301012	2.9038	-0.147891	605.631
13.8879	-14.6919	102.218	-0.285631	2.89254	-0.00379776	605.636
14.0738	-14.8267	100.469	0.29425	-2.97672	0.0974295	605.641
13.6636	-14.8144	95.488	0.29077	-2.8006	0.318048	605.646
14.1347	-14.7042	99.0074	0.288773	-2.83865	0.442362	605.651
13.9134	-14.3984	98.3078	0.322716	-2.9363	0.242282	605.656
13.8302	-14.6446	95.985	0.292695	-2.91286	0.241051	605.661
14.0673	-14.2417	96.8736	-0.358764	3.26644	-0.538269	605.666
14.1676	-14.2334	96.1055	0.338405	-2.77113	0.379043	605.671
14.2049	-14.3374	96.1808	-0.422342	3.40591	-0.510026	605.676
12.9226	-14.7493	91.655	-0.245669	2.88779	0.64975	605.751
13.131	-14.6803	94.1163	-0.28482	2.94476	0.580526	605.756
12.8917	-15.1681	95.0897	0.310377	-3.07638	-0.226859	605.761
13.2946	-14.9447	94.6009	0.310278	-2.88504	0.290162	605.766
13.4835	-15.0367	96.1152	0.307221	-2.88072	0.278726	605.771
13.5733	-13.7302	93.6573	0.339377	-3.13424	-0.687099	605.776
13.6604	-14.6049	99.1669	0.347317	-3.04577	0.218295	605.781
13.1787	-14.8205	94.1959	0.318196	-2.77949	0.399554	605.786
13.4702	-15.2964	95.5556	0.366494	-2.79071	0.282578	605.791
13.2393	-15.3017	92.8521	0.312981	-2.70823	0.410498	605.796
13.0609	-15.4093	92.3099	0.307404	-2.68446	0.356284	605.801
13.6311	-14.8718	95.465	0.358758	-2.97778	0.143718	605.806
12.5085	-15.8166	96.011	-0.305874	3.14522	-0.116129	605.811
12.3069	-15.9151	93.0187	0.302391	-2.82858	0.204015	605.816
12.8784	-14.8534	92.6622	0.338172	-2.94611	0.0206523	605.821
12.7768	-14.2552	90.1182	0.323624	-3.10779	-0.597696	605.826
13.3908	-15.0252	94.634	-0.322146	2.9147	0.394285	605.831
12.4452	-15.5817	95.5829	0.30052	-2.97146	0.27937	605.836
12.9819	-15.2448	94.0236	0.321843	-3.07173	0.152452	605.841
12.529	-15.4581	88.7159	0.320449	-2.8319	0.133617	605.846
12.1753	-16.1293	92.1685	0.295481	-2.85251	0.143365	605.851
12.6506	-16.0735	93.3468	-0.261165	2.80402	0.414244	605.856
12.2562	-15.3161	89.9749	-0.256473	2.95499	0.582728	605.861
12.3628	-15.6817	92.5231	0.288525	-2.90457	0.225391	605.866
13.1868	-15.0854	98.0199	-0.335123	2.93034	-0.0252538	605.871
12.3469	-15.3764	95.1379	0.369631	-3.43568	0.206342	605.876
12.1294	-16.4301	97.5093	-0.277736	2.80516	-0.025162	605.881
12.5071	-16.1807	96.8658	-0.291413	2.90375	0.0848675	605.886
12.8756	-15.6369	91.1775	-0.3323	3.02451	0.500476	605.891
12.7828	-16.2552	97.3928	-0.319498	2.87582	0.210643	605.896
13.0166	-15.6707	93.0209	-0.427148	3.30109	-0.232292	605.901
12.191	-15.2961	88.8661	-0.252267	2.93085	0.776391	605.946
11.7833	-14.8211	87.0541	0.277276	-3.03319	-0.689689	605.951
12.3699	-16.0182	94.0178	0.319016	-2.97583	0.261771	605.956
12.3204	-17.057	88.5298	0.322675	-2.86784	0.154465	606.026
12.3689	-17.294	88.7376	0.30033	-2.8308	0.278216	606.031
12.0867	-17.5301	92.0171	0.303648	-2.92225	0.0826086	606.036
12.2635	-17.809	93.2832	0.284305	-2.9286	0.0893737	606.041
12.7455	-16.0834	91.0849	-0.336251	3.0355	0.549957	606.046
12.7386	-17.0612	96.3848	-0.324427	3.01134	-0.203821	606.051
12.5604	-17.7873	96.6676	-0.283392	2.91972	0.0342016	606.056
12.1032	-18.3328	94.3881	0.260449	-2.96723	0.146818	606.061
12.3815	-17.8402	92.2837	-0.330537	3.28333	-0.0247251	606.066
12.939	-17.8792	98.5168	-0.276234	2.78059	0.156799	606.071
12.8262	-17.0113	99.1805	-0.296788	2.85344	-0.181366	606.076
12.9034	-18.1771	98.7062	0.310233	-3.09102	0.132675	606.091
13.0746	-18.0945	95.106	0.311726	-2.87618	0.20514	606.096
12.5239	-17.8062	92.1783	0.31552	-2.87348	-0.0276604	606.101
12.4299	-18.4902	93.8873	0.294023	-2.86446	0.154661	606.106
12.7794	-18.013	93.2798	0.30404	-2.87555	0.293216	606.111
13.336	-17.1441	93.4397	0.345061	-2.96994	0.378148	606.116
13.4445	-17.5555	90.8121	0.309822	-3.21537	-0.783488	606.131
12.8003	-18.551	93.0323	0.298531	-2.78427	0.326506	606.136
13.6305	-17.9514	95.4427	-0.269762	2.82322	0.653339	606.141
13.5239	-18.4527	94.6828	-0.319012	2.86763	0.400965	606.146
13.1913	-17.3964	90.4185	-0.331246	2.98695	0.625438	606.151
13.2072	-18.4203	98.0896	-0.319667	2.82446	-0.0126999	606.156
13.6304	-18.2834	97.6867	-0.322182	2.83174	0.36053	606.161
13.3326	-18.7184	95.8288	-0.262014	2.75471	0.561234	606.176
13.6103	-18.4759	94.2743	0.352423	-2.92425	0.206171	606.181
13.8167	-18.2609	93.5355	-0.453166	3.37669	-0.141009	606.186
13.7322	-18.7687	92.5637	0.332058	-2.74397	0.421861	606.191
13.26	-18.9925	96.6154	0.307396	-2.71817	0.499531	606.196
13.3591	-19.0689	96.1377	0.284111	-2.72898	0.508458	606.201
13.105	-19.139	92.3604	0.309752	-2.68345	0.392503	606.206
13.5057	-18.9735	93.1362	-0.471952	3.4805	-0.239391	606.211
13.8939	-19.1449	93.8048	-0.473102	3.47705	-0.373268	606.216
13.5193	-19.6761	93.1873	-0.445299	3.4885	-0.259844	606.221
12.9039	-19.6349	89.7601	-0.42363	3.52634	-0.0711669	606.226
14.1957	-19.7233	100.858	-0.314881	2.78913	0.302247	606.231
13.4977	-20.2897	101.083	-0.365545	3.29145	-0.330122	606.236
13.2822	-20.5822	102.046	-0.329218	3.21078	-0.21323	606.241
13.7507	-19.7025	98.3426	-0.328197	3.00365	0.455517	606.246
13.1882	-20.2707	99.9696	-0.279505	2.88985	0.210414	606.251
13.5311	-19.1762	97.7716	0.31382	-2.956	0.492458	606.256
13.6842	-19.7473	97.4605	0.299821	-2.98493	0.332683	606.261
13.3253	-20.2869	95.6278	0.324736	-2.85147	0.160683	606.266
13.1699	-20.3602	96.5669	0.293642	-2.87061	0.32436	606.271
13.6352	-20.2886	95.0985	0.317349	-2.86348	0.320117	606.276
13.6845	-20.4099	95.9853	-0.382155	3.36229	-0.206436	606.281
13.4698	-20.8788	100.024	-0.265659	2.87836	-0.0675047	606.286
13.5302	-20.4816	101.719	-0.280961	2.84462	-0.0435587	606.291
13.4369	-20.2598	95.1412	0.323499	-2.78661	0.205754	606.296
13.3732	-20.7393	99.2404	0.291633	-2.94821	0.253681	606.301
13.593	-20.8453	100.683	-0.307209	3.23507	-0.39102	606.306
13.861	-20.5707	96.6143	0.29811	-2.91276	0.328207	606.311
13.9422	-21.2417	101.199	-0.256811	2.84172	0.34985	606.316
13.4482	-21.0689	99.1892	-0.259661	2.82657	0.132894	606.321
13.4233	-21.0714	98.0988	-0.225556	2.77022	0.0509362	606.336
14.2644	-21.0763	100.117	-0.269144	2.81371	0.12581	606.341
13.7566	-21.1488	97.8338	0.288878	-2.88887	-0.00271953	606.346
14.5791	-20.7783	102.671	-0.354397	3.13259	-0.183958	606.351
13.7691	-20.6693	96.4877	0.306724	-2.82175	0.0742571	606.356
13.1742	-21.8915	98.3727	0.26886	-2.82646	0.00524877	606.361
14.0754	-22.0245	103.473	0.298704	-2.91501	0.372266	606.366
14.3613	-21.6762	101.008	-0.269626	2.90422	0.243981	606.371
14.1244	-21.7868	102.645	-0.270053	3.015	-0.13376	606.376
12.9007	-20.5974	95.7512	0.286492	-2.82269	-0.449354	606.381
14.3951	-21.9791	103.637	-0.285887	3.04015	0.393955	606.386
14.463	-21.9525	102.306	0.330002	-3.11474	-0.101965	606.391
14.3765	-21.6992	100.599	0.310475	-2.97094	0.104159	606.396
14.4002	-21.9962	101.34	0.317528	-2.93073	0.168586	606.401
14.8989	-22.0216	102.754	-0.319494	3.10705	0.0383951	606.406
14.5062	-22.601	104.454	0.311097	-3.00436	0.185986	606.411
14.4835	-22.2524	98.0542	0.328092	-2.83917	0.15988	606.416
14.8008	-23.0309	107.114	-0.267803	2.83964	0.303616	606.421
14.1766	-23.6238	107.342	-0.223071	2.73819	0.277856	606.426
14.793	-22.4122	103.663	-0.276503	3.01299	0.531672	606.431
14.317	-22.8008	99.4224	0.320046	-2.80105	-0.0447135	606.436
14.8308	-23.157	103.441	-0.250695	2.67432	0.417338	606.441
15.1625	-22.9294	102.902	-0.30464	3.0056	0.168516	606.446
14.7507	-23.8071	107.118	-0.229614	2.7132	0.242682	606.451
14.4493	-23.9353	109.813	-0.258304	3.08155	0.544468	606.456
14.4629	-23.8918	105.633	-0.314576	3.3226	-0.220512	606.461
14.8739	-22.584	100.597	-0.214473	2.86171	0.639266	606.466
14.5915	-23.1112	102.124	-0.262235	2.94488	0.469596	606.471
15.1032	-22.9106	102.677	-0.331469	3.15664	-0.404433	606.476
14.6148	-23.6982	104.615	-0.2445	2.87442	-0.0855273	606.481
14.4699	-23.5332	103.695	-0.240974	2.91121	-0.102597	606.486
14.8793	-23.3072	103.312	-0.256116	2.89211	0.00129316	606.491
15.262	-23.2885	106.4	-0.29276	2.8919	-0.0615045	606.496
15.5671	-23.6432	106.374	-0.375309	3.23274	-0.0734197	606.501
15.2896	-23.8264	108.208	-0.258757	2.89507	-0.169858	606.506
15.8682	-24.3041	108.197	-0.319337	3.03794	-0.0877238	606.511
15.2246	-24.1029	103.897	-0.226075	2.78184	0.18178	606.526
15.4501	-23.678	102.871	-0.240129	2.77492	0.245571	606.531
15.8263	-24.84	108.526	-0.287093	2.93416	0.00720475	606.536
16.1077	-23.9899	105.581	-0.297105	2.89379	0.131502	606.541
15.9396	-23.6801	101.873	0.351792	-2.87239	0.0904116	606.546
14.913	-23.7779	98.7156	0.291317	-2.83962	-0.0225652	606.551
15.6916	-24.0613	105.32	0.292287	-3.12363	0.147299	606.556
15.8966	-23.9113	106.967	-0.254259	2.81088	0.226674	606.561
16.1072	-24.1523	104.45	-0.257713	2.88988	0.500064	606.566
15.7424	-24.0334	104.352	0.255763	-3.17787	-0.759768	606.571
15.9645	-24.1079	103.06	-0.241666	2.85113	0.665194	606.576
15.9074	-25.3812	108.371	-0.219171	2.81997	0.375609	606.581
15.668	-25.6687	105.6	-0.326644	3.37353	-0.279208	606.586
16.5274	-25.0788	107.919	-0.233768	2.8998	0.584588	606.591
16.6968	-25.7937	110.514	-0.259992	2.87887	0.502003	606.596
16.7279	-23.826	107.193	-0.317029	2.90421	0.745499	606.601
16.3658	-25.7031	110.237	0.297992	-3.06548	0.0513097	606.606
16.7505	-26.0979	113.005	-0.298233	3.13453	-0.173507	606.611
16.4158	-25.9197	110.589	0.266631	-2.95461	0.24396	606.616
16.4515	-25.6595	108.932	0.28259	-2.87884	0.328867	606.621
16.1999	-25.8038	110.621	0.289901	-2.89945	0.306479	606.626
15.8147	-25.475	107.744	0.25696	-3.01759	0.49969	606.631
16.1228	-25.8536	108.174	0.270244	-2.97906	0.421981	606.646
15.565	-23.2239	99.825	0.209412	-2.96108	-1.03559	606.651
16.0357	-24.0453	102.772	0.20162	-3.05613	-0.932897	606.656
16.2918	-26.537	108.828	-0.266723	3.18892	-0.25799	606.661
17.4394	-27.1157	113.346	-0.313742	3.02069	0.113457	606.666
16.7174	-26.1936	105.945	-0.216871	2.74594	0.327341	606.671
16.6084	-26.3186	107.976	-0.309681	3.33324	-0.0813919	606.676
16.9722	-27.0181	110.923	-0.316744	3.26776	-0.0769291	606.681
17.238	-27.3032	113.734	-0.316489	3.18785	-0.32204	606.686
17.1885	-27.3336	114.946	-0.231927	2.8993	-0.200327	606.691
16.8859	-27.5038	114.478	-0.255699	3.11507	-0.0455818	606.696
16.8517	-27.7545	114.813	0.253021	-3.42698	-0.459548	606.701
17.3888	-27.9019	113.833	-0.320152	3.24514	-0.144589	606.706
18.0667	-27.8944	114.704	-0.276566	3.08045	-0.0602953	606.711
17.2238	-27.4341	110.82	0.305422	-2.89901	0.0194399	606.716
17.6122	-26.8989	110.33	-0.196682	2.74426	0.625573	606.721
17.4951	-27.8163	114.038	-0.221955	2.82697	0.214025	606.726
17.239	-27.1274	111.566	-0.200889	2.89121	0.696816	606.731
17.8571	-28.0477	114.075	-0.265223	2.88672	0.417457	606.736
17.9051	-28.1984	116.042	-0.389868	3.30609	-0.354124	606.741
17.7837	-26.9471	109.528	-0.199263	2.73659	0.754003	606.746
17.6159	-27.3353	110.885	-0.213728	2.78396	0.478097	606.751
17.8	-27.6472	112.289	-0.332154	3.15293	-0.217856	606.756
17.4207	-27.6479	111.809	-0.245248	2.74424	0.318038	606.761
17.482	-27.7642	112.003	-0.226081	2.92642	0.57828	606.766
16.5683	-25.8808	105.286	0.254351	-2.93274	-0.878676	606.771
17.2448	-27.9466	113.223	-0.254806	3.015	-0.134498	606.776
17.4644	-28.2455	112.506	0.29592	-3.10711	0.0448545	606.781
17.849	-28.492	114.366	-0.31689	3.12812	0.0263708	606.786
18.3851	-28.9779	116.932	0.261927	-3.15937	0.0925581	606.791
18.0144	-27.7418	109.564	-0.268386	2.91123	0.402304	606.796
17.5284	-27.5583	109.173	0.325562	-2.92397	0.111158	606.801
17.9699	-27.843	112.143	0.319051	-2.97756	-0.321042	606.806
18.4579	-28.163	111.187	0.319137	-2.89247	0.276008	606.811
18.0462	-27.6136	109.95	0.360951	-2.88937	0.247428	606.816
18.1403	-27.5543	110.478	0.326114	-2.89715	0.110946	606.821
17.9545	-27.3893	108.714	-0.192189	2.77795	0.506344	606.826
17.9174	-28.7356	112.684	-0.207436	2.86674	0.230547	606.831
18.6795	-28.9451	116.374	-0.288393	3.06159	0.142154	606.836
18.5126	-27.9581	109.998	-0.221786	2.89927	0.776242	606.841
18.4804	-29.049	113.858	-0.203328	2.86933	0.699118	606.846
18.5453	-30.0725	116.693	-0.224712	2.93332	0.611585	606.851
18.1085	-29.7794	115.399	-0.213454	2.90822	0.0106553	606.856
18.4201	-29.7436	115.373	-0.234475	2.97892	0.109782	606.861
18.2203	-29.0271	114.355	-0.270643	2.93854	0.195764	606.866
18.2602	-30.3842	118.364	-0.261846	3.1085	-0.210811	606.871
18.392	-30.1099	115.924	-0.211565	2.92446	0.348785	606.876
18.3648	-30.8893	120.836	-0.258089	2.96454	0.123607	606.881
18.5077	-29.418	113.916	0.29267	-3.14083	0.023561	606.886
17.6712	-29.5222	112.499	0.325467	-2.83516	-0.147258	606.891
18.4233	-29.4511	110.42	0.287528	-2.78971	0.164099	606.896
18.6832	-29.7194	115.152	0.299184	-2.92923	0.124002	606.901
17.9861	-29.6139	113.303	-0.212902	3.04569	-0.0987169	606.906
18.5428	-30.102	115.869	-0.257706	2.91959	0.0503613	606.911
17.9124	-30.2663	114.461	-0.2016	2.90458	0.172996	606.916
17.5945	-29.8705	113.641	-0.194556	2.83806	0.14003	606.921
18.2771	-31.1825	117.836	-0.185297	2.91504	0.376778	606.926
18.0481	-29.3155	110.573	0.273366	-2.99554	-0.523984	606.931
18.6016	-29.8531	114.725	-0.239307	2.93277	0.626375	606.936
18.6153	-30.4703	116.29	-0.309509	3.20472	-0.205269	606.941
18.1571	-29.8086	111.216	-0.198546	2.89386	0.631163	606.946
18.1098	-30.6014	114.233	-0.179158	2.88724	0.286288	606.951
18.4613	-29.8397	113.145	-0.245005	2.96649	0.562999	606.956
18.0905	-29.0139	108.834	-0.191817	2.85103	0.661856	606.961
17.7506	-30.0131	112.779	-0.191746	2.88445	0.211299	606.966
18.3672	-30.3285	116.443	-0.267487	3.12286	-0.0540492	606.971
18.2053	-30.2689	117.059	-0.267567	2.84589	0.011217	606.976
18.155	-30.717	118.056	-0.255478	3.01007	-0.0285259	606.981
17.8356	-28.8716	108.359	-0.270256	2.9731	0.804566	606.986
18.0557	-30.1296	111.55	-0.213244	2.8936	0.787093	606.991
18.4239	-30.7921	113.315	-0.310028	3.23159	-0.287604	606.996
18.1731	-31.1908	115.897	-0.219339	2.93706	-0.0110361	607.001
18.4525	-31.347	114.689	-0.188621	2.97357	0.635201	607.006
18.3548	-30.8982	116.479	0.281121	-3.15408	0.206666	607.011
18.5672	-30.9635	117.067	-0.244127	2.98677	-0.0940106	607.016
17.7644	-30.7302	115.152	-0.261704	2.89856	0.123135	607.021
18.1803	-30.9121	115.292	0.281378	-3.18681	0.174529	607.026
18.3994	-30.6142	111.27	0.304943	-2.82197	0.215249	607.031
18.7586	-31.7943	118.834	-0.25492	3.0302	0.319275	607.036
18.7739	-31.8361	117.023	-0.234681	3.05818	0.344709	607.041
18.2194	-30.6708	112.97	-0.29039	3.17323	-0.0513005	607.046
18.2042	-30.369	112.508	-0.309325	3.15988	-0.318987	607.051
18.2263	-30.2347	111.711	0.26666	-3.18087	-0.443707	607.056
18.5466	-31.0963	113.364	-0.32466	3.28156	0.0479886	607.061
18.1075	-30.7266	111.769	-0.322668	3.23214	-0.294608	607.066
18.1181	-30.8196	112.321	-0.270189	3.06788	-0.117323	607.071
18.1515	-31.1357	113.908	-0.312065	3.23718	-0.0572939	607.076
17.9543	-30.8835	112.381	-0.206665	2.94074	-0.0778624	607.091
18.154	-31.4833	114.612	-0.23806	2.95376	0.0155967	607.096
18.1003	-32.3644	116.77	-0.213781	3.00378	0.00543055	607.101
17.7087	-31.766	112.86	-0.204356	2.95035	0.108197	607.106
18.7393	-32.3484	116.389	-0.286455	3.17479	-0.125915	607.111
17.8876	-31.9963	114.282	-0.204993	2.92728	0.192517	607.116
18.0816	-32.0446	115.789	-0.230355	2.97041	-0.0245278	607.121
18.3692	-31.9245	115.356	-0.243754	3.01853	0.0754166	607.126
17.9184	-30.6867	108.959	-0.318992	3.20777	-0.0477458	607.131
17.7802	-31.5286	112.579	-0.246332	3.01615	-0.0476096	607.136
18.4915	-32.2122	112.837	-0.286196	3.1755	-0.0525609	607.141
17.9268	-31.9648	113.138	-0.29134	3.11401	-0.00321075	607.146
18.5195	-32.3403	114.381	-0.334127	3.22745	-0.127244	607.151
18.199	-32.3865	114.264	-0.228934	3.02534	0.116977	607.156
18.0451	-31.7152	111.757	-0.30488	3.22218	-0.152573	607.161
18.0767	-31.1014	109.399	0.289488	-2.99119	-0.022272	607.166
18.0903	-31.1125	109.024	-0.320714	3.27393	-0.231603	607.171
18.3408	-30.8122	108.521	-0.239412	2.90156	0.694089	607.176
17.7108	-31.1333	110.096	-0.195551	2.96509	0.647271	607.181
18.2493	-31.1983	107.68	0.303982	-2.9569	-0.139675	607.196
17.7909	-30.8757	108.865	-0.303516	3.15946	-0.179995	607.201
17.3737	-31.7833	111.195	-0.191814	2.73652	0.172408	607.206
18.7199	-31.704	112.364	-0.27453	3.02557	0.0451911	607.211
18.4266	-31.3726	111.92	-0.311532	3.01961	0.145608	607.216
18.0575	-31.4087	108.483	-0.300924	3.1937	-0.25435	607.221
17.4556	-31.7962	110.724	-0.276478	3.1573	-0.137426	607.226
18.2455	-31.9824	111.712	-0.307677	3.14031	-0.0464753	607.231
18.3267	-31.2238	107.751	-0.203318	2.69313	0.569183	607.236
17.8699	-30.4321	103.826	-0.201182	2.8455	0.619467	607.241
17.8508	-31.6905	108.814	-0.263599	3.00849	-0.142853	607.246
18.0467	-32.108	109.822	-0.23737	3.01267	0.122195	607.251
18.091	-31.6939	109.968	-0.317299	3.20169	-0.118539	607.256
17.8751	-31.2083	108.789	-0.316162	3.25159	-0.157095	607.261
17.9127	-31.2217	108.961	-0.280541	3.15481	-0.262568	607.266
18.2536	-30.7934	105.504	0.312126	-2.92598	0.324531	607.271
18.0528	-30.9343	106.418	-0.289556	3.18596	-0.135488	607.276
17.8001	-30.1755	102.821	-0.208892	2.80432	0.772209	607.281
18.0625	-29.8928	101.786	-0.209537	2.77971	0.636737	607.286
17.8395	-31.6756	108.427	-0.292392	3.27508	-0.269336	607.291
18.1793	-31.3059	108.124	0.219272	-3.06231	-0.569354	607.296
18.2778	-31.9062	110.315	0.262766	-3.21878	-0.152409	607.301
18.2637	-31.1737	105.23	-0.234453	2.88594	0.571703	607.306
18.1624	-31.5678	105.907	-0.216111	2.84076	0.52372	607.311
17.9742	-31.3166	106.191	-0.28118	2.90589	0.217553	607.316
17.7894	-29.8724	101.154	-0.231577	2.9701	0.563842	607.321
18.5808	-31.3935	108.461	-0.290349	2.95598	0.259767	607.326
17.4127	-31.3295	106.269	-0.224869	2.88141	0.169803	607.331
18.148	-31.8164	107.772	-0.202147	2.88274	0.476754	607.336
17.9237	-31.6382	108.147	-0.220741	2.85318	0.148006	607.341
17.8514	-31.5347	106.68	-0.202278	2.86443	0.220803	607.346
18.1558	-30.7551	102.703	-0.383414	3.31992	-0.0713614	607.351
18.4399	-30.5196	103.73	0.312074	-3.0679	0.0779998	607.356
17.8505	-30.6636	104.276	-0.230367	2.90703	0.437192	607.361
18.4145	-31.6324	107.997	-0.282652	3.06197	0.0571191	607.366
17.9738	-31.3353	105.885	-0.254827	3.10505	-0.0879108	607.371
17.6995	-31.6999	107.398	-0.223029	2.95132	-0.0229286	607.376
17.9993	-31.2418	105.618	-0.335662	3.21815	-0.161172	607.381
18.039	-31.1395	107.254	0.30007	-3.21631	0.0871742	607.386
18.4826	-31.6559	108.205	0.313176	-3.06113	0.00296935	607.391
17.7634	-31.62	107.212	-0.300864	3.17432	0.0217785	607.396
18.0934	-31.7763	108.862	-0.288863	3.04811	0.00277408	607.401
17.861	-31.2589	105.747	0.276692	-3.11719	0.0555486	607.406
17.4626	-30.6609	103.159	0.259492	-3.1434	0.295258	607.411
18.1136	-31.7957	105.441	0.294133	-3.09283	0.059533	607.416
17.5446	-31.7668	105.214	-0.258544	3.07152	-0.189767	607.421
17.4611	-30.6603	101.3	-0.337158	3.2564	-0.231452	607.426
17.5695	-31.5478	104.918	0.287589	-3.18457	0.132115	607.431
17.6737	-31.2774	102.856	0.307466	-3.06521	0.227588	607.436
17.374	-30.9169	102.283	-0.349069	3.19394	-0.127093	607.441
17.0925	-30.6724	102.122	0.279394	-3.17634	0.229306	607.446
16.9111	-29.5489	98.193	-0.32693	3.18616	-0.373309	607.451
17.5979	-31.5986	104.569	-0.267336	3.05226	0.0406863	607.456
17.3777	-31.5398	104.023	-0.260725	3.01244	0.070038	607.461
17.5366	-30.4305	100.886	-0.318045	3.18667	-0.224735	607.466
17.1931	-30.5374	100.138	-0.311276	3.27133	-0.191071	607.471
17.4295	-30.6111	101.153	-0.254292	3.0475	0.0419989	607.476
17.2634	-30.2298	100.952	-0.356469	3.24588	-0.104665	607.481
17.0293	-31.0877	103.032	-0.319788	3.23045	-0.200108	607.486
17.4668	-31.7668	104.677	-0.358354	3.21084	0.0642871	607.491
17.0124	-32.3593	106.257	-0.279047	3.15178	-0.108624	607.496
17.5513	-32.1046	105.856	-0.242106	2.88104	0.32626	607.501
17.8738	-31.7523	104.465	-0.25262	2.97925	0.225571	607.506
17.6659	-30.9045	101.275	-0.349263	3.25893	-0.0908346	607.511
17.4089	-31.3633	103.848	-0.270042	3.04606	0.025347	607.516
17.6185	-31.5174	104.249	0.320764	-3.07588	0.116067	607.521
17.4749	-31.8485	104.701	-0.306317	3.19442	-0.168906	607.526
17.3059	-30.7128	101.19	-0.306793	3.1459	-0.388746	607.531
16.5869	-30.098	97.5733	-0.389087	3.34198	-0.0134583	607.536
16.8542	-30.5738	99.0478	0.310263	-2.94292	0.0125124	607.541
17.21	-31.8759	104.489	-0.257482	3.00012	0.348169	607.546
17.1419	-31.483	102.392	0.327938	-2.98367	0.0730104	607.551
16.894	-31.3783	102.026	-0.325972	3.28018	-0.0530109	607.556
17.3722	-31.9751	104.774	0.328712	-3.00829	0.0177505	607.561
17.032	-31.2335	103.044	-0.267415	3.00237	0.0829766	607.566
16.6322	-31.2823	101.227	-0.34944	3.2693	-0.075202	607.571
16.699	-31.5594	102.452	-0.300253	3.25195	-0.269778	607.576
16.8688	-30.7907	100.794	-0.38112	3.21688	-0.122363	607.581
16.7693	-30.9528	101.22	-0.295246	3.13989	-0.152499	607.586
16.3632	-31.0965	101.911	-0.274838	3.12959	-0.289305	607.591
16.5677	-30.7091	100.592	-0.308363	3.15415	-0.347429	607.596
16.9214	-31.7603	104.206	-0.292236	3.08557	-0.169077	607.601
16.7559	-30.5397	99.9188	-0.268039	3.10635	0.0105466	607.606
16.8375	-30.5398	97.8485	-0.329994	3.19038	-0.255856	607.611
16.1734	-29.7495	95.1232	-0.340972	3.26826	-0.243913	607.616
16.7905	-31.1638	101.352	-0.354967	3.16867	-0.134063	607.621
16.7382	-31.2559	101.96	-0.345162	3.12905	-0.203679	607.626
16.2066	-29.1724	96.1519	0.307654	-2.89988	-0.738106	607.631
16.17	-30.626	99.8816	-0.245929	3.0629	-0.251593	607.636
16.2727	-30.7985	100.996	-0.267367	2.99677	-0.150879	607.641
16.6994	-31.9049	104.932	0.280467	-3.2944	0.110878	607.646
16.6694	-31.2101	101.563	0.263601	-3.24695	0.0786143	607.651
16.4813	-31.4239	103.782	-0.256477	3.01506	-0.159324	607.656
15.904	-30.7352	101.183	-0.230291	2.8333	-0.0149475	607.661
16.3272	-31.6417	103.81	-0.271821	2.94922	0.0495733	607.666
15.7818	-31.8666	103.496	-0.216154	2.90146	0.11457	607.671
16.086	-31.4134	102.086	-0.266868	3.02926	-0.0796852	607.676
16.1922	-30.8802	100.115	-0.24724	2.99019	-0.00981271	607.681
15.9038	-31.0236	101.382	-0.261297	3.03333	-0.248613	607.686
16.1628	-31.1975	99.6345	-0.200482	2.78821	0.479966	607.691
16.135	-31.0112	102.214	-0.261763	2.82927	0.395415	607.696
16.0253	-30.9617	101.302	-0.223707	2.78697	0.421469	607.701
16.2302	-31.1594	102.916	-0.280327	3.01685	0.12146	607.706
16.004	-30.0664	97.8241	-0.285691	3.10527	-0.16597	607.711
15.7308	-30.5126	99.413	-0.243153	3.02798	-0.10396	607.716
15.7878	-30.8903	99.764	-0.2374	3.06198	-0.0213866	607.721
15.8404	-30.5669	99.3452	-0.238031	3.04478	-0.0875391	607.726
15.5511	-30.4836	99.4904	-0.208236	2.98758	0.0294199	607.731
15.8904	-30.0265	96.3058	-0.237204	3.08689	-0.113437	607.736
15.6917	-30.3201	98.837	-0.262474	3.04144	-0.074931	607.741
15.2007	-30.2819	96.5792	-0.142276	2.76819	0.621821	607.746
14.9126	-29.667	94.9251	-0.314792	3.27048	-0.0927865	607.751
15.3736	-29.3758	93.307	-0.192719	2.77223	0.738615	607.756
15.3959	-29.8727	97.4391	-0.295736	3.13376	-0.161448	607.761
15.0032	-29.7882	97.2832	-0.196903	2.79218	0.464039	607.766
15.4284	-30.2945	97.6027	-0.211558	2.89078	0.479129	607.771
15.3734	-29.8511	98.6785	-0.254319	3.06029	-0.219298	607.776
15.3125	-29.7801	96.8658	-0.230728	2.89703	0.333122	607.781
14.8182	-29.2406	94.4463	0.314076	-2.89916	-0.252258	607.786
15.2333	-29.6023	95.6317	-0.265524	3.10664	-0.240635	607.791
15.1658	-30.5281	99.9659	-0.232514	2.90295	0.393906	607.796
15.1785	-29.5315	97.374	-0.310368	3.15563	-0.200603	607.801
14.8684	-28.9458	94.9877	-0.213218	2.69118	0.682488	607.806
15.0083	-30.483	98.4579	-0.188746	2.81102	0.44571	607.811
15.3082	-29.77	97.9648	0.294352	-3.18487	0.0237432	607.816
15.3229	-29.9094	97.7586	0.271206	-3.13023	0.123464	607.821
15.4087	-29.2388	97.0119	0.288333	-3.19995	0.0785718	607.826
15.092	-29.7381	96.9715	-0.263288	3.10701	-0.225522	607.831
15.1493	-29.7972	99.2521	-0.302747	3.12207	-0.00599235	607.836
14.8445	-29.3534	96.4922	-0.314119	3.1546	-0.136313	607.841
15.1291	-29.6965	98.6242	-0.276013	3.007	-0.048336	607.846
14.8687	-29.6332	97.6319	-0.25089	3.07429	-0.126365	607.851
14.5429	-28.3617	93.1124	-0.301075	3.19437	-0.198679	607.856
14.7453	-29.4939	98.39	-0.253928	3.02847	-0.0974761	607.861
14.6154	-29.4028	97.5719	-0.272826	3.07002	-0.153929	607.866
14.6172	-29.0453	97.2239	-0.300804	3.08447	-0.112935	607.871
14.6777	-29.3145	97.7176	-0.348098	3.21852	-0.120442	607.876
14.373	-28.6346	97.6527	0.290667	-3.18239	0.19008	607.881
14.3188	-28.3973	96.8562	0.295046	-3.30658	0.111825	607.886
14.7614	-29.0969	97.888	-0.305684	3.10733	-0.00686689	607.891
14.2604	-28.636	95.1749	0.359064	-2.94982	-0.151338	607.896
14.5143	-27.9992	94.6306	-0.361823	3.13613	0.0110123	607.911
14.4644	-27.9643	94.2328	-0.328177	3.18485	-0.181959	607.916
14.454	-27.5642	93.6438	-0.273406	3.03507	-0.26043	607.921
14.5274	-28.2387	95.4437	-0.286741	3.15833	-0.243244	607.926
14.2059	-27.5615	92.4104	-0.217798	2.70524	0.717753	607.941
13.7885	-28.7303	93.763	-0.321746	3.26165	-0.321636	607.946
14.2211	-28.2263	93.7909	-0.319834	3.17292	-0.173041	607.951
13.9098	-28.3467	93.1623	-0.36941	3.26706	-0.240927	607.956
14.0541	-28.3518	96.0777	0.33735	-3.17318	-0.026378	607.961
13.5729	-28.5164	94.4711	-0.232788	2.91952	0.484215	607.966
13.3894	-28.7889	98.2558	-0.268726	3.03515	-0.186015	607.971
13.7414	-28.6497	98.1305	-0.328925	3.03622	0.120706	607.976
13.8753	-28.7634	98.564	-0.292364	3.01562	0.0281533	607.981
13.5501	-28.374	96.0826	-0.279509	3.12614	-0.0553065	607.996
13.8002	-28.0231	94.7608	0.301519	-3.10679	0.216015	608.001
13.5296	-28.6207	98.2149	-0.25137	2.9405	-0.0347072	608.006
13.6292	-28.0092	97.7139	0.297877	-3.1984	0.0909358	608.011
13.6226	-27.738	95.2083	0.303789	-2.98393	0.282857	608.016
13.3731	-27.4642	95.5582	-0.308484	3.1259	-0.32815	608.021
13.3469	-27.6262	94.8977	-0.330577	3.19418	-0.194118	608.026
13.125	-26.1114	89.328	0.36583	-2.89034	-0.18228	608.041
13.3836	-26.8293	91.6772	0.309881	-2.99947	0.287199	608.056
13.193	-27.4898	94.0992	-0.239977	2.77941	0.54421	608.061
13.2968	-27.5454	95.4999	-0.305749	2.94129	0.644599	608.066
12.8942	-27.3555	94.3145	-0.249228	2.91308	0.603076	608.071
13.0385	-28.1782	95.7012	-0.320029	3.25061	-0.150535	608.076
13.2289	-27.326	94.9677	-0.362087	3.23455	-0.209405	608.081
12.9753	-26.6538	92.1416	-0.266371	2.89617	0.539566	608.086
13.1822	-26.8294	93.1744	-0.236454	2.8788	0.716815	608.091
12.6395	-27.4663	93.3202	-0.219999	2.86481	0.566937	608.096
12.6077	-27.3822	96.4087	-0.267398	3.03766	-0.199076	608.101
12.732	-28.0529	95.3255	-0.200504	2.79721	0.444012	608.106
12.7715	-27.342	95.3256	-0.240372	2.78767	0.474089	608.111
12.2131	-28.525	99.5562	-0.21618	2.86784	0.0898595	608.116
12.6912	-27.9227	95.9534	-0.236239	2.87061	0.333027	608.121
12.7079	-28.1691	95.2337	-0.223847	2.85368	0.442428	608.126
12.7864	-27.2216	94.8148	-0.275232	2.90302	0.42523	608.131
12.8293	-27.1597	93.0681	-0.234319	2.82969	0.549578	608.136
12.6634	-27.3009	95.9746	-0.374438	3.32357	-0.177175	608.141
12.9112	-27.4861	96.2476	-0.24758	2.79248	0.744217	608.146
12.3791	-28.4549	98.017	-0.235542	3.04411	0.0575034	608.151
12.8692	-26.8019	96.6416	-0.359872	3.16116	-0.272027	608.156
12.7625	-27.1714	94.4618	0.31194	-2.9872	0.216388	608.161
12.5326	-27.3064	95.4063	-0.318776	3.22095	-0.0800142	608.166
12.1764	-27.1553	95.3625	0.294931	-3.08277	0.234453	608.171
12.1089	-27.7924	96.9027	-0.29423	3.15347	-0.102703	608.176
12.7146	-27.3669	96.7661	-0.310835	3.09458	-0.124489	608.181
12.4733	-26.8463	91.5036	-0.38177	3.3108	-0.323061	608.186
12.2839	-26.7354	92.5006	0.349864	-2.85649	0.194962	608.191
11.8669	-27.5613	96.0419	0.286185	-3.00815	0.0375124	608.196
12.1056	-27.3265	99.459	-0.292722	3.12964	-0.237166	608.201
12.0073	-26.6733	97.7073	-0.325715	3.10293	-0.307263	608.206
12.3152	-26.667	96.5421	-0.309612	3.17056	-0.400469	608.211
12.0097	-26.7598	94.0942	-0.287655	3.16649	-0.219376	608.216
12.1319	-27.1055	95.2499	-0.290474	3.14526	-0.155194	608.221
12.1967	-26.7297	95.8881	-0.282424	2.92396	-0.140933	608.226
12.2702	-26.2217	92.9846	0.359271	-2.9893	0.0934238	608.231
12.0793	-26.544	96.3362	0.341868	-3.06069	0.167932	608.236
11.7661	-25.4468	90.8619	0.29831	-3.08222	-0.685305	608.241
12.1408	-26.4955	96.141	-0.321921	3.14398	-0.351193	608.246
12.0355	-26.1097	94.3851	-0.277417	2.95185	0.693144	608.251
11.9031	-27.3028	97.6324	-0.32327	3.16735	0.0116989	608.256
11.4953	-27.5906	96.9266	0.296781	-2.98202	0.143294	608.261
11.9839	-26.6675	95.016	0.332851	-2.94448	0.179699	608.266
11.3387	-26.4989	93.7761	-0.333307	3.26998	0.098716	608.271
11.5004	-26.7242	97.6673	-0.270464	3.00442	-0.0508319	608.276
11.1395	-25.8653	91.6646	-0.268898	2.96965	0.716221	608.281
11.5332	-26.208	95.6862	0.280501	-3.26884	0.261381	608.296
11.2817	-26.5648	94.5432	-0.26736	2.91545	0.581886	608.301
11.9178	-26.1535	93.8297	-0.336899	3.18517	-0.262185	608.306
11.6795	-26.0994	91.9442	0.329005	-2.91877	0.189398	608.311
11.4109	-26.5099	90.6379	0.279154	-2.81915	0.264127	608.316
10.9779	-27.7818	98.2489	0.262047	-2.99324	0.169301	608.321
11.6121	-27.0853	95.2823	-0.284458	3.22285	-0.262436	608.326
11.3783	-25.2503	91.4877	-0.245302	2.83661	0.795602	608.331
11.0162	-26.9737	97.9766	-0.223733	2.76112	0.68338	608.336
11.5291	-26.4243	96.8268	-0.23633	2.77399	0.833415	608.341
11.9833	-26.5708	95.2071	-0.228745	2.8067	0.65696	608.346
12.0656	-26.2948	97.5046	-0.338279	3.10579	-0.0616049	608.361
10.4435	-27.6981	101.007	-0.235349	2.92126	0.40112	608.376
11.361	-26.1402	94.7303	-0.251747	2.82392	0.656684	608.391
11.2635	-27.2014	95.0093	-0.351341	3.36386	-0.2709	608.396
11.2066	-26.9336	98.1624	-0.295338	3.17791	-0.279832	608.401
10.9767	-26.981	97.4029	-0.342844	3.32805	-0.343698	608.406
10.6925	-26.1927	98.0332	-0.260759	3.02179	-0.187068	608.411
10.8238	-26.9136	99.8315	-0.288149	3.10479	-0.151804	608.416
10.9475	-27.2796	100.054	-0.307607	3.23559	-0.189656	608.421
10.4846	-26.2658	94.3057	0.291707	-2.85244	0.272144	608.426
10.035	-26.7681	95.2121	0.296356	-2.88472	0.133024	608.431
10.3446	-27.8973	100.578	-0.233727	3.04031	0.0978051	608.436
10.7029	-27.2535	98.7839	-0.317468	3.25751	-0.141934	608.441
10.9421	-25.0432	93.0604	-0.28524	2.9594	0.662601	608.446
11.0099	-26.1655	96.0174	-0.241729	2.75709	0.555449	608.451
10.1976	-27.2115	95.4813	0.263288	-2.94132	0.0831528	608.456
10.3475	-26.9188	97.4982	-0.282435	3.19216	-0.141747	608.461
10.4504	-27.2935	99.2345	-0.325196	3.30591	-0.168366	608.466
10.5547	-26.4347	96.5601	-0.297901	3.15328	-0.00779574	608.471
11.1688	-26.2789	97.5227	-0.268545	2.88689	0.671897	608.476
10.7464	-25.5003	95.2447	-0.246911	2.80534	0.845378	608.481
10.9189	-26.473	96.6934	-0.219872	2.79108	0.746502	608.486
10.1169	-27.1817	99.3211	-0.227871	2.86234	0.638525	608.491
10.3154	-27.4319	100.042	-0.246713	3.10822	-0.139472	608.496
10.3421	-26.9376	99.3551	0.300769	-3.1004	-0.169723	608.501
10.6178	-25.8292	95.4951	0.306737	-3.02791	-0.0504798	608.516
10.3397	-27.6204	102.444	-0.285819	3.063	0.140401	608.521
10.1288	-27.5484	101.158	-0.299805	3.23006	-0.0813719	608.526
10.9273	-24.4117	91.1752	-0.252454	2.83759	1.01997	608.531
10.2508	-28.2442	104.009	-0.319767	3.28015	-0.144319	608.546
10.2595	-26.8041	98.1667	0.273838	-2.97278	0.280772	608.551
10.132	-27.239	98.3013	0.290426	-2.94735	0.266205	608.556
9.82003	-27.3656	101.994	-0.300351	3.17869	-0.146268	608.561
10.4973	-26.2044	96.0279	0.222467	-3.25673	-0.977687	608.566
10.116	-27.3261	103.484	-0.284082	3.15109	-0.335976	608.571
10.016	-26.0052	96.795	-0.227584	2.81996	0.797202	608.576
10.3524	-26.8353	100.199	-0.282349	3.14585	-0.227665	608.581
10.4362	-27.3179	103.394	-0.373603	3.32066	-0.0733297	608.586
9.92695	-27.4334	99.9666	0.283377	-2.8626	0.278723	608.591
9.82218	-27.1918	102.657	0.324913	-2.95983	-0.0192847	608.596
10.7091	-26.3281	100.13	-0.290244	2.87282	0.574204	608.601
10.0286	-26.8117	100.171	-0.278964	3.05145	0.440826	608.606
10.0465	-27.5264	102.087	-0.253188	2.91879	0.308231	608.611
10.4283	-27.2896	105.13	-0.289034	3.09129	-0.220397	608.616
10.0045	-27.4669	104.202	-0.226042	2.68713	0.066583	608.621
9.83939	-27.6834	104.172	-0.22703	2.83148	-0.0035056	608.626
9.19415	-27.2069	103.314	-0.217934	2.76119	-0.0859123	608.631
9.11865	-26.401	96.3835	0.295021	-2.86411	-0.34551	608.636
9.35363	-25.443	95.9081	-0.29902	3.13543	0.752364	608.641
10.1431	-27.6529	103.57	-0.285816	3.12324	-0.0343136	608.646
9.24116	-27.6723	107.726	-0.242865	2.99663	-0.12958	608.651
9.2461	-26.5165	101.234	-0.290692	3.14714	0.594003	608.656
9.22595	-28.3549	107.009	-0.192672	2.71457	0.249756	608.661
9.79182	-26.8296	98.6423	-0.232897	2.97536	0.699887	608.666
9.61483	-28.0616	108.653	-0.249338	2.85526	0.157288	608.671
10.2071	-26.737	103.061	-0.350722	3.26647	-0.128141	608.676
10.0701	-26.7712	103.574	-0.333321	3.17284	-0.232388	608.681
9.97094	-27.6882	108.424	-0.264755	2.92496	0.0057244	608.686
9.90141	-27.6672	105.653	-0.288383	3.16581	-0.10776	608.691
9.95816	-27.4608	106.852	0.306307	-3.03973	0.0245869	608.696
9.64832	-27.3897	103.424	-0.356427	3.38265	-0.164408	608.701
10.0903	-27.0687	103.58	-0.327008	3.1817	-0.179027	608.706
9.80959	-27.0885	106.179	-0.268564	3.0698	-0.228442	608.711
9.46015	-27.6132	107.53	-0.247813	3.12228	-0.353013	608.716
9.23762	-28.0931	109.733	-0.222583	2.87938	-0.013549	608.721
9.20775	-28.1042	110.843	-0.251278	2.97672	0.0679584	608.726
9.67302	-27.3282	107.434	-0.265505	3.13517	-0.229087	608.731
9.71208	-27.7181	109.981	-0.312493	3.1242	-0.11893	608.736
9.10428	-27.3238	102.666	0.276723	-2.92086	0.241078	608.741
8.90623	-27.806	103.947	-0.290386	3.29589	-0.0272195	608.746
9.97967	-26.6941	97.9866	0.307516	-2.8331	0.182375	608.751
10.5573	-26.4044	99.5057	-0.247846	2.73534	0.659851	608.756
9.07217	-26.9176	96.9911	0.292941	-2.82082	-0.0238451	608.761
9.74664	-26.839	101.862	0.318821	-2.96156	0.0660053	608.766
9.66079	-26.9473	102.775	0.316343	-2.89348	0.0401137	608.771
9.80362	-27.0344	104.331	0.287764	-2.92708	0.349942	608.776
9.7344	-27.0238	105.913	0.299199	-2.96042	0.162319	608.781
8.99658	-27.0588	107.977	0.329074	-2.8578	0.110431	608.786
9.73388	-26.7418	101.172	0.317723	-2.77284	0.222683	608.801
9.63968	-27.7417	107.792	0.31516	-2.90074	0.0781139	608.806
10.2653	-26.4857	105.19	-0.274496	2.79804	0.696607	608.811
9.33692	-26.0394	103.243	0.268054	-3.06803	-0.817233	608.816
9.57979	-26.1894	103.328	-0.300664	3.01513	0.679139	608.821
10.0775	-27.0025	107.427	-0.288792	2.83018	0.430688	608.826
10.0282	-25.9185	105.173	-0.306958	2.81225	0.741932	608.831
8.99825	-26.5517	107.897	-0.238464	2.91058	-0.202015	608.836
9.23904	-28.1316	113.158	-0.259112	2.99153	-0.0080133	608.841
9.39173	-28.4239	112.039	-0.269656	3.0601	-0.0218306	608.846
9.93257	-27.2463	106.98	-0.2757	2.8731	0.519147	608.851
9.39097	-26.6131	98.4243	0.294746	-2.8247	0.084837	608.856
9.41782	-26.8425	103.84	0.286074	-2.95512	0.153482	608.861
8.82458	-27.7492	105.116	0.271327	-2.90535	-0.0498652	608.866
9.05491	-28.3429	114.178	-0.25698	2.82095	0.424919	608.871
9.54121	-26.7837	111.439	-0.297107	2.87222	0.761608	608.876
9.70513	-28.0295	112.578	-0.274876	2.86821	0.523523	608.881
8.77389	-29.0674	115.374	0.249166	-2.93939	0.214944	608.896
9.26281	-27.2892	107.453	0.301046	-2.96289	0.088972	608.901
8.64278	-28.275	113.09	-0.237725	2.8846	0.0952289	608.906
8.9818	-27.2445	104.553	-0.362951	3.35668	-0.0428558	608.911
9.58292	-27.1829	109.644	0.315514	-2.95087	0.309871	608.916
9.32937	-27.3832	104.853	0.279758	-2.83761	0.164888	608.921
8.99847	-27.6023	105.479	0.249632	-2.83616	0.192307	608.926
9.42015	-26.352	106.81	0.308997	-3.0515	-0.633456	608.931
9.43688	-26.6871	108.606	0.288574	-3.01603	0.284732	608.936
9.00025	-26.9384	106.303	0.271807	-2.99848	0.149801	608.941
9.03677	-26.8677	111.628	0.305272	-3.06492	0.177691	608.946
8.74772	-27.3611	105.423	0.28527	-2.81118	0.100469	608.951
9.57302	-27.1612	108.277	-0.421256	3.37695	-0.114368	608.956
9.74646	-27.6217	111.352	-0.271097	2.73665	0.420503	608.961
9.93894	-27.5372	105.805	-0.370306	3.3342	-0.111054	608.966
9.78624	-26.6803	101.837	0.309127	-2.84396	0.238173	608.971
8.82364	-25.4963	102.303	0.294156	-2.9644	-0.698251	608.976
8.22452	-25.7431	102.45	0.260078	-2.97919	-0.70278	608.981
8.02086	-27.0652	110.37	-0.209914	2.74811	-0.203039	608.986
8.45864	-28.2281	112.125	-0.220498	2.85321	-0.0468785	608.991
8.85687	-27.6667	111.485	-0.246945	2.89961	-0.0913903	608.996
8.19234	-27.6401	108.9	-0.195742	2.75657	0.00549665	609.001
8.05596	-27.4703	108.905	-0.212418	2.7783	-0.0581258	609.006
7.9392	-24.6631	98.3979	0.231327	-2.9146	-0.857894	609.011
8.89865	-26.0273	105.632	-0.321106	3.05146	0.649477	609.016
8.8264	-26.2078	105.006	-0.276429	3.01614	0.664019	609.021
8.86811	-26.9848	113.984	-0.26922	2.81111	-0.0941349	609.026
9.24136	-28.2485	113.676	-0.24558	2.80929	0.364085	609.031
9.41241	-27.6458	114.718	-0.264516	2.82506	0.318882	609.036
9.52359	-25.5348	105.238	-0.248762	2.89936	0.806958	609.041
8.97225	-27.0577	109.189	0.261735	-3.00366	0.348451	609.046
9.17719	-27.0097	111.767	-0.265744	2.97194	0.537515	609.051
9.39175	-27.7774	114.608	-0.264482	2.84427	0.168189	609.066
9.90688	-26.7061	108.455	-0.264362	2.71303	0.614902	609.071
8.89311	-28.1553	116.566	-0.249108	2.99845	-0.0252213	609.076
9.95951	-27.1322	115.051	-0.299887	2.79911	0.348307	609.081
8.91773	-27.8832	117.384	-0.317529	3.21513	-0.194832	609.086
9.41307	-27.5261	115.734	-0.290021	3.04008	0.0575377	609.091
9.50752	-27.5252	114.051	-0.266881	2.90142	0.378796	609.096
9.45402	-27.5693	112.695	-0.225077	2.83183	0.594967	609.101
9.36146	-27.4429	109.497	0.294468	-2.81613	0.197963	609.106
9.12377	-27.3459	113.055	0.268924	-3.23493	0.157802	609.111
9.37978	-26.9919	113.233	-0.263326	3.11076	-0.375996	609.116
9.12307	-28.1041	112.434	-0.264609	3.17141	-0.110525	609.121
9.7952	-27.3683	113.64	-0.311701	3.17563	-0.358431	609.126
9.40889	-28.1594	114.694	0.283731	-3.00518	0.164929	609.131
9.80983	-27.1181	114.51	-0.277689	2.80255	0.278327	609.136
9.74416	-27.7899	116.376	-0.288367	3.03573	-0.1013	609.141
9.50456	-28.215	115.428	-0.21922	2.88688	0.239891	609.146
9.94055	-27.1944	111.125	-0.300959	3.16861	-0.196555	609.151
9.694	-27.2765	110.206	0.27813	-2.95205	0.209111	609.156
9.48824	-26.9266	112.562	-0.285308	2.98311	-0.265162	609.161
9.53742	-27.6632	116.043	-0.297315	3.24748	-0.292972	609.166
9.6944	-27.4451	110.423	-0.351215	3.40145	-0.320688	609.171
9.77085	-27.3271	108.365	0.292083	-2.87092	0.226404	609.176
10.0912	-27.3223	114.847	-0.328206	3.15458	-0.290888	609.181
10.0728	-27.3123	114.479	-0.354577	3.15196	-0.203711	609.186
9.54754	-27.4814	113.342	-0.26904	3.13465	-0.29435	609.191
9.81978	-27.3602	113.139	-0.247052	2.76974	0.453151	609.196
9.51699	-27.5774	109.973	-0.343395	3.37699	-0.210661	609.201
10.0376	-27.4745	107.43	0.306024	-2.83974	0.131982	609.206
10.2242	-27.7657	112.901	0.312272	-2.8996	0.246746	609.211
9.77102	-27.1815	109.324	0.270036	-2.81106	0.187587	609.216
9.31965	-28.0508	114.328	0.267631	-2.94812	0.0831293	609.221
9.41971	-28.2658	115.868	-0.223002	2.91851	0.115859	609.226
9.55059	-28.1059	115.645	-0.264574	3.10652	0.0417519	609.231
9.83484	-27.6801	109.883	0.281019	-2.89805	0.16395	609.236
10.5472	-26.3796	107.004	-0.258236	2.74014	0.708457	609.241
10.4715	-25.4875	105.726	-0.233917	2.81637	0.890745	609.246
10.0318	-27.7743	111.942	-0.316056	3.31663	-0.244128	609.251
10.697	-25.5214	107.124	-0.221488	2.73164	0.950395	609.256
10.5267	-27.0302	109.672	-0.254891	2.90921	0.536153	609.271
10.0793	-27.9919	114.757	-0.257348	3.00315	0.125572	609.276
10.4699	-27.7178	112.165	0.275699	-2.93954	0.219779	609.281
10.1229	-27.0063	110.097	-0.210246	2.87027	0.765178	609.286
9.69863	-28.7329	122.615	-0.247809	2.89667	-0.10131	609.291
9.80202	-28.3642	123.632	-0.253258	2.93308	-0.28051	609.296
9.92701	-29.2691	124.079	-0.236331	3.08354	-0.250942	609.301
10.0605	-28.5164	123.657	-0.247409	2.89552	-0.20173	609.306
10.3743	-27.9736	119.635	-0.272432	3.0472	-0.354667	609.311
10.6185	-28.2692	117.371	-0.269558	3.03166	-0.13959	609.316
9.7846	-27.862	109.774	0.223764	-2.90326	0.0900101	609.321
10.6756	-28.1048	117.473	-0.247443	2.93637	-0.0449756	609.326
10.0375	-28.5737	116.063	-0.261392	3.25984	-0.337927	609.331
10.557	-28.0193	114.861	0.259145	-3.03237	0.174806	609.336
10.6433	-28.6847	118.25	-0.282589	3.22354	-0.294123	609.341
10.1626	-28.0898	115.535	-0.284825	3.28254	-0.122005	609.346
10.3794	-27.2607	108.853	0.259074	-2.79763	0.242675	609.351
10.4463	-27.4641	109.448	0.264532	-2.86815	0.204474	609.356
10.7067	-28.0961	111.334	-0.318992	3.36003	-0.296861	609.361
11.2699	-26.939	109.642	-0.245223	2.76203	0.62044	609.366
10.6654	-27.7887	109.749	0.299564	-2.82161	0.229188	609.371
10.1833	-28.2231	114.117	-0.300592	3.32321	-0.0753618	609.376
10.4903	-28.4108	113.707	0.251971	-2.91258	0.232479	609.381
10.3042	-27.4525	110.584	0.293167	-2.84595	0.118478	609.386
10.7566	-27.7299	111.298	0.269743	-2.99715	0.173496	609.391
10.7027	-27.405	109.001	0.289488	-2.81316	0.254716	609.396
10.4325	-28.2994	112.648	-0.353695	3.40951	-0.15573	609.401
10.5272	-29.4612	121.626	-0.236385	2.9335	0.0627378	609.406
10.6148	-28.2271	116.851	0.315598	-2.87376	0.159554	609.411
11.001	-28.18	115.633	0.2855	-2.86747	0.312816	609.416
11.0801	-27.4649	110.982	-0.337351	3.31581	-0.39977	609.421
10.6871	-28.3898	118.132	-0.317946	3.22086	-0.186215	609.426
10.8415	-27.8962	114.161	0.291184	-2.96114	0.176757	609.431
10.3455	-28.5904	116.253	-0.315615	3.31657	-0.0162389	609.436
10.4212	-28.6399	116.011	0.262341	-2.85549	0.213012	609.441
10.1093	-29.0864	120.004	0.226084	-2.9854	0.290583	609.446
10.7291	-28.3992	116.544	-0.363268	3.21704	-0.111789	609.451
10.8172	-29.331	118.606	-0.277148	3.32246	-0.310583	609.456
10.5061	-28.632	115.791	0.268792	-2.81772	0.078397	609.461
11.0035	-27.6501	115.495	0.283053	-2.99383	0.394801	609.466
11.1676	-27.0508	113.521	-0.268223	2.97089	0.72056	609.471
10.7507	-28.2505	115.809	0.277196	-2.91432	0.0296446	609.476
10.105	-29.0236	122.527	0.252002	-3.32004	0.123006	609.481
11.055	-29.1802	121.717	-0.243625	2.87782	0.403601	609.486
10.8785	-28.7544	117.595	-0.239276	2.85085	0.188941	609.491
11.4592	-27.7173	115.196	-0.393965	3.34128	-0.198713	609.496
11.5187	-28.4844	116.782	-0.250094	2.81993	0.632044	609.501
10.7843	-29.1284	120.449	-0.228231	2.85846	0.0963066	609.506
11.0179	-29.0065	121.289	-0.263384	3.12908	-0.318542	609.511
11.7131	-28.0987	116.695	0.282585	-3.02571	0.327338	609.516
11.1799	-28.302	116.345	-0.2832	3.00164	0.617082	609.521
11.1891	-29.0737	115.83	0.240338	-3.17144	0.15858	609.526
10.1783	-28.5481	114.737	0.276113	-2.85138	-0.19059	609.531
10.719	-28.9425	114.092	0.260956	-2.90699	0.143261	609.536
11.3801	-29.0762	121.451	0.262303	-3.09833	0.298259	609.541
11.8857	-27.2668	110.378	-0.257271	2.86381	0.908931	609.546
11.8842	-26.6423	110.326	0.277068	-3.08184	-0.810923	609.551
11.2941	-28.4595	114.911	-0.227619	2.9233	0.60304	609.556
10.8024	-28.2694	117.795	-0.24704	2.94283	-0.182743	609.561
10.8981	-29.3426	121.666	0.243709	-3.39131	0.0927745	609.566
11.8023	-27.9684	112.832	-0.259851	2.86776	0.560567	609.571
11.65	-26.9142	108.313	-0.25693	2.88634	0.718873	609.576
12.1843	-27.7161	112.031	-0.280131	2.8619	0.669121	609.581
11.7331	-27.7841	114.529	0.339348	-3.05092	0.179317	609.586
12.2449	-28.0481	114.059	-0.283559	2.89926	0.510518	609.591
11.849	-28.2984	113.417	-0.35959	3.25062	-0.0277122	609.596
11.5061	-27.0525	110.69	0.330272	-2.79555	-0.192261	609.611
11.8281	-28.9442	116.806	-0.31027	3.2027	-0.142306	609.616
11.8984	-29.1258	118.608	-0.241971	2.76918	0.637943	609.621
11.8597	-28.9527	115.094	0.289176	-2.79892	0.262962	609.626
11.7464	-28.1363	115.748	-0.23613	2.71282	0.645546	609.631
12.207	-27.9419	115.335	-0.410701	3.34124	0.0154	609.636
12.1043	-28.1587	115	-0.413106	3.36879	-0.247033	609.641
12.109	-28.2201	114.032	-0.353985	3.23793	-0.171735	609.646
12.319	-28.7948	114.539	-0.23984	2.63262	0.603793	609.661
11.6328	-29.2994	116.326	-0.203229	2.7374	0.47605	609.666
11.267	-29.0991	116.178	-0.216748	2.77723	0.339431	609.671
11.2095	-28.8456	117.24	-0.277642	3.19321	-0.403592	609.676
11.575	-28.686	112.425	0.272121	-2.85133	0.0955236	609.681
11.6073	-28.8714	114.215	0.285695	-2.75254	0.0365229	609.686
11.4358	-28.5491	113.277	0.277659	-2.84796	0.300745	609.691
12.157	-29.1057	117.272	-0.197034	2.61874	0.547985	609.696
12.424	-28.5624	115.055	0.339123	-2.87541	0.292859	609.701
11.8776	-28.6054	110.554	-0.368099	3.42494	-0.244909	609.706
12.0273	-28.76	114.012	0.32274	-2.88187	0.0688831	609.711
12.8238	-28.6013	115.734	-0.359968	3.27771	-0.23346	609.716
12.0589	-27.8978	110.859	-0.414863	3.51539	-0.25538	609.721
12.165	-28.3895	113.401	0.282689	-2.8164	0.448436	609.726
12.3046	-28.3879	116.231	0.302671	-2.8295	0.455403	609.731
11.693	-29.0264	114.564	0.240278	-2.80467	0.274501	609.736
11.9168	-28.735	113.562	-0.177327	2.74484	0.717255	609.741
11.377	-29.2662	114.2	0.233358	-2.91146	0.282149	609.746
11.6093	-28.3767	110.591	0.166535	-3.2341	-0.852364	609.751
12.1663	-28.6513	113.314	-0.353542	3.40168	-0.155131	609.756
12.3532	-28.4727	113.133	-0.362545	3.36243	-0.218791	609.761
13.106	-28.2208	115.218	-0.27101	2.58733	0.566306	609.766
12.5421	-28.1152	112.457	0.327741	-2.65436	0.272935	609.771
12.9572	-28.3963	114.486	-0.24401	2.74781	0.562966	609.776
12.4436	-29.5197	114.259	-0.196145	2.74726	0.453044	609.781
12.4338	-27.6724	110.717	-0.246121	2.87248	0.769907	609.786
12.5343	-29.2507	115.191	0.207405	-3.23896	-0.832185	609.791
12.6687	-28.6545	112.623	-0.210487	2.7413	0.725413	609.796
12.3531	-29.0444	114.393	0.229443	-3.00035	0.267742	609.801
12.3927	-27.8296	111.631	-0.213862	2.73858	0.817788	609.806
12.038	-29.6054	119.712	-0.287901	3.26529	-0.365857	609.811
12.3888	-30.5192	120.527	-0.20553	2.91856	0.173349	609.816
12.3213	-30.4907	123.176	-0.258118	3.21365	-0.203395	609.821
12.0037	-30.5455	121.239	-0.251273	3.14906	-0.0402729	609.826
12.7004	-28.2339	111.718	-0.213167	2.94399	0.673222	609.831
12.3597	-28.79	114.212	-0.287919	3.29514	-0.440951	609.836
13.137	-27.895	111.881	-0.220484	2.73031	0.812221	609.841
12.2812	-30.0344	117.019	-0.27202	3.25642	-0.280488	609.846
12.5303	-29.7449	114.238	-0.288831	3.31694	-0.211122	609.851
11.8632	-29.7305	110.994	0.243008	-2.7843	0.0465439	609.856
12.4209	-29.6186	114.696	-0.199124	2.77755	0.627545	609.861
12.424	-29.3678	113.722	-0.174	2.62943	0.682773	609.866
11.7425	-29.4272	111.359	-0.310767	3.41316	-0.0805567	609.871
12.1784	-29.8421	115.604	-0.177244	2.95364	-0.0888262	609.876
12.6456	-29.9449	115.215	-0.267474	3.23137	-0.0250181	609.881
12.7461	-29.2061	111.417	0.260702	-2.94713	0.13902	609.886
12.6519	-29.9776	117.094	0.294765	-2.97946	0.0749131	609.891
12.8614	-26.9242	106.862	-0.268674	2.9622	0.906922	609.896
12.5018	-30.1261	119.807	-0.221477	2.94303	-0.0324145	609.901
12.7273	-30.6051	117.708	-0.200434	2.85191	0.343827	609.906
13.3599	-29.031	115.332	-0.313373	3.02555	0.164736	609.911
13.02	-28.4009	112.447	-0.260019	2.88591	0.811168	609.916
13.3722	-29.6131	113.346	-0.246523	2.90149	0.514209	609.921
12.7067	-29.0654	111.546	-0.210856	2.70133	0.383913	609.926
12.1389	-29.8519	114.423	-0.220244	2.74246	0.186229	609.931
12.7907	-29.267	109.196	-0.405057	3.38231	0.0590552	609.936
12.2918	-28.2444	105.394	0.335329	-2.77044	-0.202176	609.941
12.5103	-28.509	109.933	-0.289681	3.23579	-0.410171	609.956
12.9384	-30.8608	115.788	-0.271576	3.0742	-0.071486	609.971
13.0994	-29.8469	111.309	-0.223219	2.94227	0.641052	609.986
12.9785	-29.7316	110.485	-0.219672	2.83656	0.572174	609.991
13.0151	-30.9434	118.731	-0.192662	2.82852	0.493645	609.996
13.0851	-29.4373	113.204	-0.243605	2.84309	0.645084	610.001
12.6534	-29.947	114.048	-0.282102	3.30974	-0.271048	610.006
12.1912	-31.0587	119.219	-0.207151	3.01956	0.0064757	610.011
13.5548	-31.3786	120.854	-0.263198	2.86853	0.62567	610.016
13.5163	-30.9346	118.153	-0.227055	2.76114	0.482952	610.021
13.5106	-30.1665	113.646	-0.226199	2.74536	0.69329	610.026
12.9552	-31.1354	115.069	-0.234669	3.16761	-0.185162	610.031
12.8988	-30.3611	113.58	-0.305571	3.09089	-0.0842936	610.036
12.8562	-30.6516	115.234	-0.22273	2.86284	0.337861	610.041
13.3518	-30.3976	114.194	-0.357138	3.30663	-0.203202	610.046
13.7428	-30.6749	116.807	-0.43369	3.31189	-0.300849	610.051
13.4239	-30.5396	116.173	-0.42826	3.31575	-0.084795	610.056
13.7912	-30.6164	113.436	0.358363	-2.80513	0.235499	610.061
13.4768	-30.0173	109.885	0.334778	-2.71012	0.335809	610.066
13.0879	-29.8389	108.899	0.314226	-2.67289	0.361416	610.071
12.8413	-30.2817	111.266	0.286888	-2.88755	0.241464	610.076
13.0366	-30.4442	109.861	0.278274	-2.86162	0.196932	610.081
13.3245	-31.0582	111.576	0.290731	-2.96198	0.0555904	610.086
12.9107	-30.066	108.575	0.285109	-2.82294	0.245396	610.091
13.7131	-28.762	106.712	-0.253032	2.75828	0.81382	610.096
13.1069	-30.6685	112.061	-0.219544	2.85498	0.655	610.101
13.2175	-31.1147	114.227	0.269745	-2.94229	0.249466	610.106
13.7752	-29.9604	111.127	-0.233772	2.83551	0.754424	610.111
13.5858	-30.9369	112.799	-0.330908	3.26286	-0.309057	610.116
13.3984	-30.5897	112.341	0.298898	-2.88016	0.415518	610.121
13.2376	-30.3086	108.082	0.323338	-2.8392	0.36241	610.126
13.4148	-31.0175	111.72	-0.297604	3.14333	-0.259167	610.131
13.7487	-31.2878	111.5	-0.334747	3.24809	-0.216834	610.136
14.474	-31.3057	111.367	-0.233108	2.83033	0.617741	610.141
13.8113	-31.7899	111.699	-0.183924	2.80478	0.662655	610.146
13.4485	-32.1277	112.678	0.273671	-2.92361	-0.195231	610.151
13.884	-31.9776	112.433	-0.197977	2.70451	0.544961	610.156
14.2409	-31.009	112.103	-0.267176	2.81464	0.748139	610.161
13.4546	-32.3714	116.001	-0.214387	2.71535	0.59314	610.166
13.4149	-31.8868	113.487	-0.333469	3.17877	-0.178366	610.171
13.5586	-31.6411	111.209	0.308169	-2.95221	0.140751	610.176
13.5321	-32.2023	115.67	-0.276482	3.07706	-0.199524	610.181
13.9643	-30.7083	108.066	-0.252653	3.01772	0.602717	610.186
13.4361	-30.9451	108.732	-0.245141	3.03049	0.700988	610.191
13.8351	-32.0178	115.129	-0.294072	3.09175	-0.128592	610.196
13.5557	-31.553	109.761	-0.239352	2.98457	0.652634	610.201
13.7255	-32.5264	115.338	-0.290423	3.15422	-0.172027	610.206
13.7781	-32.5043	114.546	-0.25787	3.18394	-0.0855574	610.211
14.1605	-31.0525	111.235	-0.31994	3.1555	-0.374886	610.216
13.8753	-32.5992	116.698	-0.29559	3.01497	0.0335199	610.221
13.5451	-32.3247	112.179	-0.229825	2.84131	0.547566	610.236
13.5683	-34.1331	118.528	-0.205736	2.91803	0.717138	610.241
13.9521	-32.6406	113.611	-0.190687	2.68217	0.847831	610.246
13.821	-33.9178	115.399	-0.314323	3.3791	-0.0534777	610.251
13.7416	-32.2406	110.374	0.291919	-2.82783	0.169534	610.256
13.9955	-32.6757	111.051	-0.165418	2.73421	0.706028	610.261
14.2424	-33.1565	114.103	-0.434211	3.37159	-0.0571184	610.266
13.6809	-32.2003	107.747	-0.359103	3.35505	-0.336904	610.271
13.599	-32.3909	110.652	-0.367845	3.41464	-0.158392	610.276
13.8942	-32.8467	112.554	0.294201	-3.03162	0.152945	610.281
14.0122	-33.708	118.029	0.341293	-3.09962	0.105519	610.286
14.2344	-33.8875	116.142	0.299828	-3.08759	0.219935	610.291
13.9967	-33.7369	113.719	-0.340015	3.29549	-0.0643424	610.296
14.6144	-33.7953	114.84	-0.313901	3.10753	-0.0419984	610.301
14.8878	-33.4847	115.74	-0.267699	2.8578	0.342118	610.306
14.4141	-33.3026	114.931	-0.287765	3.09013	-0.13936	610.311
14.0487	-33.5908	113.423	-0.402988	3.36915	0.0299494	610.316
14.6831	-34.4689	117.315	-0.318236	3.11755	-0.0680435	610.321
14.5102	-34.5579	118.783	-0.31543	3.08217	0.0911997	610.326
14.452	-34.2153	114.698	-0.328379	3.2482	-0.250196	610.331
14.5996	-32.5137	109.184	-0.399857	3.30833	-0.303258	610.336
14.1298	-32.7816	109.488	-0.376973	3.28856	-0.253436	610.341
14.3299	-33.2951	109.872	-0.163854	2.70522	0.714119	610.346
14.2371	-33.6653	110.652	-0.156274	2.77845	0.666352	610.351
14.726	-32.6633	110.511	0.286189	-3.10428	0.352198	610.356
14.2982	-33.4381	109.594	0.304702	-3.03443	-0.0400046	610.361
13.9371	-33.4325	109.487	-0.325846	3.30055	-0.295759	610.366
14.5504	-33.8429	112.056	-0.307435	3.13118	-0.187071	610.371
14.7619	-32.9927	110.642	0.344754	-3.09747	0.178287	610.376
14.487	-34.164	113.434	-0.319733	3.12609	-0.248578	610.381
14.6268	-32.7184	110.623	-0.311724	2.96202	-0.282602	610.386
14.6997	-34.0112	114.3	-0.309665	3.05605	-0.193252	610.391
14.7965	-35.2767	116.497	-0.27909	3.11132	-0.0820263	610.396
14.5815	-33.9073	112.002	-0.308831	3.143	-0.157597	610.401
14.6474	-33.7239	110.815	0.302206	-3.17809	0.1925	610.406
14.6295	-34.8638	114.373	0.297063	-3.19707	0.067801	610.411
14.5949	-34.727	111.767	0.249361	-3.1062	0.0959812	610.416
15.2887	-35.8608	116.92	-0.33054	3.17239	0.0632562	610.421
14.9911	-35.623	116.202	0.318296	-3.06815	0.167566	610.426
14.7301	-34.912	114.01	-0.278473	3.13028	-0.178138	610.431
14.2725	-34.7257	111.019	-0.357742	3.19733	-0.230107	610.436
14.2583	-35.4941	113.09	-0.215612	2.79112	0.644429	610.441
14.0755	-32.2781	101.47	-0.367393	3.33236	-0.141144	610.446
14.0537	-32.963	104.595	-0.178169	2.63851	0.699605	610.451
14.0831	-33.8062	109.666	-0.239346	2.79734	0.197711	610.456
14.3829	-34.5963	112.413	-0.252694	2.93561	-0.0718402	610.461
15.217	-34.5433	110.665	-0.25769	2.82456	0.821709	610.466
14.5584	-36.1505	115.073	-0.249108	2.9829	0.106588	610.471
14.3791	-34.9925	111.362	-0.238846	3.02299	-0.241866	610.476
14.5538	-35.2002	111.35	-0.270669	3.08322	-0.173594	610.481
14.7143	-35.0634	109.525	-0.174109	2.75934	0.828106	610.486
14.7073	-34.707	110.556	-0.232235	2.77873	0.693687	610.491
14.2269	-36.007	114.392	-0.200525	2.81796	0.290715	610.496
14.1535	-34.3036	106.387	0.292812	-3.04762	0.0735105	610.501
14.702	-34.7037	109.678	-0.273364	2.99628	0.169587	610.506
14.5491	-33.926	108.332	0.323961	-3.22803	0.0925321	610.511
14.1673	-35.678	110.933	-0.307402	3.22918	-0.180289	610.516
14.6423	-35.6648	110.855	-0.296699	3.13289	-0.211374	610.521
14.688	-36.0189	109.98	-0.203607	2.81148	0.715599	610.526
14.3462	-36.6453	113.199	-0.216196	2.89259	0.763401	610.531
14.5055	-33.9174	105.51	-0.251109	2.79398	0.96193	610.536
14.34	-34.2584	104.458	-0.224917	2.71166	1.03836	610.541
14.4476	-34.7809	107.713	-0.231172	2.83569	0.80743	610.546
14.4176	-35.7746	111.629	-0.327979	3.06487	-0.00531174	610.551
14.1936	-35.1003	106.399	-0.226317	2.79668	1.00033	610.556
14.1966	-35.2219	106.787	-0.351731	3.23126	-0.415633	610.561
14.3476	-35.1992	109.157	0.304479	-3.14266	0.0461081	610.566
14.3404	-34.0026	105.034	0.360203	-2.96878	0.104832	610.571
14.1956	-34.531	106.223	-0.289308	3.09315	-0.27416	610.576
14.3108	-35.4175	109.986	-0.297788	3.09498	-0.176758	610.581
14.117	-35.5352	107.864	-0.2847	3.11537	-0.311091	610.586
13.9014	-36.1978	109.51	-0.286763	3.09123	-0.168145	610.591
14.3697	-35.7861	108.484	0.313232	-3.07111	0.317963	610.596
13.9105	-35.4557	107.217	-0.297411	3.10685	-0.195921	610.601
13.9896	-36.0978	109.265	-0.291711	3.06549	-0.148516	610.606
14.2404	-35.4433	108.3	-0.290482	3.09118	-0.288769	610.611
