0.0273778	-0.160022	1.30185	0.31361	-2.83473	0.226355	604.526
0.0306013	-0.161315	1.32912	0.344486	-2.93335	0.364388	604.561
0.0280023	-0.1592	1.30492	-0.312184	2.88092	0.213464	604.566
0.0287787	-0.166728	1.37265	-0.330676	3.02063	0.415336	604.571
0.0282451	-0.163156	1.346	-0.340437	3.05054	0.572383	604.576
0.030765	-0.165108	1.37237	-0.367802	3.17743	0.0169517	604.581
0.0354017	-0.164879	1.36024	-0.322321	2.8532	0.202252	604.586
0.0357718	-0.160004	1.33503	-0.300514	2.83911	0.387147	604.591
0.0305919	-0.161204	1.32226	-0.31806	2.86336	-0.288073	604.596
0.0296556	-0.159108	1.33004	0.360918	-2.93284	-0.405788	604.601
0.0363064	-0.161749	1.31643	-0.303485	2.79535	0.506288	604.606
0.0309375	-0.16451	1.33468	-0.311147	2.7998	0.126122	604.611
0.0292182	-0.155835	1.28982	0.329996	-2.75815	-0.384748	604.616
0.0312462	-0.15532	1.324	0.357354	-2.75794	-0.209255	604.621
0.0369997	-0.161157	1.32266	-0.268173	2.80496	0.304153	604.626
0.0310085	-0.161187	1.34968	-0.289578	2.8804	0.184502	604.631
0.0326167	-0.165236	1.34794	-0.291458	2.78081	0.334132	604.636
0.0384991	-0.15949	1.33456	-0.326628	2.892	0.164569	604.641
0.0355885	-0.154595	1.3147	0.343728	-2.9984	-0.469926	604.646
0.036384	-0.163202	1.34267	0.362258	-2.91788	-0.0502485	604.651
0.0340647	-0.150016	1.27375	-0.260016	2.70608	0.462465	604.656
0.0377011	-0.151408	1.29275	-0.27072	2.69537	0.280496	604.661
-0.000898416	0.00749579	0.000376119	-0.944624	-1.28293	-1.0126	604.666
0.00154708	-0.00783819	-0.00020777	-1.33391	1.04039	1.41963	604.671
0.00141428	-0.00752715	-0.000107197	-1.28925	1.07691	1.37198	604.676
0.0335374	-0.157865	1.3452	-0.400241	3.11552	0.620755	604.681
0.0382397	-0.147811	1.31434	-0.346696	2.79247	0.44164	604.686
0.0380306	-0.153072	1.31046	0.359334	-2.90397	0.153718	604.691
0.0343504	-0.145243	1.26957	0.384388	-3.11854	-0.682458	604.696
0.0369603	-0.155329	1.32578	-0.488837	3.39671	-0.147044	604.701
0.0351668	-0.158953	1.35182	0.372998	-2.74833	-0.125128	604.706
0.0386129	-0.154633	1.30847	-0.48975	3.43732	-0.316661	604.711
0.0398509	-0.166495	1.37991	-0.417739	3.27025	-0.405395	604.731
0.0413985	-0.153044	1.28046	0.351757	-2.74913	0.0960882	604.756
0.0414073	-0.156827	1.32976	-0.329684	2.97614	-0.141534	604.761
0.0450019	-0.150209	1.26412	-0.454053	3.26273	-0.525818	604.766
0.0460236	-0.155521	1.33869	-0.424475	3.25346	-0.34761	604.771
0.0458371	-0.149626	1.30354	0.345038	-2.84925	0.427546	604.776
0.0403338	-0.152136	1.32002	-0.340219	3.18634	-0.162721	604.781
0.0416095	-0.15432	1.30719	-0.363575	3.30315	-0.392689	604.786
0.0400595	-0.14591	1.25955	-0.393752	3.28838	-0.46521	604.791
0.0460404	-0.149532	1.28169	-0.349069	2.85517	0.524019	604.796
0.043557	-0.146377	1.28156	-0.31227	2.76412	0.574581	604.801
-0.00207204	0.00679998	0.000257244	-1.09203	-1.20836	-1.15637	604.806
-0.00203884	0.00751884	0.000237813	-1.06703	-1.21885	-1.13575	604.811
0.046639	-0.140982	1.25113	-0.246751	2.69259	0.613407	604.826
0.049997	-0.139695	1.27767	-0.33511	2.79552	0.199688	604.856
0.0440769	-0.144411	1.28191	0.329503	-2.92936	0.40147	604.861
0.0490984	-0.138988	1.19659	-0.288602	-0.539163	1.76187	604.866
0.0568557	-0.136995	1.24458	-0.169243	-0.70732	1.75535	604.871
0.0563024	-0.129003	1.19052	-0.118041	-0.789024	1.75946	604.876
0.0381078	-0.141969	1.2978	0.277388	-2.92245	0.0923113	604.886
0.0456003	-0.140613	1.28442	0.359107	-2.97682	0.189539	604.891
0.00175238	-0.00767653	-0.000128151	-1.29862	1.07669	1.37929	604.896
0.00173432	-0.0079353	-8.6362e-05	-1.30334	1.07132	1.38562	604.901
0.0024887	-0.00800975	5.32406e-05	-1.29374	1.07823	1.37938	604.906
0.0465041	-0.127826	1.25522	-0.325475	2.82266	0.486444	604.911
0.0457882	-0.135059	1.25229	0.371396	-2.82547	0.144388	604.916
0.0500942	-0.13355	1.30959	-0.350553	2.96021	0.246535	604.921
0.0476357	-0.125804	1.25896	-0.392253	3.3027	-0.346398	604.961
0.0530126	-0.122593	1.25576	-0.318428	2.98432	0.366517	604.966
0.0509068	-0.120879	1.22835	0.332353	-2.78209	0.0390238	604.971
0.04447	-0.120872	1.20851	0.318475	-2.80317	0.182565	604.976
0.0480135	-0.120858	1.22346	0.338206	-2.94217	0.177107	604.981
0.0522817	-0.122468	1.22459	0.341533	-2.83853	0.0942624	604.986
0.0512682	-0.118629	1.24552	0.356035	-3.17488	0.0955023	604.991
0.053347	-0.122757	1.25113	-0.336312	2.91746	0.0834834	605.006
0.0477079	-0.106773	1.14956	-0.222425	2.65136	0.558169	605.011
0.0527354	-0.115884	1.24717	-0.349139	2.98205	0.349615	605.016
0.0565597	-0.115461	1.23061	-0.134371	0.347814	1.7409	605.021
0.0598637	-0.111378	1.18298	0.117854	0.474597	1.76052	605.026
0.0543398	-0.101838	1.21023	0.209014	0.312178	1.74719	605.031
-0.0013509	0.00823838	0.00023501	-1.04413	-1.24381	-1.09068	605.041
-0.00168086	0.00725729	0.000225163	-1.0653	-1.23482	-1.11109	605.046
0.00187656	-0.00735102	-0.000120508	-1.25908	1.11828	1.33203	605.051
0.00170277	-0.00750002	-2.79539e-05	-1.32183	1.0695	1.39674	605.056
-0.00143804	0.00791383	0.000284233	-1.04978	-1.23935	-1.09861	605.061
-0.00168778	0.00751629	0.000279431	-1.07877	-1.22493	-1.12441	605.066
-0.00134078	0.00727576	0.00016157	-1.09827	-1.21594	-1.14294	605.071
0.00203226	-0.00753682	-5.11271e-05	-1.29042	1.09395	1.36799	605.076
0.0532149	-0.0994779	1.16721	0.160566	0.448823	1.76842	605.081
0.0610796	-0.101173	1.22344	0.253748	0.429969	1.77744	605.086
0.055778	-0.0967172	1.17438	0.214677	0.526224	1.75982	605.091
0.0547387	-0.0932519	1.18427	0.0510815	0.557073	1.74404	605.096
0.0544147	-0.0948149	1.14154	-0.296343	2.75999	0.417578	605.101
0.059693	-0.0981374	1.15915	-0.304556	2.84313	0.419881	605.106
0.0545965	-0.097376	1.21752	-0.297649	2.87514	0.319976	605.111
0.0561113	-0.089471	1.16505	0.303186	-3.11203	-0.750182	605.116
0.0530774	-0.0965236	1.18408	0.295549	-2.88769	0.403702	605.121
0.0643181	-0.102651	1.25391	-0.379298	3.00859	0.157851	605.126
0.0568908	-0.0926737	1.1655	-0.336917	2.91991	0.692488	605.131
0.0523865	-0.0902074	0.993514	-0.521454	-0.183966	1.75329	605.136
0.059794	-0.102309	1.2019	-0.427227	3.33521	-0.314328	605.141
0.0645014	-0.0969496	1.15522	-0.360243	2.88805	0.185667	605.146
0.0514326	-0.0857415	1.1156	0.473701	-0.502634	1.67895	605.151
0.051792	-0.088062	1.10732	0.484833	-0.0847215	1.75626	605.156
0.0565165	-0.0964122	1.18559	0.316003	-2.90923	0.0824892	605.161
0.0571026	-0.0927981	1.15955	-0.422035	3.4462	-0.094902	605.166
0.0440891	-0.0811472	1.0561	0.623379	-0.137138	1.71415	605.171
0.0495885	-0.0862825	1.06928	0.524594	-0.108757	1.74191	605.176
0.0554118	-0.090381	1.13766	0.339031	-2.73842	0.199102	605.181
0.0580266	-0.0905256	1.17057	0.345468	-3.04801	-0.446822	605.186
0.0599108	-0.087071	1.20038	-0.333777	2.99041	0.253563	605.191
0.0537266	-0.0832585	1.17002	0.307421	-0.43804	1.71379	605.201
0.056453	-0.0901066	1.1632	0.140259	-0.305298	1.74935	605.206
0.0552532	-0.085038	1.14097	0.327541	-3.22745	-0.428312	605.211
0.0586939	-0.0867581	1.12749	-0.143513	-0.512757	1.7658	605.216
0.0571166	-0.0818948	1.09795	-0.140063	-0.582414	1.74692	605.221
0.0590719	-0.086071	1.12907	0.0162059	-0.503013	1.7603	605.226
0.0566351	-0.0797493	1.13248	-0.292823	2.86229	0.5147	605.231
0.0535907	-0.0806709	1.15158	0.358377	-2.77302	0.135058	605.236
0.0582058	-0.0855304	1.10684	-0.159575	-0.325441	1.7829	605.241
0.0492557	-0.081884	1.11615	0.313739	-0.204742	1.74222	605.246
0.0545565	-0.0820498	1.12822	-0.445419	3.49759	-0.102882	605.251
0.0526966	-0.0838543	1.12954	0.317765	-2.81715	0.142883	605.256
0.0504179	-0.0778763	1.08342	0.335875	-2.74024	0.442384	605.261
0.0564368	-0.0780242	1.11587	-0.314535	2.81175	0.373876	605.266
0.0527925	-0.0790759	1.10965	0.335556	-2.80486	0.153288	605.271
0.0499011	-0.0798653	1.09459	0.320817	-2.84701	0.342334	605.276
0.0510645	-0.0794366	1.09224	0.320958	-2.77257	0.293256	605.281
0.052998	-0.0804393	1.10923	0.335585	-2.81074	0.18478	605.286
0.0510763	-0.0821178	1.11365	-0.436911	3.51128	-0.25788	605.291
0.053181	-0.0765779	1.06079	0.320091	-2.73338	0.400916	605.296
0.0543115	-0.0802416	1.13424	-0.402335	3.34693	-0.262298	605.301
0.0507028	-0.0777021	1.14071	-0.344766	3.24855	-0.199614	605.306
0.0555759	-0.0778628	1.13191	-0.332352	2.91124	0.325771	605.311
0.0535755	-0.081475	1.14493	-0.280111	2.7995	0.241887	605.316
0.0519872	-0.0804805	1.16271	-0.388353	3.30618	-0.152562	605.321
0.049312	-0.0769408	1.11621	0.335333	-2.90906	0.290533	605.326
0.05892	-0.0753045	1.05451	-0.228062	-0.41372	1.77848	605.331
0.0556819	-0.0753194	1.09109	-0.17933	-0.265818	1.78551	605.336
0.0571443	-0.0714773	1.05643	-0.231778	-0.210252	1.80469	605.341
0.049799	-0.0702981	1.05699	0.150918	0.394909	1.79152	605.346
0.00305562	-0.00890506	-1.27515e-05	-1.33722	1.07353	1.40069	605.351
0.00275811	-0.00849232	3.81457e-05	-1.3337	1.07931	1.39305	605.356
-0.00236244	0.00874423	8.41801e-05	-1.02706	-1.26863	-1.05953	605.361
0.0501306	-0.0717541	1.13322	-0.333247	2.92063	0.0282415	605.366
0.0450356	-0.0659207	1.08402	-0.361721	3.14199	0.596016	605.371
0.0475718	-0.0754387	1.10139	-0.3289	2.95096	-0.0867357	605.376
0.0467347	-0.0641217	1.09462	0.192355	0.180323	1.83121	605.381
0.0344797	-0.05995	1.00529	0.589244	-0.0238437	1.74008	605.386
0.0401252	-0.0638946	1.0853	-0.000898685	0.265274	1.77725	605.391
0.0485224	-0.0652918	1.07871	-0.0945858	0.447663	1.77312	605.396
0.040124	-0.0630535	1.02278	0.435755	-0.133688	1.73383	605.401
0.0446274	-0.0651912	1.04455	-0.0892817	0.363561	1.75468	605.406
0.0489178	-0.0664812	1.04534	0.0202291	0.374494	1.79318	605.411
0.0469632	-0.0704452	1.09057	-0.353161	3.05864	-0.291461	605.416
0.0478936	-0.0751258	1.09027	-0.338297	3.03406	-0.0788384	605.421
0.0431087	-0.0744314	1.07405	-0.386741	3.38031	-0.190915	605.426
0.0405435	-0.071585	1.0433	-0.373152	3.30952	-0.438764	605.431
0.045645	-0.0728097	1.07646	-0.330582	2.95814	0.263746	605.436
0.0435174	-0.0710534	1.05282	-0.304796	2.97057	0.259793	605.441
0.0426677	-0.0726535	1.07888	-0.330838	3.1356	-0.25623	605.446
0.0470572	-0.0677132	1.06144	-0.326394	2.90725	0.0280898	605.451
0.0454916	-0.0707093	1.0769	-0.295016	2.89575	0.242907	605.456
0.0448639	-0.0678822	1.05435	-0.306819	2.9622	0.262479	605.461
0.0411522	-0.069879	1.05443	-0.282302	2.92272	0.0735785	605.466
0.041178	-0.0669632	1.05771	-0.30423	3.03508	0.282605	605.471
0.0428166	-0.0668471	1.03554	-0.314686	2.85528	0.172983	605.476
0.0422818	-0.0678854	1.07156	-0.305413	2.91694	0.0654227	605.481
0.00232745	-0.00895194	0.000232479	1.59978	0.18092	0.165855	605.486
0.0431931	-0.0687014	1.03452	-0.128461	0.325804	1.75272	605.491
0.0402753	-0.0693007	1.00227	-0.35067	-0.0141878	1.75567	605.496
0.0475544	-0.0676672	0.999803	-0.039641	-0.353585	1.77702	605.501
-0.00213642	0.00965037	0.00037494	-1.04315	-1.26578	-1.07479	605.521
0.0362146	-0.0656635	1.01714	-0.312558	2.94517	0.533018	605.526
0.0352901	-0.0631664	0.987421	0.350717	-3.23113	-0.612154	605.531
0.0261793	-0.0585944	0.923238	0.498304	-0.0987511	1.77839	605.536
-0.00164291	0.00947663	0.000387247	-1.01772	-1.27222	-1.05529	605.541
0.0241446	-0.0624177	0.96133	0.418881	-0.14787	1.75711	605.546
0.0293403	-0.0649483	1.00257	0.281438	-0.0628818	1.75803	605.551
0.0310945	-0.0634929	1.00713	0.034304	0.48072	1.75545	605.556
0.0324257	-0.0612665	0.979056	0.000402258	0.639994	1.75691	605.561
0.0269744	-0.0590393	0.993147	0.021319	0.536081	1.75444	605.566
0.0320035	-0.0664894	0.990546	-0.324563	2.84061	0.387614	605.571
0.0304808	-0.0668569	0.968735	-0.317314	2.92688	0.355674	605.576
0.0286972	-0.0578065	0.976789	0.0300057	0.641711	1.74938	605.581
0.0276726	-0.0576326	0.974169	0.0143524	0.645096	1.75012	605.586
0.0259375	-0.0591276	0.985927	0.041817	0.577413	1.74233	605.591
0.0312053	-0.0673136	0.976807	-0.302486	2.78869	0.0866481	605.596
-0.00200273	0.0100181	0.000177052	-0.989546	-1.29199	-1.02369	605.611
0.00243448	-0.00969791	-5.62836e-05	-1.34191	1.07477	1.39469	605.616
0.0276965	-0.0642969	0.951705	-0.134222	0.417462	1.76729	605.621
0.0247834	-0.0636215	1.00046	-0.302023	2.95946	0.543576	605.626
0.0267689	-0.065374	1.00424	-0.315565	2.96421	-0.11694	605.631
0.0195266	-0.0650782	1.01681	0.306084	-2.98829	-0.245704	605.636
0.0343066	-0.0639259	0.943942	-0.291005	-0.429964	1.79424	605.641
0.029896	-0.0694351	0.963863	-0.303222	-0.327075	1.7655	605.646
0.0309493	-0.069691	0.967765	-0.146916	-0.292848	1.76102	605.651
0.0214597	-0.06609	0.965811	-0.150586	0.432882	1.7427	605.656
0.022636	-0.0700375	0.97965	0.302189	-2.92977	0.296562	605.661
0.0278044	-0.0629417	0.946872	-0.0014561	0.514565	1.79728	605.666
0.0253269	-0.0612479	0.965536	-0.0160862	0.572585	1.75179	605.671
0.0253008	-0.0616691	0.949547	0.0266208	0.607664	1.74134	605.676
0.0228932	-0.0694025	0.961206	-0.2923	2.87903	0.416768	605.681
0.0213481	-0.0653523	0.924292	-0.263925	2.75862	0.443668	605.686
0.0240222	-0.0649236	0.936343	-0.306443	2.72998	0.622008	605.691
0.0190393	-0.0698228	0.956595	-0.303421	2.85711	0.201421	605.696
0.0193107	-0.0709649	0.969713	0.339498	-2.81584	0.258246	605.701
0.0243945	-0.068549	0.998605	-0.0866088	0.565656	1.78372	605.706
0.0181931	-0.0706362	0.986333	-0.0357922	0.547838	1.72272	605.711
0.0126787	-0.0716751	0.943567	0.300308	-2.8631	0.259967	605.716
0.0159791	-0.0693905	0.970477	0.336347	-3.00182	-0.355294	605.721
0.017524	-0.0708585	0.970725	0.327707	-2.95147	-0.0881029	605.726
0.0175377	-0.0726985	0.977843	-0.0946669	0.508774	1.73577	605.73
0.0196835	-0.0703438	0.966007	-0.342537	2.946	0.459392	605.746
0.018607	-0.0681799	0.960462	-0.0995335	0.623925	1.73082	605.751
0.0150748	-0.0750363	0.989033	-0.302923	2.93886	0.175594	605.756
0.0155675	-0.0717805	0.955307	-0.308088	2.85477	-0.128069	605.761
0.0207764	-0.0694843	0.956449	-0.329436	2.83065	0.0571632	605.766
0.0106365	-0.0667913	0.980765	-0.143562	0.462976	1.74287	605.771
0.0167617	-0.0740996	0.924709	-0.308688	2.78475	0.141533	605.776
0.0122141	-0.0683271	0.98731	-0.0413413	0.455579	1.73455	605.781
0.0140483	-0.0712149	0.905023	-0.305553	2.7921	0.111086	605.786
0.0132259	-0.07601	0.97285	0.365381	-2.99937	-0.0822133	605.791
0.0140489	-0.0741775	0.906638	-0.309996	2.84426	-0.207046	605.806
0.00729493	-0.0808824	0.960609	0.299319	-2.91609	0.260077	605.811
0.00719182	-0.0774524	0.970887	-0.336591	3.16373	-0.11176	605.816
0.0136171	-0.0712584	0.952374	-0.361707	2.91237	-0.165329	605.821
0.00914822	-0.0718436	0.898241	0.319231	-0.142213	1.78118	605.826
0.0111348	-0.0786548	0.978587	-0.302053	3.026	0.166059	605.831
0.0049335	-0.0814247	0.97653	0.276958	-2.96932	0.145171	605.836
0.00844917	-0.0777267	0.957599	0.316221	-2.98361	-0.00875714	605.841
0.0137671	-0.0789353	0.942927	-0.101976	-0.343469	1.76111	605.846
0.00978851	-0.0802648	0.950692	0.113075	0.448444	1.76794	605.851
0.00931177	-0.0811514	0.940925	0.0743885	0.320265	1.78843	605.856
0.0112152	-0.0804839	0.916561	0.13838	0.488923	1.7776	605.861
0.00570409	-0.0781472	0.938268	0.285293	-2.95338	0.256571	605.866
0.00983932	-0.0775831	0.945317	-0.331994	3.05177	-0.142531	605.871
-0.00279782	0.00953152	0.000181524	-1.06763	-1.24075	-1.11712	605.876
0.00946475	-0.0800257	0.925126	0.326101	-3.02627	0.321176	605.881
0.00610838	-0.0810115	0.921089	0.203124	0.424714	1.79192	605.886
0.0075181	-0.0829695	0.950324	0.230445	0.335964	1.80535	605.891
0.00542626	-0.0854187	0.953636	0.328785	-3.1275	0.000972314	605.896
0.00491278	-0.0823374	0.928626	0.312155	-2.99714	0.154655	605.901
0.00813953	-0.080066	0.940509	-0.33654	3.07703	-0.0887893	605.906
0.0052156	-0.0836267	0.930511	0.296864	-2.94993	0.361112	605.911
0.00481167	-0.0869734	0.950162	0.32596	-2.93347	0.286327	605.916
0.00532329	-0.0854446	0.937341	0.32289	-2.91852	0.334096	605.931
0.0119211	-0.0750789	0.893764	0.12198	0.518992	1.7736	605.936
0.00995964	-0.0797212	0.924316	-0.293237	2.8585	0.682422	605.941
0.00939032	-0.0842495	0.950863	-0.301817	2.82949	0.41728	605.946
0.00301836	-0.0860324	0.946328	-0.320019	3.08334	-0.496436	605.961
0.0036457	-0.0836752	0.912239	0.306709	-2.93423	0.49776	605.966
0.00739534	-0.0851978	0.951865	-0.320604	2.94684	0.350632	605.971
0.00803354	-0.0892656	0.934296	-0.3012	2.86635	0.236481	605.976
0.0237776	-0.0791675	0.856192	-0.40488	-0.508239	1.79241	605.991
0.00653133	-0.0911907	0.955614	-0.378164	3.18925	-0.376283	605.996
0.00615	-0.096497	0.95641	0.32561	-2.83718	0.41408	606.011
0.00854127	-0.096267	0.941663	-0.361985	3.23305	-0.334508	606.016
0.00428234	-0.0880047	0.884126	0.493288	-0.348208	1.72289	606.031
0.00943619	-0.0946981	0.923429	0.334973	-2.97418	0.237262	606.036
0.0059783	-0.0872245	0.916151	-0.342811	3.13697	0.668922	606.041
0.00978538	-0.0950019	0.941418	0.327039	-3.0678	0.0467884	606.056
0.000799665	-0.0981445	0.941205	0.20305	0.154249	1.75799	606.061
0.0092043	-0.0998706	0.946158	-0.250153	2.88452	0.327859	606.066
0.0087799	-0.0952484	0.946369	0.323818	-2.94442	0.0615666	606.081
0.012634	-0.102535	0.964959	-0.317758	3.12914	-0.0996487	606.091
0.0106057	-0.104356	0.953084	0.301855	-2.86275	0.34057	606.106
0.0112551	-0.104896	0.962916	0.2995	-2.90131	0.320015	606.111
0.0120134	-0.10535	0.97191	0.332264	-2.98182	0.199756	606.116
0.0119757	-0.107985	0.988987	-0.309376	2.99977	0.449264	606.131
0.013284	-0.105494	0.959402	-0.266549	2.90761	0.427877	606.136
0.0144721	-0.108537	0.983941	-0.245365	2.81449	0.546673	606.141
0.0153001	-0.111875	0.971541	-0.295038	2.85617	0.244067	606.146
0.0149133	-0.104312	0.958144	-0.302984	2.87572	0.58013	606.151
0.0148937	-0.11069	0.96827	-0.366098	3.1891	-0.114382	606.156
0.00897977	-0.106335	0.924265	-0.398832	3.35394	-0.536931	606.161
0.00173461	-0.010561	-0.000130252	-1.31687	1.06295	1.39234	606.166
0.0156019	-0.106995	0.961692	-0.293489	2.8065	0.610021	606.171
0.0127564	-0.111719	0.985243	-0.327011	3.22333	-0.263035	606.176
0.017298	-0.108692	0.961089	-0.305361	2.91151	0.196266	606.181
0.0166344	-0.106615	0.927395	0.342254	-2.73809	0.351282	606.186
-0.00163081	0.00933819	0.000251417	-1.06006	-1.23051	-1.12261	606.191
0.0163261	-0.117427	0.976351	-0.373794	3.29259	-0.104767	606.194
0.0123833	-0.105659	0.944717	0.276293	-3.10042	-0.806169	606.211
0.0100867	-0.111851	0.949311	0.21789	-3.07471	-0.721279	606.216
0.0116245	-0.113726	0.960175	-0.271346	3.10816	0.69792	606.221
0.00699382	-0.114699	0.983965	0.171738	0.492123	1.71888	606.226
0.0205013	-0.127866	1.00934	-0.330759	3.04145	0.0394855	606.231
0.0105156	-0.11043	0.945637	0.0269887	0.559604	1.74996	606.236
0.0136174	-0.12231	0.959937	0.318965	-2.77952	0.298041	606.241
0.0180025	-0.117228	0.925089	0.283926	0.559398	1.84344	606.246
0.00936518	-0.106173	0.927296	0.45626	-0.528079	1.66357	606.251
0.0179289	-0.114137	0.968546	0.325026	-3.00667	-0.629884	606.256
0.0196628	-0.112393	0.962886	0.313746	-3.09429	-0.683189	606.261
0.0160415	-0.125579	0.984359	-0.389964	3.29972	-0.304497	606.266
0.0173088	-0.127829	0.990814	-0.333666	3.17502	-0.240707	606.271
0.0152103	-0.115955	0.920339	-0.275255	0.176788	1.71518	606.276
0.0243603	-0.123188	0.972425	-0.291644	2.8322	0.377851	606.281
0.0237081	-0.127669	0.982095	-0.3181	2.98772	0.0579984	606.286
0.0209025	-0.128058	0.987544	0.342166	-2.88603	0.0829888	606.291
0.0167018	-0.131935	0.963501	0.00466811	-0.382059	1.72509	606.296
0.0160385	-0.131853	0.965909	-0.0775516	-0.346955	1.73086	606.301
0.0152821	-0.130047	0.983678	0.267872	-2.99527	0.183213	606.306
0.0221595	-0.127356	0.985574	0.319702	-2.83098	0.0542449	606.311
0.0268033	-0.129351	0.996514	-0.300283	2.88149	0.381429	606.316
0.0299509	-0.128832	0.987464	-0.281798	2.78664	0.295571	606.321
-0.00183362	0.0101205	0.000645756	-1.02848	-1.23945	-1.10388	606.326
0.0216817	-0.13209	1.01059	0.358531	-2.89723	0.193811	606.331
0.0224823	-0.129322	1.02421	0.273927	-2.90302	0.325655	606.335
0.0207742	-0.137654	1.00286	0.292775	-2.76514	0.15394	606.351
0.0263557	-0.138583	1.04339	0.310945	-2.85278	-0.0502517	606.356
0.0216861	-0.140368	1.02872	0.281741	-2.95854	-0.351442	606.366
0.0273629	-0.135532	1.02035	-0.291294	2.90405	0.210016	606.371
0.0286477	-0.137609	1.02221	-0.279563	2.94364	0.0943412	606.376
0.0278761	-0.139505	1.02593	-0.270611	2.88951	0.0103075	606.381
0.0251707	-0.134423	1.01654	-0.323321	3.17711	0.634146	606.386
0.0283454	-0.142527	1.01699	-0.309086	2.9194	0.271637	606.391
0.0221428	-0.143285	1.04615	0.294379	-2.90994	0.0534504	606.396
0.026504	-0.142827	1.02316	-0.38929	3.32275	-0.099869	606.401
0.0351091	-0.135733	1.01443	-0.0113392	0.323228	1.76968	606.406
0.0260005	-0.14662	1.02562	0.325814	-2.9222	0.18709	606.411
0.0307355	-0.146926	1.01981	-0.282534	2.87962	0.477738	606.416
0.0367035	-0.135487	1.01169	-0.0292441	0.364342	1.76373	606.421
0.0318709	-0.147111	1.05132	-0.251261	2.96075	0.206849	606.426
0.0290596	-0.148376	0.996731	0.301891	-2.88644	0.312298	606.431
0.0353871	-0.155398	1.07111	-0.279254	2.82852	0.203982	606.436
0.0354352	-0.146995	1.02654	-0.261046	2.71879	0.465239	606.441
0.028441	-0.150991	1.03799	-0.34551	3.29548	0.0346443	606.446
0.0340014	-0.154116	1.04602	-0.228782	2.8424	0.407327	606.451
0.03381	-0.163145	1.08052	-0.263639	2.93422	0.168852	606.456
0.0339703	-0.15535	1.05949	-0.225778	2.84756	0.408955	606.461
0.0370739	-0.144641	1.00057	0.28083	0.473105	1.78722	606.466
0.0318542	-0.14964	1.01658	-0.247172	3.07474	-0.142293	606.471
0.0310741	-0.154875	1.0245	0.324669	-2.90298	0.282069	606.476
0.0361632	-0.159446	1.04119	0.287288	-3.46648	-0.12596	606.481
0.0315584	-0.154955	1.03552	0.291683	-2.97365	0.122185	606.486
0.0331981	-0.155406	1.03555	-0.219701	2.92805	0.157826	606.491
0.0375751	-0.154435	1.03229	-0.305876	2.99768	0.048021	606.496
0.0374644	-0.158485	1.05328	-0.364976	3.2637	-0.0915732	606.501
0.0368767	-0.156798	1.06032	0.266637	-2.92347	-0.702185	606.506
0.0389146	-0.162623	1.03274	0.318581	-3.06297	0.185291	606.511
0.00898432	0.00195496	0.000391177	-0.129882	1.57329	0.195039	606.516
0.0409926	-0.159787	1.04142	-0.250997	2.85788	0.0125381	606.521
0.0401625	-0.162059	1.07597	-0.262386	3.03349	0.226414	606.526
0.040681	-0.161845	1.07033	-0.248499	3.00559	0.433087	606.531
0.0435756	-0.167375	1.07084	0.301289	-2.95529	0.0928874	606.536
0.037887	-0.161855	1.04911	-0.357116	3.30972	-0.203055	606.541
0.0435483	-0.153487	1.02853	-0.242364	2.77823	0.757614	606.546
0.0375438	-0.163234	1.03564	0.278458	-2.85236	-0.0600555	606.551
0.0427942	-0.165539	1.06708	0.299308	-2.98171	0.237261	606.556
0.0415712	-0.162787	1.04753	-0.32938	3.24863	-0.290036	606.561
0.043433	-0.157577	1.03644	0.283798	-3.26258	-0.839424	606.566
0.0426212	-0.165277	1.07259	-0.23248	2.85321	0.691552	606.571
0.0454414	-0.171626	1.06867	-0.206826	2.82501	0.379797	606.581
0.0419066	-0.172277	1.05705	-0.316105	3.35283	-0.11031	606.586
0.0493621	-0.170842	1.0723	-0.198379	2.80098	0.640804	606.591
0.0495935	-0.176604	1.10298	-0.226041	2.84961	0.669142	606.596
0.0466561	-0.166039	1.08069	-0.317971	2.90585	0.883061	606.601
0.0491352	-0.183847	1.11208	-0.290892	3.12166	-0.335257	606.611
0.0528572	-0.181454	1.13911	-0.26215	3.19909	-0.292388	606.616
0.0500351	-0.185021	1.11803	0.305496	-2.87367	0.239378	606.621
0.0512675	-0.180497	1.12303	-0.264821	2.9806	0.433154	606.626
0.0481497	-0.171982	1.0857	-0.228516	3.00968	0.755891	606.631
0.0463205	-0.181342	1.09396	0.259214	-2.95448	-0.776713	606.636
0.0471461	-0.179542	1.08146	-0.260374	2.86917	0.418686	606.641
0.0523494	-0.181248	1.11732	-0.260141	3.10938	0.415149	606.646
0.0516739	-0.179235	1.06984	-0.195127	2.84232	0.234039	606.651
0.0512492	-0.176393	1.06928	-0.24168	2.93959	0.493495	606.656
0.0574281	-0.185513	1.10969	-0.256279	2.76483	0.366046	606.666
0.0486769	-0.187157	1.09116	-0.250249	3.1854	-0.242657	606.676
0.0628401	-0.190715	1.11271	-0.232458	2.89267	-0.00522402	606.691
0.0551519	-0.195851	1.16419	-0.19617	2.90413	0.557658	606.696
0.0576652	-0.187597	1.11234	-0.164726	2.78288	0.584475	606.701
0.0574667	-0.195306	1.1414	-0.233736	2.8344	0.455572	606.706
0.0591171	-0.195788	1.11974	-0.292369	3.14771	-0.271496	606.711
0.0537941	-0.193907	1.11146	0.312109	-2.90798	0.0761402	606.716
0.0605701	-0.194372	1.14976	-0.364874	3.42031	0.0699202	606.721
0.0583936	-0.203066	1.1651	-0.280722	3.14431	-0.191905	606.731
0.0638893	-0.198349	1.1465	-0.260793	2.84351	0.268951	606.736
0.0519213	-0.172403	0.97894	-0.473951	-0.209822	1.727	606.741
0.063815	-0.191155	1.11965	-0.181698	2.78235	0.456474	606.746
0.0617943	-0.195648	1.12419	-0.249116	2.77062	0.314477	606.751
0.0597921	-0.201139	1.14483	-0.333597	3.13751	-0.12898	606.756
0.0616669	-0.194115	1.09201	-0.218644	2.71482	0.208476	606.761
0.0622089	-0.20424	1.16301	-0.257782	2.9517	0.370515	606.766
0.0575004	-0.207529	1.14834	-0.310219	3.185	-0.180287	606.771
0.0532223	-0.200512	1.12024	-0.356967	3.34583	-0.285952	606.776
0.0571258	-0.20425	1.11658	0.300544	-3.16752	0.358798	606.781
0.057426	-0.204735	1.16419	-0.208429	2.86867	0.77009	606.786
0.0650281	-0.203623	1.14484	-0.233672	2.94223	0.406479	606.791
0.0602702	-0.20041	1.10134	-0.351726	3.19329	-0.174542	606.796
0.0633937	-0.198712	1.13676	-0.236746	2.85384	0.681857	606.801
0.061926	-0.195246	1.10848	-0.205635	2.82722	0.625605	606.806
0.0644743	-0.199713	1.11888	0.32769	-2.79104	0.0257051	606.811
0.0675966	-0.209385	1.14994	0.348896	-2.96336	-0.0587564	606.816
0.0615932	-0.198978	1.09638	-0.376716	3.34316	-0.115207	606.826
0.0633728	-0.192884	1.06037	-0.190953	2.81241	-0.00193957	606.831
0.0684669	-0.209399	1.15015	-0.233507	2.96844	0.163503	606.836
0.0679758	-0.210976	1.14253	-0.316048	3.27275	-0.322732	606.846
0.0658235	-0.212199	1.15335	-0.275822	3.015	0.012826	606.851
0.0673238	-0.205821	1.12824	-0.235017	2.81958	0.212184	606.856
0.0702148	-0.21101	1.15087	-0.249104	2.93586	0.246869	606.861
0.0672649	-0.208897	1.14507	-0.259685	2.92306	0.370888	606.866
0.0668784	-0.216292	1.18278	-0.207395	2.91247	0.542194	606.871
0.0685467	-0.214248	1.14338	-0.218923	2.86008	0.157105	606.876
0.0691511	-0.223535	1.16968	-0.275005	3.02195	-0.0831828	606.881
0.069549	-0.213049	1.13538	-0.235467	2.94858	-0.0202449	606.886
0.0650218	-0.215723	1.14102	-0.235399	3.12048	0.0397183	606.891
0.0686773	-0.220467	1.15614	-0.240523	3.10449	0.0939619	606.896
0.0647203	-0.208061	1.10634	0.282665	-3.14748	0.235209	606.901
0.06589	-0.221628	1.15193	-0.236354	2.91487	0.134107	606.916
0.0684402	-0.210056	1.10489	-0.203714	2.81715	-0.0203648	606.921
0.0672123	-0.220178	1.16282	-0.213981	3.12946	0.725345	606.926
-0.00908856	-0.0016172	0.000279482	-2.13878	-0.102332	-2.10394	606.931
0.00915958	0.00174604	7.8138e-05	-0.104583	1.57707	0.188263	607.001
0.00916194	0.00158556	0.000213529	-0.100158	1.57773	0.184224	607.006
0.0702891	-0.232716	1.17345	0.253493	-2.98744	0.0136089	607.011
0.072862	-0.22823	1.15337	-0.23989	3.03225	-0.0877153	607.016
0.0691717	-0.237277	1.1747	-0.240802	2.95242	0.321959	607.021
0.0647157	-0.222913	1.11987	0.240299	-3.2451	0.186281	607.026
0.0683343	-0.224586	1.13287	0.290281	-2.88556	0.124147	607.031
0.00891132	0.00146623	0.000339028	-0.125595	1.57596	0.209315	607.036
0.00865836	0.00161311	0.000249119	-0.078613	1.58631	0.161864	607.041
0.0656749	-0.2232	1.11129	-0.262369	3.10409	-0.173606	607.046
0.0652165	-0.227655	1.12062	-0.273125	3.07899	-0.221081	607.051
-0.00760566	-0.0025611	0.000152026	-2.13494	-0.10436	-2.09531	607.056
0.066158	-0.232249	1.14334	-0.336694	3.33332	-0.0629442	607.061
-0.00183851	0.00836278	0.000566993	-1.04777	-1.1733	-1.15947	607.146
-0.00172596	0.0085557	0.000673137	-1.00534	-1.19558	-1.11693	607.171
0.00837522	0.00180551	2.87725e-05	-0.059944	1.59075	0.148661	607.176
0.00799328	0.00190325	9.36516e-05	-0.0799132	1.58556	0.171336	607.181
0.00843824	0.00159623	6.55607e-05	-0.0705987	1.58882	0.15984	607.196
0.0617566	-0.233726	1.09462	-0.320223	3.13645	-0.0738789	607.201
0.0656823	-0.225602	1.06203	-0.191969	2.76523	0.0476059	607.206
0.0666675	-0.232635	1.09616	-0.258422	3.09881	-0.147241	607.211
0.0667149	-0.237135	1.11364	-0.280716	2.92601	0.28392	607.216
0.0656491	-0.240327	1.10268	-0.31335	3.13573	-0.227344	607.221
0.0628537	-0.242577	1.12567	-0.303288	3.18692	-0.177555	607.226
0.0642839	-0.236825	1.10304	-0.268721	3.00882	0.0700679	607.231
0.0562347	-0.236255	1.03473	-0.328785	3.2407	-0.260409	607.426
0.0563299	-0.236543	1.04888	0.323279	-3.02233	0.0180018	607.431
0.0586961	-0.228693	1.00355	-0.305469	3.14852	-0.201978	607.436
0.00914264	0.00136212	0.000157992	-0.16919	1.56461	0.264068	607.441
0.0556658	-0.232834	1.02049	0.291777	-3.09677	0.135141	607.446
0.0523051	-0.22604	0.994016	-0.346284	3.1709	-0.366384	607.451
0.0643533	-0.232488	1.05435	-0.225095	2.93684	0.600927	607.456
-0.00942414	-0.00234215	4.93741e-05	-2.10282	-0.145772	-2.07508	607.461
0.0588585	-0.227261	1.00946	-0.340029	3.22694	-0.172564	607.466
0.0487622	-0.232	1.01813	0.309134	-2.9793	0.0226129	607.571
0.00895971	0.00188141	-5.25604e-06	-0.0876356	1.57955	0.185137	607.576
0.0090255	0.00189765	1.7932e-05	-0.0944095	1.57863	0.19047	607.581
0.00876551	0.00201762	4.54866e-05	-0.0853592	1.58016	0.182237	607.586
0.00897027	0.00185149	0.000163583	-0.0823891	1.5804	0.176981	607.591
0.00954881	0.00168625	0.000224496	-0.120482	1.57144	0.217162	607.596
0.0517121	-0.244201	1.05576	0.323423	-3.17418	0.0374874	607.646
0.0497152	-0.228224	1.00366	-0.21398	2.93589	0.306814	607.651
-0.00937754	-0.00164191	9.44418e-05	-2.08624	-0.163454	-2.07447	607.656
-0.00953836	-0.00159526	0.000127958	-2.09837	-0.145077	-2.08161	607.661
0.00970853	0.00144345	9.23168e-05	-0.170608	1.55754	0.265873	607.664
0.00937381	0.00149272	7.30167e-05	-0.0940334	1.57153	0.189056	607.681
0.0458266	-0.232232	1.00822	-0.283127	3.07542	-0.0394023	607.686
0.0405618	-0.200688	0.907731	-0.277885	-0.0578666	1.72588	607.701
0.0099639	0.00190754	0.0002777	-0.0835376	1.57283	0.179526	607.706
0.0428978	-0.219333	0.948589	-0.266979	3.10114	-0.313609	607.711
0.00968213	0.00170612	0.000242699	-0.0442691	1.58416	0.136793	607.726
0.0399928	-0.215507	0.964957	-0.193957	2.82841	0.649795	607.731
0.0449167	-0.222157	0.972309	-0.255221	3.01125	0.0145481	607.736
0.0342422	-0.217029	0.96655	-0.331321	3.28916	-0.066081	607.746
0.0101246	0.00107298	0.000217699	-0.165325	1.55418	0.259317	607.751
0.0326522	-0.199545	0.869013	-0.182168	-0.412061	-2.85235	607.756
-0.0101048	-0.00161603	9.87122e-05	0.182246	-1.55658	0.0868285	607.761
0.0403669	-0.217792	0.98026	-0.210481	2.81447	0.531455	607.766
0.010501	0.00127047	6.58248e-05	2.15549	0.242697	-2.17215	607.771
0.0348009	-0.213199	0.973371	-0.388108	3.371	0.0637355	607.786
0.033387	-0.210759	0.953503	-0.311736	3.26841	-0.0574492	607.791
0.00930289	0.00109368	0.000368617	2.12391	0.325297	-2.11257	607.806
0.0276354	-0.213494	0.970608	0.383377	0.277607	1.82151	607.821
0.00964865	0.00143017	0.000211573	-2.28539	-0.300841	2.27897	607.826
0.00982074	0.00144216	0.000126945	2.14777	0.267654	-2.15036	607.831
0.0263398	-0.210034	0.945311	-0.33419	3.26323	-0.331117	607.836
0.0352273	-0.219285	0.988968	0.142061	-0.823563	1.6366	607.841
0.0353303	-0.21565	0.968426	-0.230523	2.86093	0.0259087	607.846
0.0322304	-0.221341	0.967472	-0.301018	3.10905	-0.258236	607.851
0.0313435	-0.213178	0.955496	-0.285116	3.06163	-0.243156	607.856
0.0307944	-0.217568	0.976775	-0.271794	3.0809	-0.146564	607.861
0.0309918	-0.211061	0.946207	-0.293935	3.05473	-0.196754	607.866
0.0304744	-0.212115	0.966883	-0.291379	2.98029	-0.073254	607.871
0.0245625	-0.211348	0.951347	-0.36715	3.30124	-0.166589	607.876
-0.00983717	-0.00152889	0.000113844	0.241912	-1.56643	0.1498	607.881
-0.0102393	-0.00183683	0.000142356	0.219425	-1.56535	0.127178	607.886
-0.0104388	-0.00223871	0.000230101	0.191664	-1.56409	0.100803	607.891
0.0106844	0.00205016	8.29045e-05	2.18149	0.190387	-2.1945	607.906
0.0272698	-0.205614	0.935106	-0.325152	3.08416	-0.178972	607.911
0.0105124	0.0018067	1.0291e-05	2.17362	0.204463	-2.18662	607.916
0.0199211	-0.198769	0.892079	-0.319679	-0.129244	1.69335	607.931
0.017037	-0.19241	0.883273	0.360101	-0.523402	1.67251	607.936
0.0142084	-0.195816	0.903812	0.3877	-0.504633	1.71583	607.941
0.0118578	-0.204226	0.933543	0.0805841	-0.414096	1.72127	607.946
0.025196	-0.199316	0.92054	-0.269882	3.06923	-0.201756	607.951
0.00978525	0.00262278	1.94864e-05	-0.0478876	1.57012	0.140719	607.961
-0.0108914	-0.00131319	1.98631e-05	-2.08353	-0.145093	-2.1027	607.966
0.018671	-0.205474	0.957432	-0.39474	3.31235	0.0345512	607.981
0.0175354	-0.205675	0.975278	-0.272558	2.86685	0.808965	607.986
0.0179277	-0.212025	0.984838	-0.258239	2.92458	0.276319	607.991
0.0185851	-0.20613	0.956318	-0.308375	3.07404	-0.264679	607.996
0.0167962	-0.206287	0.949198	-0.310781	3.21496	-0.231325	608.001
0.0185735	-0.208677	0.960106	-0.321273	3.20618	-0.0716733	608.006
-0.0101143	-0.000911659	6.97885e-05	-2.09998	-0.123873	-2.11268	608.011
0.0178549	-0.205558	0.966679	0.300669	-2.89359	0.128376	608.016
0.0168829	-0.201319	0.952351	-0.315161	3.22713	-0.107767	608.021
0.0136814	-0.200648	0.951176	-0.356887	3.27224	-0.14275	608.026
0.01649	-0.19702	0.953923	-0.216484	2.81692	0.735086	608.031
0.0159707	-0.185876	0.900781	-0.264674	2.87912	-0.143762	608.036
0.0181871	-0.200545	0.945511	-0.355902	3.1467	-0.171396	608.041
0.0130871	-0.191183	0.91954	0.351103	-2.96242	-0.0313342	608.046
0.0182063	-0.198611	0.938594	0.323037	-2.94717	0.301954	608.051
0.0171053	-0.198988	0.934814	-0.331082	3.16017	-0.32585	608.056
0.0158706	-0.196972	0.942024	-0.251272	2.80912	0.168181	608.061
0.0172569	-0.20013	0.942112	-0.316038	3.09791	-0.150384	608.066
0.0131971	-0.197685	0.937602	-0.241155	3.07678	0.0713628	608.071
0.0148416	-0.197225	0.948536	0.268128	-3.16908	0.0907697	608.076
0.0103536	-0.197118	0.938848	-0.270836	3.03167	-0.0577988	608.081
0.013547	-0.187194	0.92993	-0.258606	2.8697	0.484272	608.086
0.00829631	-0.19608	0.942737	0.290627	-2.8802	0.0972674	608.091
0.0113157	-0.19478	0.954541	-0.24577	2.91304	0.648709	608.096
0.0103305	-0.194451	0.939444	-0.295142	3.14832	-0.0953191	608.101
0.0107549	-0.198687	0.95479	-0.286478	3.23152	-0.0554946	608.106
0.0101888	0.00117015	0.000316108	-0.139465	1.54644	0.225242	608.111
0.0102077	-0.198215	0.953148	-0.203436	2.84989	0.130967	608.116
0.00987316	-0.193321	0.936555	-0.25036	2.80226	0.322287	608.121
0.0115095	-0.196708	0.978072	-0.226009	2.87613	0.364008	608.126
0.00747588	-0.194493	0.939402	-0.330418	3.26985	-0.0735249	608.131
0.0140934	-0.200813	0.974555	-0.308669	2.92553	0.0935724	608.146
0.0110755	-0.200963	0.982658	-0.274329	2.97954	-0.100577	608.151
0.00855396	-0.199189	0.964096	-0.338325	3.15093	-0.158422	608.156
0.00330714	-0.202758	0.976574	-0.326593	3.27775	-0.184146	608.161
0.00455177	-0.196302	0.969446	0.282025	-2.93353	0.175314	608.166
0.00440984	-0.195731	0.95411	0.294228	-2.99577	-0.0314059	608.171
0.0078047	-0.192621	0.954696	-0.296791	3.11489	-0.204115	608.176
0.00723784	-0.199663	0.967817	-0.287551	3.11449	-0.151093	608.181
0.00737973	-0.181117	0.932493	-0.227611	2.77346	1.00646	608.186
0.00245829	-0.18741	0.920094	0.350942	-2.85474	0.207156	608.191
0.00652783	-0.195268	0.966895	-0.345637	3.17417	-0.0291834	608.196
0.00494302	-0.185796	0.96601	-0.304041	2.98572	0.607552	608.201
0.000610443	-0.19421	0.976054	-0.333364	3.21467	-0.218895	608.206
0.00117519	-0.191858	0.957448	0.266371	-3.10208	0.106496	608.211
0.0030239	-0.186814	0.944847	-0.295144	3.1347	-0.343224	608.216
0.00412672	-0.190127	0.939	0.280895	-3.01509	0.214596	608.221
0.00322634	-0.187328	0.924705	0.300358	-3.26483	0.238243	608.226
0.00316287	-0.187174	0.932221	-0.28871	3.09327	-0.191557	608.231
0.00347992	-0.189365	0.961314	-0.34319	3.1069	-0.0193917	608.236
0.00376889	-0.188282	0.943005	-0.284859	2.98209	0.0603004	608.241
0.000497701	-0.190132	0.953886	-0.296184	3.05602	-0.176711	608.246
-0.0013344	-0.192327	0.959164	0.28446	-3.03657	0.156471	608.251
-0.000256863	-0.192	0.968744	-0.305841	3.19306	-0.0695517	608.256
-0.00270125	-0.198168	0.983186	0.303354	-2.98627	0.124505	608.261
0.00324519	-0.189187	0.958506	0.319067	-2.96683	0.203036	608.266
-0.00119841	-0.18663	0.955637	-0.333152	3.17734	0.0770497	608.271
0.0017874	-0.181383	0.938076	-0.258071	2.93945	0.775408	608.276
-0.000696786	-0.187628	0.953457	-0.31106	3.1457	-0.231772	608.281
-0.00919961	-0.00128857	7.69999e-05	-2.0463	-0.19761	-2.09043	608.286
-0.00983153	-0.00112547	0.000107093	-2.06483	-0.170764	-2.10257	608.291
-0.00379211	-0.185775	0.94777	0.334063	-2.93235	-0.0843682	608.296
-0.00852122	-0.1918	0.974664	0.318498	-2.88533	0.0288104	608.301
-0.00396363	-0.191835	0.967358	-0.245936	2.84666	0.716981	608.306
-0.0039134	-0.190535	0.960337	-0.342001	3.31361	-0.273027	608.311
0.00268355	-0.177549	0.939412	-0.246238	2.80428	0.817644	608.316
-0.00090971	-0.182488	0.95757	0.271028	-3.15128	-0.95072	608.321
0.00363163	-0.184799	0.947947	-0.223347	2.72178	0.783821	608.326
-0.00177238	-0.179651	0.94806	-0.232569	2.79682	0.802075	608.331
-0.00724224	-0.194078	0.992413	-0.317628	3.21721	-0.166146	608.336
-0.00419923	-0.185654	0.977555	-0.27044	2.82256	0.818597	608.341
-0.00122062	-0.188329	0.951684	-0.338495	3.27108	-0.225492	608.346
-0.00221689	-0.179887	0.947529	-0.28027	2.87221	0.791104	608.351
-0.00139841	-0.186432	0.978792	-0.276969	2.8299	0.598347	608.356
-0.000312446	-0.185496	0.976562	-0.268332	2.7577	0.506064	608.361
-0.00274467	-0.19351	0.994795	-0.277534	3.02139	0.235415	608.366
-0.00147487	-0.196289	1.01219	-0.260372	2.93827	0.111773	608.376
-0.00331549	-0.184122	0.97027	-0.249655	2.86533	0.661007	608.391
-0.00916053	-0.193887	0.974228	-0.325372	3.33826	-0.174725	608.396
-0.00415862	-0.18978	0.968941	-0.325722	3.26848	-0.295881	608.401
-0.00714199	-0.193929	0.987976	-0.329507	3.3113	-0.340879	608.406
-0.00614738	-0.18368	0.955834	-0.295253	3.12878	-0.154636	608.411
-0.00863365	-0.190568	0.990015	-0.310801	3.09293	-0.0349736	608.416
-0.00703995	-0.191371	0.991691	-0.322388	3.24761	-0.198802	608.421
-0.00960733	-0.187819	0.961408	-0.400863	3.40732	-0.251964	608.426
-0.0144769	-0.187113	0.953298	0.305832	-2.82017	0.167204	608.431
-0.0108527	-0.194704	0.990861	-0.278748	3.15706	-0.0335439	608.436
-0.00935747	-0.191497	0.990847	-0.331149	3.29434	-0.200981	608.441
-0.0120443	-0.18488	0.986221	-0.255442	3.02656	0.442819	608.446
-0.00672166	-0.183385	0.96608	-0.224672	2.75095	0.482153	608.451
-0.010377	-0.19038	0.972027	0.268466	-2.99598	0.226288	608.456
-0.00828498	-0.189246	0.969974	-0.231133	2.83451	0.17341	608.461
0.00972977	0.00140205	0.000293594	-0.139958	1.53782	0.220985	608.466
-0.0109765	-0.18929	0.982419	-0.313819	3.19071	-0.131259	608.471
-0.00673688	-0.193579	0.9946	-0.316519	3.25356	0.0253593	608.486
-0.00928373	-0.186579	0.966683	0.280242	-3.0409	0.179495	608.491
-0.010702	-0.192497	0.994317	-0.262306	3.1012	-0.234711	608.496
-0.0118038	-0.193631	1.01387	-0.261615	2.99428	0.222601	608.511
-0.0102531	-0.181131	0.967458	-0.240165	2.85193	0.665795	608.516
-0.0182149	-0.191312	0.993735	-0.24962	3.19063	-0.0250783	608.531
-0.0133839	-0.186637	0.991626	-0.301993	3.20162	-0.0767645	608.536
-0.0144415	-0.190684	0.981943	-0.305366	3.19078	-0.174779	608.541
-0.012047	-0.193215	0.99939	0.263348	-2.86945	0.219945	608.546
-0.0128467	-0.184308	0.965428	0.297031	-2.97846	0.409013	608.551
-0.0154234	-0.195113	1.03028	-0.216346	3.03917	-0.0612994	608.556
-0.0169561	-0.19326	1.03283	-0.272822	3.06824	-0.0276341	608.561
-0.0130723	-0.181617	0.992915	-0.250184	2.77818	0.889321	608.566
-0.0164226	-0.19332	1.00524	-0.2596	3.07026	-0.26093	608.571
-0.0168583	-0.193172	1.00767	-0.220462	2.86457	0.652674	608.576
-0.0152728	-0.191673	1.00464	-0.220065	3.11042	-0.165472	608.581
-0.0153933	-0.19331	1.00494	-0.340788	3.23839	-0.0657102	608.586
-0.0159505	-0.189349	0.986644	0.281924	-2.98907	0.296732	608.591
-0.0149759	-0.19443	1.02192	0.32451	-2.89556	0.0026715	608.596
-0.0114536	-0.189881	1.00731	-0.381998	3.26058	-0.182673	608.601
-0.0155181	-0.188194	1.01496	0.287704	-2.95581	-0.057286	608.606
-0.0158932	-0.200139	1.0319	-0.294469	3.04336	-0.0909891	608.611
-0.0117371	-0.19013	1.01787	-0.268453	2.87728	0.0456286	608.616
-0.00992544	-0.194956	1.0492	-0.266584	2.75259	0.221413	608.621
-0.0106722	-0.19088	0.996873	-0.24434	2.75819	-0.0830365	608.626
-0.0141415	-0.196255	1.04981	-0.272194	3.03305	0.0161078	608.631
-0.0162117	-0.195928	1.03925	0.292233	-2.82924	0.214433	608.636
-0.0124605	-0.195095	1.03489	-0.273403	3.07578	-0.157721	608.651
-0.0157971	-0.196355	1.06824	-0.333103	3.20507	-0.0964891	608.656
-0.0195804	-0.190527	1.04434	-0.270826	3.04602	0.746016	608.661
-0.0162737	-0.191923	1.04909	-0.244914	2.94198	0.737454	608.666
-0.00650826	-0.181944	1.00909	-0.366017	-0.081557	1.71992	608.671
-0.0165786	-0.189289	1.0142	-0.315551	3.30004	-0.242398	608.676
-0.0159655	-0.185693	1.00841	-0.287413	3.20744	-0.120906	608.681
-0.0120688	-0.194847	1.04247	-0.257261	2.95916	-0.141354	608.686
-0.0215814	-0.197359	1.05774	0.265006	-2.9465	0.156399	608.691
-0.0193995	-0.202044	1.09269	-0.335533	3.24814	0.00116981	608.696
-0.0195309	-0.192906	1.03451	0.307491	-2.90079	0.246732	608.701
-0.0133845	-0.193595	1.04403	-0.302317	3.09062	-0.0871975	608.706
-0.0199363	-0.196824	1.0762	-0.281249	3.20804	-0.160471	608.711
-0.0132296	-0.188693	0.996794	-0.321484	-0.27147	1.7048	608.716
-0.0206396	-0.201005	1.08322	-0.279311	3.09631	-0.00962417	608.721
-0.01765	-0.19008	1.04781	-0.271625	2.97354	0.576611	608.726
-0.0191513	-0.182235	1.02213	0.306523	-3.09168	-0.823907	608.731
-0.0213596	-0.199602	1.08219	-0.314469	3.17588	-0.262981	608.736
-0.013027	-0.190917	1.0322	-0.0510555	0.392288	1.73136	608.741
-0.0136569	-0.193817	1.04766	-0.022844	0.407957	1.74332	608.746
-0.0155303	-0.202091	1.10732	-0.0941289	0.263605	1.74313	608.751
-0.0201632	-0.195136	1.05889	-0.313618	3.15873	-0.11745	608.756
-0.0151984	-0.198416	1.06615	-0.36721	3.24892	-0.14849	608.761
-0.0170186	-0.190085	1.02595	-0.342604	3.20564	-0.266163	608.766
-0.0213251	-0.196643	1.0505	0.267756	-2.89134	0.0677772	608.771
-0.0234271	-0.198861	1.08454	-0.300892	3.27228	-0.222602	608.776
-0.0236487	-0.203006	1.10603	0.229488	-3.09812	-0.16596	608.781
-0.0225525	-0.197482	1.0797	-0.333923	3.3493	-0.0191182	608.786
-0.0200603	-0.198937	1.09042	-0.406354	3.37625	0.00892224	608.791
-0.0188477	-0.200404	1.09847	-0.267125	2.93717	0.332921	608.796
-0.0228411	-0.199391	1.09809	-0.304991	3.15962	-0.227085	608.801
-0.0256408	-0.201355	1.10159	-0.33729	3.20493	0.0175132	608.806
-0.0180793	-0.192017	1.06094	-0.305889	2.97444	0.602672	608.811
-0.0193799	-0.18305	0.996001	-0.388789	-0.451747	1.70869	608.816
-0.0182666	-0.193531	1.07597	-0.247963	2.82392	0.366527	608.821
-0.0195144	-0.194847	1.07453	-0.271891	3.07146	-0.299756	608.826
-0.0184354	-0.189402	1.07642	-0.279383	2.77612	0.783302	608.831
-0.0166177	-0.172576	0.944238	-0.478667	-0.365511	1.69044	608.836
-0.0236127	-0.201103	1.11878	-0.229496	2.85873	-0.0388549	608.841
-0.0260218	-0.200083	1.08578	0.282048	-2.90778	0.105093	608.846
-0.0255583	-0.198325	1.08445	-0.313867	3.197	-0.0285827	608.851
-0.0208496	-0.19251	1.0811	-0.258895	2.86393	0.0562378	608.856
-0.0275064	-0.203928	1.14657	-0.302155	3.27279	0.00662395	608.861
-0.0276342	-0.200123	1.08799	0.263039	-2.88244	0.053383	608.866
-0.0235067	-0.205161	1.1582	-0.258677	2.79155	0.438253	608.871
-0.0240469	-0.195236	1.11358	-0.307349	3.01388	0.73767	608.876
-0.0214264	-0.203063	1.11815	-0.303059	3.1325	-0.152218	608.881
-0.0207854	-0.198615	1.11147	0.287637	-3.06279	0.103018	608.886
-0.0188034	-0.194731	1.10904	-0.342579	3.11494	-0.0743547	608.891
-0.0270254	-0.19911	1.1093	0.303901	-2.91323	-0.156163	608.896
-0.0212747	-0.187199	1.07043	0.308336	-2.92279	0.150934	608.901
-0.0232051	-0.199799	1.11755	-0.266357	2.93812	0.429184	608.906
-0.0250992	-0.199195	1.1069	0.304058	-2.9728	0.151961	608.911
-0.0235673	-0.195891	1.10578	-0.345866	3.14513	-0.270451	608.916
-0.0235605	-0.20105	1.13673	0.295475	-3.08847	0.213788	608.921
-0.0265652	-0.195396	1.07306	0.260569	-2.90397	0.140867	608.926
-0.0240199	-0.20589	1.17017	0.322256	-3.01171	0.0951328	608.931
-0.0263883	-0.198054	1.09895	0.288049	-2.87138	0.0964528	608.936
-0.0234693	-0.1914	1.07768	-0.244851	3.0572	-0.322326	608.941
-0.0271141	-0.198618	1.13346	0.322164	-2.99856	0.0683023	608.946
-0.0251798	-0.195358	1.114	0.293237	-2.9126	0.0797016	608.951
-0.0256302	-0.198826	1.12224	-0.360067	3.34272	-0.0933452	608.956
-0.0243103	-0.190601	1.0868	-0.231114	2.85362	0.768682	608.961
-0.0221493	-0.196217	1.08587	-0.266848	3.08649	-0.269947	608.966
-0.0234646	-0.189857	1.056	0.24278	-3.11877	0.389368	608.971
-0.0281365	-0.195774	1.08594	0.283135	-2.93514	-0.180946	608.976
-0.0273038	-0.194969	1.08835	0.252393	-3.23297	0.120735	608.981
-0.0248898	-0.194518	1.09184	-0.262535	2.75749	-0.0347605	608.986
-0.0229589	-0.198634	1.10721	-0.400489	3.40151	-0.0964444	608.991
-0.0209134	-0.193584	1.08791	0.29599	-2.8327	0.304984	608.996
-0.022616	-0.194283	1.11532	0.28987	-2.92319	0.418257	609.001
-0.0222282	-0.193879	1.07842	-0.330083	3.14912	-0.175677	609.006
-0.0236347	-0.199578	1.11002	-0.302395	3.31986	-0.141933	609.011
-0.0194575	-0.192942	1.10065	0.306035	-2.89603	0.32797	609.016
-0.0207829	-0.189342	1.09002	0.322731	-2.82475	0.301054	609.021
-0.0211687	-0.199197	1.13141	-0.325349	2.8589	0.0383794	609.026
-0.0238892	-0.194288	1.10956	0.284878	-2.95312	0.388811	609.031
-0.0225835	-0.196366	1.13971	-0.262588	2.95015	0.139689	609.036
-0.0240995	-0.190302	1.09754	0.279909	-2.93884	0.182184	609.041
-0.0281224	-0.19544	1.12823	-0.273978	3.17187	-0.156075	609.046
-0.024421	-0.197085	1.14418	-0.275218	3.0952	-0.153302	609.051
-0.0232104	-0.192884	1.15486	-0.293269	2.86925	0.524411	609.056
-0.0219781	-0.192737	1.11821	-0.226856	2.86836	0.595817	609.061
-0.0239938	-0.192625	1.1209	-0.238644	2.99576	0.569101	609.066
-0.0225113	-0.197696	1.12492	-0.316915	3.28578	-0.167197	609.071
-0.0209618	-0.195089	1.09736	-0.211353	2.78194	0.0372451	609.076
-0.0211039	-0.190511	1.13153	-0.278915	2.79406	0.721841	609.081
-0.0227554	-0.194351	1.11809	-0.220799	2.75609	0.588263	609.086
-0.0207104	-0.191408	1.10151	-0.248313	2.81991	0.208666	609.091
-0.0231403	-0.196026	1.12242	-0.272334	2.96417	0.089573	609.096
-0.0225188	-0.198044	1.13466	-0.269762	3.10152	-0.22233	609.101
-0.0243165	-0.197313	1.15159	0.263411	-3.17911	0.233182	609.106
-0.0217823	-0.200244	1.15428	-0.262437	3.02798	-0.127033	609.111
-0.0233686	-0.198782	1.14512	-0.224213	3.01473	-0.237098	609.116
-0.0217797	-0.19449	1.15219	-0.275858	2.95083	-0.166072	609.121
-0.020757	-0.193785	1.12225	-0.27997	3.03471	-0.489188	609.126
-0.0215588	-0.198657	1.129	0.278743	-2.96611	0.163531	609.131
-0.0130164	-0.191734	1.11482	-0.208107	2.72605	0.48706	609.146
-0.0188395	-0.192493	1.1171	-0.332712	3.22332	-0.156295	609.151
-0.0215292	-0.197458	1.13583	0.302954	-2.95357	0.0472087	609.156
-0.0194258	-0.191443	1.1035	-0.267379	3.03633	-0.420243	609.161
-0.021356	-0.194628	1.13211	-0.308524	3.31819	-0.303619	609.166
-0.0181666	-0.195897	1.12415	-0.331283	3.16407	-0.332293	609.171
-0.0235197	-0.197288	1.12653	-0.361821	3.45215	-0.264207	609.176
-0.0172695	-0.192808	1.11678	-0.298408	3.07549	-0.29754	609.181
-0.0199235	-0.197393	1.13361	0.313579	-3.09218	0.158605	609.186
-0.0182445	-0.197263	1.11654	-0.255951	3.14883	-0.339384	609.191
-0.0206877	-0.197586	1.11877	0.294482	-2.84782	0.295857	609.196
-0.0130578	-0.197003	1.1256	-0.0306716	-0.769356	1.69199	609.201
-0.0140712	-0.195073	1.10803	-0.236078	2.7677	0.675323	609.206
-0.0116043	-0.190387	1.10944	-0.24881	2.80173	0.732385	609.211
-0.0143498	-0.191626	1.12624	0.32776	-2.7697	0.112271	609.216
-0.0195733	-0.198797	1.1617	0.289782	-2.87273	-0.0520512	609.221
-0.0129372	-0.192772	1.1551	0.177866	0.400611	1.78231	609.226
-0.0182201	-0.193363	1.1257	0.259655	-3.40941	0.130882	609.231
-0.0191977	-0.193345	1.1132	-0.315962	3.23516	-0.252485	609.236
-0.00961493	-0.183602	1.07917	-0.267454	2.74152	0.781014	609.241
-0.0168325	-0.193394	1.12311	-0.225035	2.83677	0.677257	609.246
-0.0157385	-0.199151	1.12637	-0.325572	3.36971	-0.0470913	609.251
-0.0173983	-0.201017	1.15191	0.234949	-2.92138	0.285154	609.256
-0.0170303	-0.207025	1.18256	-0.285571	3.28689	-0.213521	609.261
-0.013782	-0.192872	1.09963	-0.4178	-0.219913	1.69116	609.266
-0.0133879	-0.19374	1.14389	-0.266423	2.92014	0.609283	609.271
-0.0150026	-0.195068	1.10858	0.29378	-2.898	0.0366378	609.276
-0.0106949	-0.196973	1.11302	0.285269	-2.94173	0.122476	609.281
-0.0149533	-0.199846	1.16596	-0.240117	2.93708	0.660064	609.286
-0.0121336	-0.203886	1.16328	-0.307899	3.27479	-0.0473017	609.291
-0.0127561	-0.195385	1.11369	0.253004	-2.823	0.256729	609.296
0.00176548	-0.00813147	-6.80493e-05	-1.25769	1.05817	1.36729	609.301
0.00149723	-0.00815885	-0.000221719	-1.30632	1.02154	1.41334	609.306
-0.00928184	-0.196651	1.13931	-0.273253	2.9578	-0.338285	609.311
-0.0138234	-0.201532	1.15004	-0.306426	3.34622	-0.00508241	609.316
-0.0156102	-0.198371	1.13005	-0.253653	3.2944	-0.12325	609.321
-0.0105184	-0.19707	1.1556	-0.214173	2.95429	-0.110577	609.326
0.00219905	-0.0074183	-3.74059e-05	-1.22703	1.08404	1.33141	609.331
-0.00845873	-0.000963503	-5.76325e-06	2.33536	0.236825	2.38387	609.336
-0.00390829	-0.19694	1.15003	0.2514	-3.12585	-0.827686	609.341
-0.0154664	-0.203562	1.14479	-0.260084	3.24228	-0.169647	609.346
-0.0119656	-0.198056	1.14928	-0.248324	3.29493	-0.1558	609.351
0.00907995	0.00146891	0.00022358	-0.110027	1.548	0.182077	609.356
-0.00743871	-0.205542	1.17755	-0.325133	3.17859	-0.173875	609.361
-0.00398185	-0.188791	1.08649	0.260714	-2.9384	0.440343	609.366
-0.00948516	-0.198607	1.1284	0.287414	-2.9832	0.32976	609.371
-0.00932646	-0.190924	1.09388	-0.325001	3.43924	-0.304945	609.376
-0.0073993	-0.201242	1.17106	-0.2438	2.93663	0.274808	609.381
-0.0080015	-0.200067	1.16462	-0.259516	2.80451	0.233338	609.386
-0.00623637	-0.194055	1.13177	-0.323576	3.27452	-0.0400296	609.391
-0.0133349	-0.199494	1.16162	0.28276	-2.85298	0.249956	609.396
-0.0107968	-0.199061	1.14968	-0.357891	3.35579	-0.206288	609.401
-0.00728456	-0.210511	1.19667	0.287613	-2.92858	0.0067578	609.406
-0.00616504	-0.2073	1.1938	-0.255863	2.95859	-0.0880771	609.411
-0.00799778	-0.200333	1.13219	0.294831	-2.86651	0.168352	609.416
-0.00979245	-0.203552	1.14445	-0.304193	3.26011	-0.317956	609.421
-0.00799665	-0.202892	1.16651	-0.262182	2.88875	0.616935	609.426
-0.00605167	-0.201165	1.14808	-0.347813	3.31393	-0.123711	609.431
-0.0120973	-0.200399	1.1529	-0.350089	3.40034	-0.115514	609.436
-0.0108897	-0.20802	1.17389	-0.392136	3.38283	-0.00927353	609.441
-0.00769917	-0.201824	1.16072	-0.229536	2.92739	-0.115138	609.446
-0.0122004	-0.202215	1.14488	0.313787	-2.93092	0.362612	609.451
-0.00516625	-0.206503	1.18508	-0.206247	2.89042	0.353744	609.456
-0.0128786	-0.202303	1.16158	0.27834	-2.77898	-0.200787	609.461
-0.00510601	-0.20205	1.15798	0.30305	-2.9865	0.296706	609.466
-0.00325941	-0.205582	1.20025	-0.276204	2.97197	0.506938	609.471
-0.00646787	-0.20126	1.18326	0.287426	-3.01185	-0.504259	609.476
-0.00828428	-0.212065	1.2232	-0.213722	2.96829	0.53781	609.481
-0.00559294	-0.208761	1.196	-0.235006	2.83541	0.170177	609.486
-0.00906459	-0.207794	1.15399	-0.345406	3.39675	0.0740343	609.491
-0.00600767	-0.200813	1.14573	-0.271526	2.86326	0.533797	609.496
-0.00233505	-0.200581	1.15248	-0.231203	2.85935	0.336518	609.501
-0.00739134	-0.208659	1.17013	-0.314882	3.24894	-0.201192	609.506
-0.00345389	-0.206923	1.18719	-0.269091	3.12188	-0.322766	609.511
-0.00848495	-0.209191	1.19484	0.265663	-3.04486	0.284922	609.516
-0.00533149	-0.209084	1.18138	-0.275486	3.03302	0.837244	609.521
-8.40114e-05	-0.203511	1.13419	-0.242674	2.95695	-0.274686	609.526
-0.00295746	-0.205957	1.15528	0.321917	-2.93047	0.00807661	609.531
-0.00760932	-0.209881	1.17922	-0.296478	3.33436	-0.210999	609.536
0.00326587	-0.205782	1.1463	0.265912	-2.97501	0.404495	609.541
-0.00371631	-0.208163	1.15285	-0.313325	3.22584	-0.227195	609.546
0.00161405	-0.203395	1.1602	-0.263416	2.83978	0.83019	609.551
-0.000495178	-0.21289	1.19361	-0.222752	2.91407	-0.110869	609.556
-0.00429848	-0.20079	1.12107	-0.24079	3.14516	-0.290088	609.561
-0.000701708	-0.204827	1.15771	0.244098	-3.20406	0.223114	609.566
0.00339523	-0.197809	1.12259	-0.288744	2.90124	0.752008	609.571
-0.00364863	-0.200349	1.14055	-0.245923	2.87436	0.72194	609.576
0.00253434	-0.212032	1.18095	0.276902	-3.07755	-0.0295438	609.581
-0.00266876	-0.202847	1.14711	0.300327	-3.00369	0.0119492	609.586
0.00137061	-0.209271	1.16214	-0.27027	2.95415	-0.0682795	609.591
0.00234269	-0.204653	1.17737	-0.291485	2.83683	0.565236	609.596
0.00367551	-0.208237	1.18769	-0.257128	2.93054	0.143555	609.611
0.00429523	-0.208118	1.16541	-0.240522	2.82187	0.44574	609.616
-0.00308212	-0.214874	1.16126	-0.287807	3.2341	-0.301259	609.626
0.000958038	-0.204078	1.15799	0.328008	-3.16676	0.214449	609.631
0.00901139	0.00191007	0.000571116	-0.123434	1.54721	0.199182	609.636
0.00457718	-0.209199	1.17267	-0.312864	2.95715	0.16131	609.641
0.00328479	-0.209827	1.15941	-0.275844	2.89005	0.686382	609.646
0.0060516	-0.206419	1.14996	-0.248935	2.92757	0.469757	609.651
0.000304163	-0.20708	1.14832	-0.325092	3.05988	-0.33409	609.656
0.00210693	-0.214811	1.18199	-0.318047	3.23683	-0.0479696	609.661
0.00184298	-0.207125	1.14599	-0.335363	3.29893	-0.198415	609.666
0.00714633	-0.205135	1.14637	-0.227108	2.81261	0.372028	609.671
-0.00218415	-0.207267	1.12721	-0.278184	3.24077	-0.509839	609.676
0.00614269	-0.204901	1.16984	-0.180889	2.70847	0.379994	609.681
0.00423256	-0.213923	1.18323	0.276899	-2.89459	0.140492	609.686
-0.00184699	-0.217594	1.19442	-0.386441	3.36902	-0.236436	609.691
0.00317536	-0.216394	1.20476	-0.373463	3.33355	-0.109719	609.696
-0.00360918	-0.20949	1.16696	0.280828	-2.94998	0.102073	609.701
-0.00248613	-0.209077	1.1523	-0.193434	2.89049	0.461506	609.706
-0.0029518	-0.20656	1.15433	0.251856	-2.92148	0.234115	609.711
0.00333026	-0.205525	1.15571	0.317481	-2.83734	0.286588	609.716
0.00520299	-0.201026	1.11071	-0.412918	3.46844	-0.327821	609.721
0.00564294	-0.210502	1.13768	-0.386598	3.30571	-0.104749	609.726
0.0039343	-0.205801	1.1564	0.288076	-2.93828	0.171451	609.731
0.0030466	-0.212786	1.22069	0.225217	-2.97949	0.0955675	609.736
0.00853885	-0.203804	1.14215	-0.218815	2.69458	0.47203	609.741
0.00756018	-0.199859	1.13388	0.250799	-3.20835	-0.947211	609.746
0.00594149	-0.209716	1.16836	0.258092	-2.87484	0.121605	609.751
0.0101893	-0.18542	1.10803	-0.175641	2.61546	0.725553	609.756
0.00662248	-0.213857	1.19876	0.289646	-2.89853	0.211248	609.761
-0.0090396	-0.000366286	-6.03444e-05	0.238082	-1.57324	0.160509	609.766
0.0123034	-0.202064	1.15747	-0.22185	2.76388	0.281764	609.771
0.00567428	-0.197324	1.11917	-0.192127	2.77333	0.644358	609.776
0.00873257	-0.208845	1.13025	0.296297	-2.87363	0.0416644	609.781
0.00800948	-0.206054	1.14041	-0.203408	2.85308	0.704963	609.786
0.0109208	-0.209035	1.15621	-0.220785	2.74539	0.606414	609.791
0.0113924	-0.205519	1.14951	-0.218967	2.81802	0.268882	609.796
0.0036666	-0.197848	1.12701	-0.266165	3.00823	0.73648	609.801
0.0168308	-0.215349	1.18343	0.058921	0.575119	1.7264	609.806
0.00766443	-0.211438	1.18147	-0.219828	2.87865	0.741896	609.811
0.0120692	-0.215224	1.16354	-0.197079	2.84172	0.218707	609.816
0.00967809	-0.213376	1.18367	-0.260552	3.16784	-0.139562	609.821
0.0026729	-0.212273	1.12384	-0.18602	-0.428574	1.66106	609.826
0.00888798	-0.207472	1.14691	-0.229073	2.77087	0.47005	609.831
0.0097155	-0.213309	1.17925	0.230651	-3.12802	0.147341	609.836
0.00892994	-0.204461	1.12678	-0.362166	3.34971	-0.336827	609.841
0.00841601	-0.20379	1.13471	0.473723	-0.40003	1.72147	609.846
0.012964	-0.212632	1.15094	-0.297697	3.12087	-0.351633	609.851
0.00708071	-0.218867	1.18961	0.207042	-3.00523	-0.0364433	609.856
0.0129727	-0.203406	1.12625	-0.050681	-0.360701	1.73663	609.861
0.0130075	-0.202015	1.12065	-0.196034	2.63949	0.774183	609.866
0.00773622	-0.216146	1.14947	-0.297747	3.37119	0.0764587	609.871
0.00968027	-0.200829	1.10238	0.309048	-2.97118	-0.585498	609.876
0.0089625	-0.220611	1.198	-0.24062	2.9969	-0.110212	609.881
0.0128437	-0.219609	1.17018	0.285024	-3.12361	0.237784	609.886
0.0063743	-0.224141	1.18914	-0.273565	3.15492	-0.0517714	609.891
0.0115158	-0.206225	1.13128	-0.288093	2.99232	0.861179	609.896
0.0128399	-0.216245	1.16685	-0.218249	2.96935	0.139975	609.901
0.0108226	-0.219888	1.1667	-0.267778	3.08051	-0.128604	609.906
0.0176273	-0.210655	1.13338	-0.276163	2.78843	0.23148	609.911
0.0109634	-0.211486	1.15321	0.311146	-2.98178	-0.672743	609.916
0.00956473	-0.21333	1.13235	-0.304926	2.9831	-0.241598	609.921
0.0168003	-0.221105	1.17314	-0.335653	3.09241	-0.1802	609.926
0.0156734	-0.222553	1.17666	0.272519	-2.879	0.103254	609.931
0.0147692	-0.221059	1.15566	-0.36938	3.39649	-0.0761635	609.936
0.0136545	-0.226547	1.17034	0.328281	-2.97782	0.164377	609.941
0.0200839	-0.213467	1.15917	-0.374882	3.62859	0.461857	609.946
0.0176316	-0.209418	1.10723	-0.422971	3.55787	0.122387	609.951
0.0195107	-0.21489	1.12567	-0.291072	3.1048	-0.140908	609.956
0.0153955	-0.231318	1.22695	0.297339	-2.96507	-0.184027	609.961
0.00995444	-0.226382	1.17091	0.288153	-2.96824	0.292931	609.966
0.0147524	-0.232875	1.16779	0.314337	-3.03246	0.200696	609.971
0.0154585	-0.214294	1.12279	-0.372351	3.29768	-0.305055	609.976
0.0134884	-0.21817	1.14337	-0.221392	2.69938	0.726622	609.981
0.0132717	-0.22046	1.14975	-0.23436	2.84078	0.655896	609.986
0.0142407	-0.221169	1.1439	-0.233834	2.92795	-0.0689497	609.991
0.010989	-0.222112	1.16411	-0.321406	3.17397	-0.153638	609.996
0.0148971	-0.225159	1.18446	-0.255729	2.78526	0.504869	610.001
0.0126557	-0.225205	1.16997	0.282669	-2.97007	0.241721	610.006
0.0119525	-0.234776	1.19066	-0.306634	3.18756	0.021366	610.011
0.0122866	-0.229223	1.16782	-0.271353	3.11544	-0.365369	610.016
0.0167365	-0.220825	1.15132	-0.232441	2.73138	0.705031	610.021
0.0171657	-0.229181	1.15284	-0.243464	2.96996	0.0975762	610.026
0.0119192	-0.222573	1.13184	-0.310963	3.24063	-0.151548	610.031
0.0191838	-0.232383	1.18448	-0.226095	2.91113	0.068117	610.036
0.0205155	-0.229935	1.14913	-0.277766	2.73626	0.62079	610.051
0.0133993	-0.230394	1.15662	-0.290224	2.8947	0.274915	610.056
0.0129602	-0.22734	1.11141	-0.224356	2.85404	0.041243	610.061
0.013435	-0.225396	1.09763	-0.261096	2.99553	0.0197994	610.066
0.00869182	0.00190898	0.000218838	2.12185	0.325872	-2.0997	610.071
0.016955	-0.222859	1.10528	-0.348587	3.21909	-0.0894458	610.076
0.0170833	-0.228501	1.12175	0.300029	-2.85431	0.00414484	610.081
0.0184021	-0.228157	1.12563	0.280149	-3.05656	0.036616	610.086
0.0148124	-0.228108	1.12524	0.345377	-2.86403	0.161987	610.091
0.0181122	-0.212338	1.08597	-0.271997	2.76725	0.737072	610.096
0.0150915	-0.223597	1.12437	-0.237558	2.86798	0.611674	610.101
0.0129586	-0.235637	1.15178	-0.298441	3.28333	-0.149888	610.106
0.0229277	-0.227525	1.14342	-0.218441	2.78709	0.670159	610.111
0.0191121	-0.221495	1.1048	-0.224768	2.81333	0.901502	610.116
0.0177189	-0.225552	1.11158	-0.223175	2.82134	0.667147	610.121
0.0176643	-0.231828	1.09335	-0.339564	3.28544	-0.401642	610.126
0.0213335	-0.231731	1.12543	-0.241105	2.77733	0.414283	610.131
0.0201774	-0.240459	1.13865	-0.3563	3.25072	-0.109486	610.136
0.0266361	-0.229805	1.11333	-0.228303	2.69879	0.725367	610.141
0.0193202	-0.230904	1.11117	-0.193499	2.7149	0.832623	610.146
0.0230487	-0.245594	1.17157	-0.252545	3.08394	0.097971	610.151
0.0196759	-0.22916	1.09616	0.319632	-2.76844	-0.0241667	610.156
0.0234157	-0.225343	1.09426	0.311945	-3.0886	0.14915	610.161
0.012613	-0.233379	1.13025	0.30113	-2.79025	-0.143965	610.166
0.0162014	-0.242744	1.16058	-0.257262	2.94319	0.476192	610.171
0.0214691	-0.240004	1.1543	0.208359	-3.2111	-0.827417	610.176
0.0172418	-0.238797	1.12077	-0.295522	3.16231	-0.416674	610.181
0.0242995	-0.228376	1.11481	0.263464	-3.21196	-0.671242	610.186
0.0189563	-0.238994	1.12775	-0.24944	3.00463	0.755085	610.201
0.0183991	-0.23176	1.12752	-0.232187	2.91125	0.645812	610.206
0.00865256	0.00101548	0.000328656	-0.189154	1.54134	0.278219	610.211
0.0270869	-0.242677	1.15273	-0.231873	2.83675	0.891287	610.216
0.0252407	-0.250666	1.17864	-0.271201	2.9267	0.160125	610.221
0.0266171	-0.25086	1.16502	-0.224767	2.9096	0.194689	610.226
0.0265431	-0.236057	1.12527	-0.197782	2.73467	0.385912	610.231
0.0227343	-0.24019	1.12102	-0.198579	2.75843	0.685094	610.236
0.0239141	-0.257795	1.20368	-0.19524	2.93098	0.402832	610.241
0.0245018	-0.243854	1.10538	0.271808	-3.05562	0.355049	610.246
0.0230222	-0.2584	1.15954	-0.347239	3.28245	-0.136075	610.251
0.0242861	-0.232367	1.09818	-0.208461	2.66679	0.723382	610.256
0.026758	-0.246229	1.12926	-0.178883	2.7875	0.474609	610.261
0.00807503	0.00100351	0.00049786	-0.159668	1.55032	0.250956	610.266
0.0253157	-0.245486	1.10997	-0.32622	3.2061	-0.168999	610.271
0.00839121	0.00106489	0.000466032	-0.178632	1.54575	0.269595	610.276
0.023238	-0.247732	1.11008	0.275532	-3.04795	0.262293	610.281
0.00838365	0.000967202	0.00045205	-0.15212	1.55095	0.242887	610.286
0.0274756	-0.257864	1.16783	-0.258482	2.9509	0.638437	610.291
0.0233579	-0.257816	1.15269	0.343797	-2.91929	-0.0966099	610.296
0.0235519	-0.258074	1.14011	-0.460605	3.37356	0.126072	610.301
0.0236377	-0.258151	1.14263	-0.409997	3.31036	0.0268691	610.306
0.0264735	-0.257912	1.14886	-0.252514	2.991	0.0958309	610.311
0.0250594	-0.269083	1.17322	-0.349725	3.1855	0.0687953	610.316
0.0286372	-0.260886	1.13858	-0.295669	3.0864	-0.0218613	610.321
0.0276917	-0.273282	1.17749	-0.347066	3.19289	-0.0566832	610.326
0.0313686	-0.267084	1.15636	0.304143	-3.03056	0.162267	610.331
0.0265368	-0.255228	1.12041	-0.337556	3.23361	-0.230776	610.336
0.00930348	0.00117665	0.000413831	-0.146488	1.54753	0.241579	610.341
0.0316942	-0.256065	1.11734	-0.187694	2.83224	0.161607	610.346
0.0256757	-0.250206	1.09814	0.319394	-2.86572	0.118559	610.351
0.0280269	-0.257728	1.10581	-0.261637	3.15676	-0.428758	610.356
0.0279082	-0.256687	1.1135	-0.259578	3.09506	-0.0743128	610.361
0.023366	-0.254139	1.09457	-0.324227	3.27493	-0.253752	610.366
0.0302029	-0.260548	1.12479	-0.331017	3.16676	-0.0648133	610.371
0.00840195	0.00081452	0.000167291	-0.157201	1.55218	0.250676	610.391
-0.00806542	-0.00156212	-6.88603e-06	-2.08257	-0.152177	-2.08565	610.396
0.00776602	0.000674205	0.000292359	-0.079703	1.56912	0.175398	610.411
0.00760966	0.000865544	0.000184905	-0.0853795	1.56572	0.182538	610.416
0.0284626	-0.267772	1.12186	-0.404653	3.34135	-0.110124	610.421
0.0328618	-0.273162	1.12833	-0.344619	3.14242	-0.0510197	610.426
0.00965597	0.00134039	0.000296627	2.1556	0.262327	-2.1557	610.446
-0.00913669	-0.00192282	4.97532e-05	0.208419	-1.5669	0.111746	610.451
0.00926282	0.00166385	0.00011044	2.16345	0.242906	-2.16952	610.466
0.0085568	0.00130294	0.00022862	-0.0585521	1.56718	0.159035	610.471
0.00914112	0.00135323	0.000327189	-0.0929412	1.56063	0.193592	610.476
0.0289791	-0.26563	1.1017	-0.232789	2.84686	0.453614	610.481
0.0321391	-0.275012	1.12744	-0.197023	3.01717	0.0305019	610.496
0.00951984	0.00107956	6.49795e-05	-0.0994126	1.55806	0.199075	610.501
-0.00909379	-0.00150141	0.000151848	-2.0971	-0.115811	-2.10538	610.506
-0.00922658	-0.00141234	-2.17991e-06	-2.09155	-0.123198	-2.1028	610.511
0.00915919	0.000933566	0.000199609	-0.117144	1.5526	0.218494	610.516
0.0250674	-0.26567	1.03871	-0.301875	3.09983	-0.275781	610.556
0.022983	-0.265617	1.04586	-0.34995	3.18485	-0.22369	610.561
0.0217537	-0.267866	1.07937	-0.231695	2.71941	0.857176	610.566
0.0240759	-0.275185	1.08635	-0.363267	3.28106	-0.13117	610.571
0.025809	-0.262522	1.03316	-0.278747	3.05714	-0.163043	610.581
0.0257905	-0.268514	1.03977	-0.300875	3.15996	-0.280095	610.586
0.0238106	-0.271763	1.05606	-0.300495	3.16093	-0.227072	610.591
0.0256746	-0.277994	1.06514	-0.326663	3.1267	-0.298981	610.596
0.0234783	-0.274266	1.05594	-0.287786	3.0862	-0.193401	610.601
0.00924873	0.00142481	0.000209233	-0.087036	1.55932	0.193021	610.606
0.024436	-0.283488	1.08431	-0.322796	3.15533	-0.323898	610.611
