-0.00317462	-0.0578406	0.521603	-0.039918	-3.01208	-0.375342	83	71	46	71	83	32	43	34	374.783
-0.00494463	-0.0595409	0.544004	-0.0370391	-3.00249	-0.216793	82.8169	71.2927	46.3435	70.5446	80.9535	33.5513	43.9881	34.798	374.803
-0.00371602	-0.0574229	0.52616	-0.021885	-2.92653	-0.259725	83.2359	72	46.0768	70.4613	82.6173	32.2551	44	35	374.857
-0.00226787	-0.0519906	0.518542	-0.0615967	-2.86645	-0.466689	83.8975	71.9488	48.6102	72.2784	82	33.111	43	33.9232	374.923
-0.00267169	-0.0688582	0.524595	-0.0713929	-3.15213	0.138301	84	69.889	45.2049	70.4099	80.5555	31.4445	44	33	375.019
-0.00662456	-0.0577472	0.530365	-0.0311372	-3.00163	-0.106508	82.2924	72.1345	45.7137	72.332	80.6923	32.9232	44.2807	34	375.075
-0.000574335	-0.0658763	0.517975	-0.0621643	-3.14281	0.213362	85.1455	71.4016	45.4445	69.889	81	32	43.8003	33.8003	375.179
0.00229439	-0.0678738	0.537687	0.101726	3.0729	-0.0207049	84	68	46.7137	71.1412	82.2076	32.5731	43.889	34	375.236
0.00459425	-0.063989	0.518701	0.129431	2.99723	-0.20533	85.6667	69	46.6274	72.8428	81.1997	32.8003	44.1909	34	375.298
-0.00351422	-0.0599841	0.531076	-0.069597	-3.09461	-0.176261	82.5117	71.1462	46.7008	72.3934	81	32.111	43.7193	33.5731	375.358
-0.00412906	-0.0655306	0.518885	-0.046131	-3.08494	0.202882	84.1462	70.9269	44.3898	70.4165	81	32	44	34	375.423
-0.00695906	-0.0604034	0.517139	-0.00384124	-2.94455	-0.033891	84.0226	73.1028	44.4421	69.6415	81	32	44	34	375.436
-0.00265048	-0.0574545	0.522138	-0.042387	-2.92415	-0.282742	84.1997	72	47.2547	71.5094	81.4445	32.4445	44	33.111	375.503
0.00439379	-0.0717518	0.517557	0.0973745	3.02887	-0.320381	85.8464	68.1536	46.2807	70	82	32.2551	44	33.1462	375.596
0.00330201	-0.0666832	0.528617	0.102133	3.04699	0.029343	84.3726	69.412	47.2863	71.1908	81.7137	31.7137	43.8003	33	375.657
0.000560693	-0.0636629	0.529611	-0.0804387	-3.11733	-0.0937289	84.0731	70.2924	46.8538	71.3538	81.8003	31.8003	44	33.6005	375.723
0.000248568	-0.0606512	0.509396	-0.0674732	-3.15512	0.193092	85.2807	71.7807	45.0557	72.0557	81.5555	32.4445	44	33.9269	375.775
0.00247396	-0.0627885	0.499144	-0.108241	-3.24803	0.258995	86.2863	71.332	45.6345	71.8655	81.2193	31.8538	43	33.1276	375.843
0.0067659	-0.0611523	0.510161	0.123374	2.93432	-0.124529	85.7404	70.3019	47.09	73.3909	81.2968	32.4191	44.1988	33.2365	375.858
0.00130442	-0.0605684	0.512294	0.181394	3.05288	-0.114117	85.8821	69.4513	46.7807	74.1462	80.3827	31.3827	42.8033	34.8975	375.914
0.00285264	-0.0624573	0.52947	-0.192373	-3.08391	0.0449829	86.3622	69.3827	48.5	72.8538	80.1997	31	43.8464	35.9232	375.977
0.00244718	-0.0559431	0.522173	-0.164881	-2.82077	-0.481185	87	69.8724	50.0824	71.3898	81	31	43.2049	35.8975	376.083
0.00582308	-0.0632895	0.530599	-0.241042	-3.04207	-0.103814	87.7804	68.0517	49.9094	72.0816	81	30.2244	42.8592	36.8037	376.102
0.00888523	-0.060204	0.520614	-0.282246	-3.10654	0.0464879	88.4898	68.1276	50.3608	74.4722	81	30.2551	43.3333	37.294	376.157
0.00945882	-0.0565999	0.506165	0.361644	3.07205	-0.10767	89.7449	67.3827	51	76.7076	80.2551	30	41.889	38.3336	376.223
0.0138488	-0.057841	0.519633	-0.382634	-3.11552	0.0674433	90.7674	67.7988	53.0124	75.3257	80.007	30	42.9629	38.9777	376.241
0.0165875	-0.0589343	0.526918	0.442327	3.05092	-0.0566239	90.4445	65.2219	54.0557	76.7216	80	30	43.3504	39.9488	376.297
0.0167143	-0.0513578	0.529474	-0.506162	-2.94587	-0.292952	91.6183	65.8092	56.5102	76.7449	79.111	29	42.8538	42.5614	376.358
0.0286882	-0.0494892	0.523615	0.670246	2.91475	0.0251509	93.7449	64	61.2807	79.6462	78	29.8003	42.7641	45	376.483
0.0250235	-0.046641	0.537543	-0.663445	-2.97527	-0.115077	94	64.1997	59.7773	79.1114	78	30	43.8329	46.6659	376.536
0.0351905	-0.0476025	0.533194	-0.797481	-3.00116	-0.24696	95.4898	62.2551	63.8463	79.8033	78	28.111	44.889	47.889	376.597
0.0379733	-0.0464257	0.539695	-0.860939	-2.95423	-0.185692	96.6183	61.0954	65.412	80.1179	77.111	28.889	45.3336	49.6671	376.657
0.044669	-0.0481032	0.530722	0.947516	2.898	0.0842302	97.7449	58.8929	68.4898	80.8724	77	29	45	50.6155	376.72
0.0530601	-0.0483177	0.545283	1.06992	2.92605	0.271285	99	56.799	71.2076	79.7807	77	29	46.8003	52.8003	376.777
0.0566027	-0.0460413	0.543124	-1.14538	-2.79031	-0.476197	100.617	54.7654	72	79.3333	75.7193	28	48.9232	55.7696	376.882
0.0743615	-0.0502943	0.535871	1.31719	2.78014	0.442266	102.601	51.5992	79.201	79	77	27.1997	50.8538	57.2807	376.943
0.0764269	-0.0545134	0.538077	1.30064	2.69604	0.106756	102.2	51.2003	81.3901	79.5348	76.0324	27.9741	51.0611	56.7026	376.963
0.0799598	-0.053285	0.536532	1.31935	2.68624	0.0978146	102.974	51.1229	82.3234	79.9844	76.0016	27.9987	52.18	57.2097	376.979
0.0831729	-0.053113	0.539641	1.395	2.66635	0.222563	103	49.3995	83.4898	79.3827	76	28	52.8538	58.7807	377.042
0.0887673	-0.0550814	0.541078	1.57385	2.69363	0.240174	105	47	87	77.5	74.5	28	54	61	377.143
0.091567	-0.0573427	0.545122	1.62272	2.6716	0.273544	105	45.9267	87.943	76.6957	74.0285	27.8336	55.0616	61.4371	377.163
0.0962568	-0.0578813	0.545573	1.68871	2.60124	0.304498	105	44.3995	89.7449	76.2551	73.3995	28	56.8538	62.8538	377.223
0.0980953	-0.0600266	0.535313	1.64715	2.53375	0.246636	105	44.0191	90.9811	76.3135	73.9839	27.1232	56.9951	62.5583	377.243
0.100945	-0.0604636	0.544081	1.69377	2.53974	0.302491	105	43.0491	90.9989	76.019	73.999	27.7829	58.0722	62.9819	377.262
0.102459	-0.0643335	0.556923	1.79615	2.52343	0.372602	104.255	41.1276	91.889	73.889	73.1276	28.6173	58.4898	63.7449	377.32
0.107093	-0.0707596	0.5645	1.84476	2.54221	0.138477	105.2	40.1997	93.8538	73	72.2992	28.6496	59.9269	63.0731	377.383
0.105749	-0.0699536	0.537855	1.88252	2.42092	0.306652	105	38.1997	95.7781	72	71.7193	27.0731	60	64.9443	377.443
0.113483	-0.0715926	0.561526	1.94529	2.43165	0.335485	105	38.1229	96.0807	71.1192	71.9434	28.6556	62.192	64.9987	377.461
0.108575	-0.0727668	0.539375	1.88876	2.2969	0.381239	103.399	37.1997	96.4445	70.7774	71.2551	26.7449	62.1276	65.7449	377.52
0.115093	-0.0706026	0.550734	1.97815	2.30482	0.486959	103.751	36	97.4445	70.111	72.6005	29	62.889	66.889	377.576
0.118684	-0.0707775	0.56366	2.03339	2.32267	0.423379	104	36	98	70	72	30.3333	64	67	377.626
0.110686	-0.0719051	0.532733	2.06774	2.26531	0.409038	104.385	34.3077	99	69.2863	69	28.111	64.0731	67.9269	377.722
0.112034	-0.0762782	0.533779	2.00306	2.23124	0.452116	103.906	34.6327	98.3908	68.4051	69.9592	26.5405	64.3336	67.0557	377.741
0.119645	-0.07927	0.562313	2.11734	2.23356	0.328057	103	33	100	68	70	30	66	67	377.795
0.118878	-0.0761675	0.560427	2.18449	2.22382	0.302136	103	32.4771	100.615	68.3077	68.6949	31.1937	66.8428	67.9607	377.854
0.115255	-0.0699258	0.532287	2.18172	2.16862	0.555477	104	31.7654	100	68.1997	68.6274	30.3333	66.889	69.7781	377.915
0.122721	-0.0778634	0.548623	2.20345	2.15324	0.425988	103.555	31.4445	102.111	66.2219	69.4722	30.3341	67.7781	68.889	377.976
0.123555	-0.0740547	0.536066	2.17071	2.11147	0.441683	103.927	31.5731	102.601	67.1997	69.6667	30.0786	68.8003	69.8003	378.034
0.125303	-0.0790216	0.542864	2.13308	2.0831	0.378833	103.128	32.1276	103	66	69.9214	29.294	69	69.1276	378.094
0.124949	-0.0807312	0.540854	2.17932	2.0865	0.261262	103	30.6667	104.5	66	69.3333	30	69	69	378.153
0.127425	-0.0856643	0.539923	2.19606	2.04698	0.355959	103	29.3995	104.539	64.3845	69.588	29	70.1671	68.5835	378.216
0.132545	-0.0836605	0.56793	2.31092	2.1347	0.0667253	103	29.6667	106	65	70	33	70	69	378.267
0.128817	-0.077964	0.549807	2.3445	2.09387	0.53169	104	29.5	104	64	69.3333	32.3333	70	70	378.343
0.129553	-0.0820971	0.544971	2.17904	2.0127	0.459747	102.399	30	103.555	65	70.4529	29.8975	71	69.2551	378.481
0.132215	-0.079404	0.568284	2.29672	2.09325	0.377908	102.869	30.7824	103.882	65	69.6644	32.8785	70.5629	69.4692	378.493
0.136043	-0.0820493	0.580709	2.33218	2.12017	0.405557	103	30.6005	104	64.111	70.7076	33.4269	70.2547	68.9214	378.558
0.130129	-0.084796	0.55568	2.231	2.02906	0.29537	102.2	30.1997	104.778	64.111	69.0954	30.9046	71	69	378.618
0.130531	-0.0844362	0.548495	2.23249	2.03662	0.452733	103	29.3995	104	64	70.0731	30.0731	70.9269	69	378.682
0.126381	-0.0851506	0.533961	2.17364	1.98646	0.438965	102.255	29.2551	104	64	69.5	28.5	71	69.1462	378.737
0.126031	-0.0867143	0.549811	2.25584	2.09566	0.452338	103.255	28.8724	103	64	69.1671	29.6125	69.5731	68	378.858
0.120186	-0.0856133	0.538477	2.1646	2.02733	0.392634	101.439	30	103	64	68.5835	28.4165	68.7137	68.8092	378.922
0.118247	-0.0875565	0.540012	2.2072	2.05501	0.430165	102	29	102	64	67.3333	28.3333	69	68	378.972
0.117315	-0.0853238	0.540314	2.23887	2.08242	0.45218	102.2	29	102.073	64	67.4722	29	68.1276	68.4898	379.037
0.114773	-0.0842274	0.542856	2.29172	2.10678	0.444269	102	29	102.255	63.3827	66.7846	29.8821	67.0768	68.9232	379.096
0.110781	-0.0919394	0.53896	2.24869	2.09185	0.28075	101	28.1537	102.854	62.1462	66.2863	28.1909	65.8538	68	379.158
0.105884	-0.0889572	0.541984	2.21552	2.08093	0.376251	99.1462	28.1462	100.8	63.8003	66.4269	28.7193	64.8459	68	379.216
0.108649	-0.0929885	0.54954	2.25414	2.10192	0.334013	100	27.8724	101	63.1276	65.6664	28.6664	66.1276	67	379.274
0.0996978	-0.0906499	0.541702	2.20779	2.10175	0.297052	99.1276	29.1071	99.8724	63.3827	64	28	64.1537	67.4016	379.334
0.102132	-0.0906285	0.542874	2.16526	2.08213	0.332166	99.0786	29.4701	99.5	64.0731	64.6949	27.6392	65	67	379.394
0.0999281	-0.0929673	0.564643	2.31291	2.15431	0.279881	98.0954	27.7137	99	63.5102	64.0824	30.3051	64.3077	66.7691	379.458
0.0928404	-0.0919325	0.542383	2.19061	2.07169	0.333886	97.0731	28.4269	98.1997	63.8003	62.8545	27.8463	63.3995	67	379.515
0.0843074	-0.093984	0.54521	2.22501	2.09755	0.255321	95.3827	27.2551	97.1997	64	61.3726	28.3333	61.6664	66.5555	379.574
0.0789959	-0.0923074	0.539831	2.24384	2.09573	0.318005	95.3827	27.7449	96.2863	63.3817	59.3336	28	61.111	67	379.637
0.0764964	-0.0921909	0.546501	2.27184	2.19092	0.467343	96.1997	28	94.2219	63.5555	59.4771	27.7137	60	66	379.703
0.0180488	-0.000682759	-7.38594e-05	1.28037	1.26269	1.23617	95.89	28	94.9539	63.0329	58.1402	66.0159	59.8479	27.979	379.723
0.0176263	-0.0005337	-0.000156537	1.28713	1.24621	1.22451	94.0934	27.0494	94.1476	63.9683	57.8399	66.1295	59.2274	27.2626	379.743
0.0733466	-0.0967348	0.54194	2.21381	2.09907	0.334715	94.0045	27.0024	94.7393	63.2646	59	27.002	59.7162	65.895	379.763
0.0682175	-0.0918996	0.531315	2.22402	2.11641	0.407862	94.0002	27.0001	94.0365	63.6222	58.2958	27.0006	58.1035	66.9333	379.781
0.0627787	-0.0944954	0.542319	2.25969	2.20083	0.258541	94	27.8003	93.2551	63.4898	56.6664	27.4445	57.0731	65.7193	379.843
0.0618827	-0.0956709	0.532922	2.1959	2.07493	0.272264	92.4609	27.862	93.8358	62.1268	56.4383	26.5878	57.0014	66.8219	379.862
0.0602007	-0.0946319	0.534719	2.14976	2.10767	0.349404	92.111	28	92.2551	63.7449	57.4165	26.0557	56.0768	66.0768	379.915
0.0527645	-0.0960429	0.533299	2.17966	2.11155	0.334921	91.111	27.4445	91.2551	63.2551	55.2049	25.957	55.0954	65.9046	379.977
0.0464001	-0.0956536	0.529697	2.27253	2.20846	-0.086732	91.2227	26.1114	92.3336	63.889	54.1179	28.0188	54.2193	66	380.035
0.0412385	-0.0954112	0.520009	2.21154	2.14164	0.299248	90.0954	26.1909	90	63.7449	52.1671	25.3341	53	65.7691	380.1
0.042487	-0.0909936	0.538504	2.24459	2.1444	0.43503	89.5555	27.7781	89.1997	63.1997	53.1462	27.7076	53	67	380.155
0.0385813	-0.0883768	0.539649	2.34417	2.23521	0.631005	90.0954	28	88.8003	62.1997	52.0393	28.8034	51.7193	66.2807	380.219
0.0345306	-0.094896	0.525512	2.18106	2.13544	0.185638	88.5555	27.3336	89	63.3329	51.9488	26.1967	50.7193	66.4269	380.276
0.0341579	-0.0977029	0.536397	2.21144	2.15688	0.273947	88.2863	27	88.0954	63	51.6392	26.2227	51.3538	65.5	380.338
0.0310225	-0.0962258	0.538592	2.17215	2.14857	0.265436	87.8724	28.4898	87.3995	62.3995	51.7137	26.3817	49.7193	66.1462	380.443
0.0315011	-0.0966415	0.540507	2.21369	2.22311	0.407275	88.9446	28.0241	87.0107	62.1071	51.9857	26.1895	49.2078	65.2335	380.461
0.024471	-0.0926295	0.535856	-2.11687	-2.17446	0.106329	88	27.5	87	66	51	28	50	65	380.508
0.0295688	-0.0918211	0.532992	2.13072	2.2424	0.263047	89	29.3336	86.1114	65.5545	51.9607	25.7453	49.1462	65	380.556
0.0270483	-0.0917598	0.535454	2.09652	2.25088	0.110756	89.0954	30.5229	85.8092	65.0954	52.2551	26.3827	47.7449	65.2551	380.619
0.0167684	-0.0909003	0.535063	2.06837	2.34874	-0.106682	88.4445	31	83.2219	66.889	51.7449	26.7449	45.6664	64.2219	380.683
0.0157669	-0.0826472	0.521406	1.93057	2.47696	-0.0877822	90.6173	34.2346	81	71	53.4898	25.5102	43.5	62.5	380.774
0.0162314	-0.077561	0.513629	1.82053	2.50581	0.153487	91.1276	36.3622	79	73	55.1345	23.5731	42	61.7691	380.834
0.014575	-0.0826534	0.51118	1.67185	2.43716	-0.0214007	90.8538	38.7807	78.4445	72	55.9269	23.0731	40.0731	59.1462	380.896
0.00735217	-0.0833437	0.525279	1.66189	2.68755	-0.223248	91	39	74.0847	73.7216	57.8464	24	40.0731	57.2924	380.956
0.00891726	-0.0823641	0.521146	1.56247	2.65352	-0.0805726	91.1997	40.8003	73.3333	74.3333	58.889	22.889	39.0512	55.8545	381.014
0.00978893	-0.0741284	0.512018	1.56624	2.69663	0.144597	92	42	72.6667	76	59	22	39	57	381.112
0.00711013	-0.0656188	0.518612	1.19776	2.67611	0.229953	90	50	66.4445	78.4445	64.4008	23.6005	37.111	52.3329	381.216
0.00336632	-0.0633132	0.534677	1.14581	2.91704	0.305797	91	53	63.6667	77	66	25	37	51	381.32
-0.00563926	-0.0576978	0.523565	0.825523	2.92978	0.162072	88	60	57	79	68.8464	25.9232	36.1276	45.8929	381.421
-0.00438194	-0.055631	0.527276	0.732911	2.89656	0.202015	87.1997	60.8003	55.3145	79.0786	71.0824	27.4165	36.5984	45.1025	381.48
-0.00371839	-0.0619865	0.529112	0.680141	2.8024	-0.0755313	87.0071	61.475	55.9431	77.1726	71.0065	28.8757	36.0258	43.0908	381.503
-0.0122714	-0.0533887	0.526593	0.58723	3.03099	0.171875	85.8675	63.8381	50.9804	78.1122	72.7289	28.8751	36.099	43.1487	381.536
-0.0183593	-0.0467528	0.525492	0.490907	3.04918	0.296192	84	66.6671	48.8588	78.0954	73	30.6005	35.1997	42.3995	381.601
-0.0217539	-0.0443945	0.536866	0.381849	3.14204	0.507548	82.3995	68.4008	47.8588	76.1908	73.889	32.7781	36	41.1997	381.662
-0.0256407	-0.0406792	0.526939	0.251125	3.01337	0.362073	80.3995	70.6005	44.4529	77.0512	75	35	35.1462	39.2193	381.723
-0.033182	-0.0450818	0.528024	0.152849	3.11421	0.286114	77.7774	72.2226	42.1025	75.6496	74.7137	34.1909	36	37.2219	381.776
-0.0356448	-0.0464548	0.534366	0.112176	2.96557	0.34785	76.111	71	39.9488	75	75	34.8724	36	37.1997	381.833
-0.0500861	-0.0484135	0.545709	0.0435694	2.9952	0.119127	73	73	37.3333	74	72	36.5	35	36	381.943
-0.0528888	-0.0517714	0.541494	0.0430172	-3.0319	-0.325107	72.2176	73	37.0216	71.3567	73.3532	35.6035	35.5367	34.9267	381.959
-0.0574956	-0.0453415	0.539526	0.0944758	-2.94644	-0.25577	70.3995	75.1997	36.1997	72	73.1671	37	36	35.9232	382.015
-0.059805	-0.0492941	0.543501	0.143288	-3.02607	-0.436956	69	74	35	70	74	37	35	35	382.12
-0.0633792	-0.045899	0.538319	0.113383	-3.04304	-0.422488	69.5603	74.4241	34.0404	70.9596	72.4982	37.466	33.6867	35.3427	382.137
-0.0625812	-0.0488946	0.540379	0.180479	-3.08572	-0.648424	68	73.1276	34	69.3995	73.7773	38.1671	33.6923	33.8459	382.193
-0.0661881	-0.053297	0.55486	0.153268	-3.07885	-0.353952	67.6462	73.2924	34	70	72.3504	37.2992	34.8091	34.0954	382.255
-0.0673969	-0.0560963	0.543037	0.151599	-3.10885	-0.274855	68.1997	73.1997	32.3845	69.4613	72.0557	36.5012	34	33.1276	382.314
-0.059448	-0.0520188	0.536519	-0.146811	2.99528	0.531355	68.7449	72.5102	33.6183	70	74	37	34.0731	33	382.38
-0.0614587	-0.052499	0.543389	0.16987	-3.06287	-0.449249	68.7449	73.4898	34	69.1997	73.7137	37.0954	34.8724	33.7449	382.439
-0.068409	-0.0533569	0.525974	0.119777	-2.9192	-0.36967	68.1997	74	34	69.889	71.4016	35	33	33.111	382.499
-0.0649946	-0.0518318	0.518034	0.104723	-2.8572	-0.376705	69.207	74.7347	34.7756	69.3828	71.9774	34.1285	33.2272	34.0773	382.518
-0.056361	-0.0536853	0.519589	0.0712558	-2.99993	-0.145217	71.7449	74	34.3827	70.7449	73.6659	34.1671	34.7781	34.3336	382.621
-0.05878	-0.0470972	0.530498	0.0810924	-2.91011	-0.51253	71.6005	74.1997	36.111	70.111	72.2863	36.5229	34	35	382.678
-0.0545359	-0.0524918	0.546018	0.0310252	-3.01009	-0.453827	71.6005	72.1997	37.8003	71	73	35.4906	34.8003	35	382.801
-0.049727	-0.0510544	0.527655	0.0264417	-2.99116	-0.370893	71.9871	72.9741	37.6442	71.6182	75.1901	33.6744	35.0633	35.6096	382.814
-0.052121	-0.0504085	0.543656	-0.0423224	3.10953	0.465562	71.8724	72.3827	37.2226	71.5555	73.6659	36.3051	34.889	34.7781	382.876
-0.0538693	-0.0443574	0.52594	0.0671793	-2.97782	-0.350193	72	75	36.5	72.5	73.5	36.5	35	35	382.931
-0.0499362	-0.0526805	0.536248	0.0409524	-3.06545	-0.468788	72.1025	72.2049	37.7449	71.2551	74.3726	35.1179	35	34.0731	382.998
-0.0499881	-0.0504962	0.537598	0.0402119	-3.07814	-0.306441	72.4898	73.1276	37	72	74.1966	35.588	35.7449	35	383.06
-0.0515284	-0.0497067	0.535325	0.0076001	-3.08283	-0.483661	72.6005	72.1997	37.1997	71.8003	73.706	35.294	34.1462	35.3538	383.113
-0.0522844	-0.0523146	0.521913	0.0346653	-2.92647	-0.232435	73	73.8003	37	71.8003	73	34	35.8003	34	383.243
-0.0522171	-0.0468022	0.523394	0.0181477	-2.94651	-0.403166	73	73.9565	37.439	71.9756	73.4445	34.889	34.3917	35.5648	383.257
-0.0460057	-0.0503682	0.523643	-0.0107987	-3.22483	0.0377425	74.889	74	36.1997	72.8003	73.5471	36.0942	35	35	383.321
-0.0510493	-0.0452337	0.53566	0.0396054	-2.93846	-0.32418	73.4269	74.7807	37.3077	71.3845	73.5094	36.1368	36	36.889	383.376
-0.0451791	-0.0524641	0.542144	0.00683827	2.8645	0.180756	72	73	38	73	73	35.6667	36	34	383.432
-0.0496737	-0.0419768	0.529858	0.0118209	-2.89045	-0.30593	73.6923	75.2309	38.6005	73.1997	73.0731	36.1462	36.1997	36.8003	383.493
-0.04703	-0.0422333	0.524833	-0.00940877	-2.97067	-0.235322	74.588	75	38	73.7781	73.889	35.6671	35.8886	37.0557	383.558
-0.044187	-0.0419316	0.528829	0.0147895	3.2019	0.303815	74.2479	74.5041	39	74.8003	74.3538	36.2076	36	36.1276	383.613
-0.0393414	-0.0402983	0.515193	0.0231165	3.05669	-0.0454967	76	75.6667	37	76	74.6667	37	36.5	36.5	383.681
-0.0395422	-0.0412675	0.513587	-0.0538979	-3.1371	0.101445	77.3538	75.6462	37.4269	75.1462	74.4445	36.4445	36	37.6005	383.738
-0.0402536	-0.0449085	0.516955	0.0666132	3.11961	-0.194164	76.5278	73.8063	36.9269	76	74.1997	36	37	37.2551	383.801
-0.0389644	-0.0371082	0.507546	-0.0293784	-2.97619	-0.0354426	77.889	77.111	38	75.1462	74.7449	36	37.1276	38	383.853
-0.038389	-0.0415299	0.485623	-0.0351211	-2.96834	0.239184	77.6667	76	36	76	76.3333	34.3333	37	38	383.922
-0.0363835	-0.0419427	0.495786	-0.0643239	-3.04422	0.233308	79	76	37	75.5	75	35	37	38	383.971
-0.0336778	-0.0409443	0.490217	-0.0646922	-3.03232	0.288767	80	76.5	37	76	75	35	38	38	384.03
-0.0320706	-0.0424777	0.499154	-0.0980906	-3.09663	0.22245	80.3333	75.6667	38.5	75.5	75	35	37	38	384.093
-0.0304901	-0.051839	0.498796	-0.0771809	-3.15631	0.589488	80.5731	72.9883	36.5555	73.4445	74.2863	36	39	37.1462	384.158
-0.0325859	-0.0533468	0.490838	-0.111764	-3.04493	0.654653	80.6183	70.9543	36	73.8724	75	35.2551	38.2193	38.3538	384.223
-0.0298488	-0.0557835	0.483441	-0.120102	-3.00968	0.784461	81.8003	70	36	72.1997	75.889	35.111	38	39.4269	384.28
-0.0318616	-0.0533675	0.490259	-0.126444	-3.081	0.807613	81.0731	70.3538	36	72.7449	75	36.889	37.2551	39.2551	384.343
-0.0317845	-0.0577363	0.482447	-0.134912	-2.9996	0.889334	81.8464	68.7691	35.1997	71.1997	75	35.5835	37.6667	39.9214	384.401
-0.0314867	-0.0580164	0.487297	-0.131428	-3.01415	0.919392	82.4269	69.2193	35	70.5555	73.3995	35.8003	39	40	384.458
-0.0333878	-0.056996	0.492497	0.106292	2.93108	-0.899677	80.8538	68.9269	35	70.8538	74.1997	38	37.7193	39.0731	384.523
-0.000520964	-0.0154608	0.00064457	-1.50866	0.0223247	-0.0522196	81.8685	68.4681	33.3096	69.1901	37.1414	39.5593	75.9575	36.0639	384.543
-0.0364843	-0.0639789	0.485734	0.128936	2.95089	-1.02659	81	65.5102	33.1997	69.3995	73.1997	37	38.2193	38.8538	384.599
-0.0336643	-0.0646723	0.483689	-0.0888501	-2.94897	0.996278	81	66.5	33.5	68.5	74.889	35.889	38.889	39.111	384.823
-0.0335441	-0.0746692	0.486355	-0.115626	-2.91519	1.20636	81.7824	61.8259	33.2198	64.3169	73.9227	36.7275	38.9982	39.0018	384.843
-0.0317992	-0.0839095	0.48481	-0.147102	-2.88469	1.21559	82.6274	58.9812	33.8538	62.1462	74	34.3329	39.1462	38.4269	384.903
-0.0292628	-0.0830916	0.475827	-0.154609	-2.88463	1.26453	83.5866	58.2266	33.9939	62.0061	74.9407	35.1255	38.5682	38.1072	384.923
-0.0325781	-0.0847329	0.475569	-0.153626	-2.88264	1.28774	82.9269	57.7193	33	61.1997	74.1025	35.1025	38.0731	37.9269	384.983
-0.0317938	-0.09099	0.484297	-0.13941	-2.84678	1.3485	82.7449	55.5102	33.2551	58.8724	74	35.3504	39.2992	37.7008	385.039
-0.0309552	-0.0949712	0.48841	-0.0943567	-2.82154	1.38879	82.1997	55	33.1462	56.3655	74.8538	35.1462	39.9269	37.9269	385.103
-0.0309756	-0.0954244	0.494165	0.116661	2.80149	-1.38552	82.1812	54.2194	33.8784	56.9785	74.5164	35.9856	39.8537	37.6338	385.122
-0.0293456	-0.0967432	0.490933	-0.115204	-2.87315	1.44101	83	55.5	34.4898	54.5102	74.4269	35.2807	39	37.8975	385.222
-0.0309137	-0.105085	0.488404	0.166149	2.72773	-1.47368	83.3817	49.9543	33.8724	53.1276	73.5984	35.1025	39.1462	37.0731	385.283
-0.0286506	-0.103435	0.476365	0.16877	2.74429	-1.48502	84.1884	49.2192	33.5572	53.7993	74.8332	35.0028	38.9104	36.7042	385.303
-0.031749	-0.107779	0.493277	0.157635	2.67526	-1.50936	83.1276	49.2551	34	51.1997	73.1462	35.9269	39	37	385.363
-0.0312513	-0.10733	0.479757	-0.136418	-2.75642	1.52333	83.0694	48.938	32.5951	51.5615	74.6779	34.2368	39	37	385.383
-0.0325803	-0.109513	0.488543	-0.121745	-2.75956	1.5544	82.6751	48.9963	32.4781	50.4049	73.5207	34.7422	39.8263	37	385.403
-0.0307699	-0.111033	0.488054	-0.127798	-2.74832	1.55261	83.0428	48.3107	32.9899	50.1417	74.0875	34.3076	39.9894	37	385.423
-0.0298365	-0.108881	0.476989	-0.195032	-2.76179	1.56501	84.8182	47.7154	33.2263	50.851	73.0918	34.0712	39.1074	37	385.443
-0.0291581	-0.110518	0.474669	-0.124371	-2.70153	1.60922	83.9352	46.3363	32.0607	49.0916	74.9598	34.8279	39.8469	37	385.463
-0.0311009	-0.114609	0.491651	-0.210222	-2.74393	1.58013	83.6539	46.1041	34.344	49.9562	73.0821	34.1479	39.0288	37	385.483
-0.0298983	-0.113168	0.486687	-0.182055	-2.73142	1.61501	84.1442	46.1711	33.6738	49.2175	73.2692	34.8497	39.6196	37	385.503
-0.0302067	-0.110094	0.474592	0.19275	2.6522	-1.58087	84.9586	46.1796	32.8786	49.4276	73.0162	34.9909	38.8245	37	385.523
-0.0312986	-0.115086	0.491903	-0.184404	-2.74496	1.63866	83.5946	46.2928	34.0386	48.1651	73.0004	34.9998	38.9882	37	385.543
-0.029305	-0.115599	0.491464	0.221547	2.64195	-1.5824	84.4218	45.0779	35.0734	48.852	73	35	38.9475	37	385.563
-0.0326108	-0.116916	0.496744	-0.208681	-2.73969	1.63014	83	45.5	34.5384	48.4928	73	34.871	38.4051	37	385.583
-0.0317964	-0.117388	0.49464	-0.209977	-2.74544	1.66197	83.4231	45.5	34.7531	47.3972	73	34.9956	38.1433	37	385.603
-0.0331037	-0.118841	0.497121	0.212991	2.63784	-1.59797	82.8779	44.439	34.5814	47.8566	73.006	34.8511	38.1341	37	385.643
-0.033591	-0.117125	0.490712	-0.174788	-2.72388	1.6165	82.8278	45.5772	33.0299	47.9973	73.0002	34.0236	38.9854	37	385.663
-0.0318724	-0.118481	0.484739	-0.169994	-2.70752	1.65485	83.5299	44.5774	32.8879	46.5364	73.4368	34.0008	38.9996	36.871	385.683
-0.0327112	-0.121408	0.488931	-0.175561	-2.6875	1.6794	83.1436	43.46	32.9978	45.587	73.2768	34	39	36.9976	385.703
-0.0335056	-0.120859	0.490826	-0.165077	-2.69643	1.6632	82.5682	44.0743	32.9999	45.9751	73.5987	34	38.703	37	385.723
-0.0318963	-0.123944	0.49967	-0.186699	-2.74332	1.6532	83.0958	44.5079	34.5854	45.8829	72.8485	34	38.9937	36.0212	385.743
-0.0342903	-0.124316	0.489073	-0.218035	-2.65851	1.70611	82.9269	41.2193	33.1536	45.0768	73	34	38.1462	37	385.803
-0.0334771	-0.126353	0.491773	-0.174314	-2.68364	1.70209	82.8959	42.0367	33.0032	44.1752	73	34	38.9727	36.032	385.823
-0.0307723	-0.125928	0.49042	-0.180953	-2.69086	1.7026	83.6045	42.1665	33.8451	44.2004	73.5949	34	38.9995	36.0006	385.843
-0.0325215	-0.127671	0.489739	-0.173385	-2.66928	1.72576	83.2005	41.2277	33.0508	43.2368	73.2813	34	39	36	385.863
-0.0329548	-0.126527	0.488055	-0.216767	-2.6657	1.72714	83.8575	40.7748	33.118	43.9749	72.1589	34	39	36.2968	385.883
-0.0345622	-0.13071	0.503634	-0.176697	-2.68043	1.71432	82.0516	41.5278	33.7857	43.3896	72.8301	34	39	36.0139	385.903
-0.034625	-0.128401	0.493349	0.200094	2.60326	-1.67693	82.9775	40.721	33.0148	43.9214	72.1509	34	38.9262	36.0001	385.923
-0.0339383	-0.126784	0.486581	-0.16414	-2.66234	1.72874	82.9992	41.2419	32.1552	43.153	72.984	34	38.9986	36.0907	385.943
-0.0340696	-0.12833	0.494033	-0.188971	-2.63511	1.74291	82.6429	40.3865	32.9797	43.1346	72.9997	34	39	36.9863	385.963
-0.0321549	-0.127155	0.485539	-0.212691	-2.63774	1.74657	83.9436	40.0161	32.9993	43.0972	72.7795	33.6717	39	36.9091	385.983
-0.0318948	-0.127309	0.483193	-0.197397	-2.64686	1.74471	84	40	32.7449	43	73	33.9488	39	36.1671	386.043
-0.0340818	-0.131602	0.494257	-0.178919	-2.6597	1.71908	82.5884	40.4384	32.993	42.5618	73	33.1087	39	36.007	386.063
-0.0321456	-0.129634	0.491096	-0.192211	-2.65759	1.74934	83.488	40.245	33.4365	42.5485	73	34.0568	39	36.0001	386.083
-0.0350309	-0.129508	0.49412	-0.185356	-2.66714	1.73246	82.415	40.792	33.0104	42.9893	72.8689	34.0014	38.4065	36	386.103
-0.0317388	-0.128997	0.486627	0.182328	2.60105	-1.71731	83.3606	39.4054	33.0002	42.9997	73.842	34	38.9785	36	386.123
-0.0316993	-0.129406	0.48745	0.206866	2.58789	-1.71254	83.8587	39.2423	33.3431	42.954	73.0202	34	38.9994	36	386.143
-0.0332249	-0.12965	0.482818	0.231535	2.59325	-1.7029	83.8224	38.8414	33.023	42.9969	72.7741	33.2682	38.0846	36	386.163
-0.037697	-0.135458	0.506566	0.18577	2.5905	-1.72387	81.2545	38.997	33.0004	42.153	72.1683	33.9889	38.9805	36	386.183
-0.0351804	-0.132541	0.497885	0.189328	2.60757	-1.71946	82.0476	38.9999	33	42.9712	72.9799	33.8689	38.9994	36	386.203
-0.0379185	-0.134603	0.506702	0.192218	2.60191	-1.71487	81.2277	39.1645	33	42.8334	72.0591	33.9921	38.9999	36	386.223
-0.0373274	-0.135008	0.505014	-0.19192	-2.63565	1.75567	81.5617	39.1368	33	42.0273	72.0029	33.9996	39	36	386.243
-0.0341372	-0.133294	0.492059	0.204378	2.57387	-1.70916	83.332	38.6656	33	42.0013	72.0001	34	39	35.1714	386.263
-0.0369902	-0.13604	0.504708	0.188107	2.59194	-1.74342	81.3088	38.1376	33	42.0001	72.6239	34	39	35.9955	386.283
-0.0364086	-0.136381	0.500132	-0.164947	-2.62611	1.75166	81.4864	38.8824	32.5774	40.9872	72.9661	33.1077	38.9989	36	386.403
-0.034053	-0.13204	0.496652	-0.154885	-2.64004	1.74694	82.016	39.9629	33	41.9948	73.7548	33.9965	38.9424	36	386.483
-0.0340412	-0.132904	0.49582	-0.160656	-2.62099	1.75339	82.0003	39.019	32.8883	41.888	73.865	33.9999	38.9993	36	386.503
-0.0363358	-0.134053	0.499837	0.214928	2.59471	-1.73468	82.0927	38.0346	32.9945	42.7743	72.1244	34	39	36	386.523
-0.0375156	-0.134885	0.504178	-0.194529	-2.63573	1.75663	81.4989	39.0739	32.9999	42.0146	72.1204	34	38.7403	36	386.543
-0.0368062	-0.134315	0.496062	0.182009	2.58153	-1.75036	81.8902	38.1257	32.1559	41.5138	72.4257	33.9331	38.9911	36	386.563
-0.036912	-0.133857	0.499175	0.206951	2.58932	-1.73223	81.9935	38.3373	32.7382	42.4849	72.0177	33.9972	38.8837	36	386.583
-0.0343349	-0.130967	0.494246	-0.14659	-2.64075	1.74181	81.9998	40.2148	32.5819	42.1639	73.7531	33.9999	38.9961	36	386.603
-0.0361927	-0.132276	0.501781	-0.171146	-2.6695	1.74997	82	40.9612	32.9944	41.9659	72.1071	34	38.9999	36	386.623
-0.0347673	-0.132362	0.496074	0.217986	2.57433	-1.71216	82.9672	39.0642	33.4218	42.421	72.0065	34	38.7071	36	386.643
-0.0362505	-0.132991	0.501585	-0.178219	-2.6522	1.72112	81.4497	40.109	33.1725	42.7815	73.1074	33.5774	38.5537	36	386.683
-0.0353524	-0.131122	0.492684	0.219355	2.58213	-1.71036	82.9079	39.0659	33.0083	42.818	72.0666	33.9746	38.4601	36	386.703
-0.0376036	-0.133609	0.506356	0.179545	2.60651	-1.70284	81.1788	39.8531	33.0004	42.9912	72.3147	33.9996	38.9926	36	386.723
-0.0331598	-0.132814	0.501486	-0.151258	-2.68501	1.71824	81.9594	41.114	33.9673	42.4978	73.9593	34	38.7417	35.156	386.743
-0.0329686	-0.127681	0.48634	0.213523	2.60957	-1.67903	83.7522	40.2227	33.0187	44.0378	72.5032	33.5633	38.8411	35.9841	386.763
-0.0363767	-0.128139	0.50405	-0.202288	-2.71313	1.68282	81.9395	42.6696	33.8456	44.846	72.03	33.9739	38.3782	35.9997	386.783
-0.033293	-0.12695	0.501284	-0.14422	-2.71808	1.67772	81.9989	43.8407	33.9021	44.2141	73.6945	33.9325	38.8542	36	386.803
-0.0351987	-0.123741	0.494378	0.184989	2.65183	-1.61514	82.2267	43.0349	33.1506	46.4315	72.9309	33.9977	38.443	36	386.823
-0.0328638	-0.124063	0.487821	-0.183628	-2.71596	1.67789	82.9785	43.001	33.5382	45.0398	73.7784	33.9999	37.8025	35.703	386.843
-0.036876	-0.120563	0.491239	0.206182	2.64902	-1.57326	82.3767	44.3104	33.0127	47.5073	72.073	34	37.5727	35.992	386.863
-0.0344826	-0.120374	0.490183	0.227736	2.672	-1.55549	83.1277	44.1834	33.776	48.4165	72.3061	33.3907	37.9406	35.9998	386.883
-0.0343992	-0.119322	0.494599	-0.209511	-2.77744	1.60781	83.0042	45.8241	33.9892	48.0201	72.0058	34.034	38.1528	35.846	386.903
-0.0347904	-0.117076	0.480801	0.181927	2.63805	-1.55952	83.5342	45.1188	32.2673	47.8296	72.0003	34.7317	38.0945	35.1063	386.923
-0.0337154	-0.113783	0.482607	-0.151957	-2.76811	1.58529	83.1108	47.2808	32.2414	48.8453	72.9505	34.2069	38.7175	35.9759	386.943
-0.0331262	-0.109531	0.481983	0.172629	2.70481	-1.42468	83.4445	49.6671	33.3336	51.7781	72.7449	34	37.8329	35.1671	387.038
-0.0364204	-0.11111	0.493636	0.189941	2.75182	-1.40342	82	49	33.4898	53.4898	72.2551	34	38	35	387.103
-0.0357571	-0.101582	0.481602	-0.114755	-2.90787	1.37927	82.0244	54.5123	32.0287	54.6144	72.859	33.8839	38	35	387.123
-0.0322578	-0.0987237	0.473687	-0.141461	-2.90545	1.39744	83.691	54.5658	32.5542	55.1871	72.9961	33.9968	38.1341	35.4235	387.143
-0.0363111	-0.0984118	0.481235	0.139946	2.80946	-1.31693	81.9291	54.062	32.0788	56.891	72.9999	33.9999	38.0081	35.8007	387.163
-0.00036208	-0.0120031	0.000812844	-1.47472	-0.0314528	-0.00103469	81	59	32.6378	58.6173	37.8538	34	74.3538	35.4269	387.223
-0.00135656	-0.0117612	0.000804968	-1.47617	-0.0066694	-0.0242227	82.4987	58.0321	33.9624	59.9618	37.0204	34.8451	74.0146	35.9763	387.243
-0.0338868	-0.0898164	0.497872	-0.118863	-3.03767	1.13651	81.2551	60.6173	34.8003	60.8003	73.1276	34.1276	38.0954	35.0954	387.3
-0.0368625	-0.081581	0.495874	-0.112818	-3.04686	1.02174	80.3827	63.3622	34.1276	63.8724	73	34	37.5555	35.889	387.361
-0.0362432	-0.0747212	0.495034	-0.055253	-3.1109	0.873321	79.6664	67.2226	34	65.8003	73.6005	34.1997	37.889	35	387.421
-0.0389334	-0.071132	0.499381	0.0675752	2.95963	-0.759129	78.7654	67.3622	34	68.1071	73.2551	34.8724	37.4269	34.9269	387.522
-0.0406132	-0.0623933	0.512195	0.0325435	-3.17935	0.6309	76.3827	71.7449	34	69	74.1997	36.6005	38	35	387.583
-0.0396823	-0.0579391	0.4976	0.0265307	2.97073	-0.651267	77.7138	71.141	33.5633	71.369	74.0095	36.9809	37.1717	35.7239	387.603
-0.0383978	-0.0598541	0.499185	-0.00902418	2.99464	-0.603155	77.0198	71.1957	33.9821	70.5103	75.7535	36.8069	37.0023	35.0097	387.623
-0.0420286	-0.0564953	0.508923	-0.00115283	2.98724	-0.487678	76.0608	72.117	33.9991	71.9263	74.1045	36.9885	37.0001	35.0004	387.642
-0.0405031	-0.0495656	0.50085	-0.0143811	2.98164	-0.391295	76.4269	74.8538	34	73.3336	74	37	37	35	387.703
-0.0411257	-0.04892	0.50601	-0.0392742	2.9432	-0.394252	75.7101	75.3866	34	72.6897	74	37.9732	37	35	387.723
-0.0474693	-0.04637	0.53075	-0.0299094	3.00726	-0.0879537	73.5731	74.0731	35.1462	73.2924	74.4445	38.5555	35.2049	35.9488	387.783
-0.0502833	-0.0461312	0.542322	0.067905	-3.17344	0.183259	72.6378	74.8724	34.8538	72.7924	73.8538	38.8538	37	37	387.883
-0.0483151	-0.0370518	0.529696	-0.0618957	3.12431	0.0014965	73.1462	76.9269	35.3845	75.0773	74	39	36.7449	37	387.94
-0.0508397	-0.0374396	0.537268	0.0855121	-2.9991	-0.436483	73.0954	75.8092	36.6155	72.3077	74	39.1276	35.8975	37	388.003
-0.0455932	-0.0379821	0.541533	-0.00687082	2.93887	0.208737	73	74.2551	36.7076	75.5	74	39	36	37.2551	388.058
-0.04789	-0.0366342	0.534797	-0.015922	3.03808	0.0317016	73	75.3827	35.5102	76.1276	74	38.8724	36.2226	37.889	388.163
-0.0487199	-0.0384644	0.538063	-0.0532748	3.01291	0.0529999	72.1114	75.4722	35.0954	75.3817	74	39	36.8003	37	388.215
-0.0463874	-0.0412595	0.54355	-0.0390561	3.01341	0.119994	72.6667	74.3333	36	74.6667	74.5	38.5	37	37	388.272
-0.048069	-0.041284	0.538634	-0.0500551	3.02795	0.0991141	72.9443	75.1671	35.8538	74	74	39	36	36.2551	388.336
-0.0502949	-0.0408548	0.538954	-0.068069	3.08847	0.433727	73.1114	74.2227	36.111	72.6664	74	39	35.2219	36	388.398
-0.0457113	-0.044451	0.54086	-0.0573377	3.04351	-0.0165892	73	75.111	36.0557	73.9443	74	38.2551	37.7807	35.9269	388.456
-0.0494006	-0.049156	0.546201	-0.0317119	3.06904	-0.0544974	72.4269	73.5	35.668	73.8092	73.1276	37.2551	37.6173	35.8724	388.515
-0.0463387	-0.0464987	0.539211	-0.0503515	3.07419	-0.0328607	73.2193	74.4269	35.8459	73.4618	74.3336	37.889	37.2992	36	388.575
-0.0483495	-0.0474897	0.535775	0.0273325	-3.0316	-0.0593845	72.9543	74.0954	37	73.6667	74.1997	36	37.2551	36.2551	388.641
-0.0447078	-0.0478559	0.538297	-0.0385647	3.05317	0.151504	73.3995	73.1997	36.2551	73.1276	75.1997	37	36.7691	35.6923	388.702
-0.0480328	-0.0487827	0.532199	0.0946632	-3.0513	-0.184175	73.1997	74.8003	36	71.1908	75	36.6392	36.8886	35	388.762
-0.0443121	-0.050077	0.542157	-0.023739	3.00833	0.0597315	73.5	73.5	37	73	74	37	37	35	388.803
-0.0441406	-0.0453254	0.535587	-0.0317537	3.02341	0.140474	73.1276	73.8724	36.4016	74.1967	74.889	37	37	35.7449	388.817
-0.0401562	-0.0507196	0.540596	-0.0131098	2.88393	0.103094	73.3995	73.3995	38.2547	73	74.1997	37	37	34.111	388.876
-0.0367134	-0.0484557	0.518267	-0.000124513	2.869	-0.0498207	75.1276	74	37.5	73.8538	75	37.4445	36.111	33.7774	388.933
-0.0461571	-0.0497454	0.530244	0.0708154	-3.03055	-0.319241	74	74	37	71	75	36	36.5	34.5	388.993
-0.0448987	-0.0492848	0.530925	-0.0106797	3.01547	0.33863	74	72	36.3333	72.6667	75	36	35.3333	35	389.055
-0.0439017	-0.0495718	0.519323	-0.0118515	3.04448	-0.136805	74.5471	73.9488	35.2193	74.1345	74	36.1997	37	34.8003	389.117
-0.0467981	-0.049803	0.514697	-0.0423043	3.05411	-0.228708	73.8003	74	33.5299	74	74	36.8003	37.0768	34.6155	389.175
-0.0512112	-0.0510183	0.529102	0.0709086	-3.09164	-0.103921	72.5992	74.1997	35.2309	71.8464	74.0731	35.9269	36.0731	34.5	389.237
-0.0457264	-0.0532829	0.530038	-0.0293304	3.02792	-0.0785824	73.8538	74	35.7846	72.4906	73.1997	36	37	34	389.296
-0.0514043	-0.0563604	0.54193	0.0650823	-3.11407	-0.0252855	73	73.4016	35.6005	70.1997	73.3995	36	36.4269	34.5731	389.357
-0.0380142	-0.0486744	0.529858	-0.0119352	2.80254	0.0410838	73.6667	73.3333	37	74.3333	74	37	38	34	389.412
-0.0449086	-0.0511293	0.532077	0.0033434	2.8958	0.0865298	73	73	36.5278	73.6392	73.2784	36	36	34.0512	389.513
-0.0502865	-0.0515118	0.534954	0.0774225	-2.9987	-0.384275	73	73.5	37	70.5	74	36	36	34	389.583
-0.0446693	-0.0513946	0.520419	0.0556241	-3.1217	-0.118718	73.8003	73.8003	36	72.4274	75.5731	35.1462	36.5555	34	389.695
-0.041257	-0.0520128	0.536827	0.0275515	-3.14055	-0.201497	75	72.9269	37.7773	71.6949	75.4269	35.9269	37	34.889	389.757
-0.044232	-0.0541219	0.522294	-0.0267238	3.0631	-0.234594	74.6005	73.1997	35.0205	72.3726	74.4445	36.3336	37	34.8003	389.823
-0.0377232	-0.057663	0.52381	0.00442781	2.96267	-0.20071	75.8003	72	36.7691	72.0773	74.889	36	37.2551	33.7449	389.873
-0.0376519	-0.0526549	0.529059	-0.00766656	2.95848	0.00827726	74.8003	72.3995	36.9046	73.6183	75.2219	35.889	38	34.111	389.937
-0.0377154	-0.0558373	0.519184	0.0281695	2.99708	-0.11989	76.2346	72.2551	37.1937	72.6949	75	35.1997	36.4269	34	389.998
-0.0410369	-0.0556355	0.505825	0.0152395	3.15651	-0.334295	76.1276	72.1276	35.1997	73.1997	75.4445	34.5555	37.2551	35.2551	390.056
-0.0258985	-0.0475458	0.51446	0.110269	2.74227	0.116327	76.5731	72.1462	41.6173	76.2346	75.1276	35.1276	37	34.4445	390.114
-0.000726073	-0.0194502	-0.000266142	-1.51153	0.0300677	-0.0587487	76	72	40	74	39	35	74	33	390.231
-0.0299668	-0.0527032	0.533196	0.0974741	3.11898	0.393969	78	71	42.5	73	76	34	37	35	390.289
0.00272393	0.0194664	0.000404975	0.0974753	2.09396	2.22255	79	70	43	76	37	35	74	33	390.349
-0.0102007	-0.0552787	0.53663	0.263963	2.59927	0.139412	79	67	48.4447	76.8033	74.5555	34	40.2346	36	390.415
0.0033121	0.0189968	0.000491858	0.173528	2.06084	2.19123	79.1997	67.1997	48.8091	76.7634	40.7076	34.8538	74	33	390.483
0.00293695	0.0178763	0.000467226	0.152357	2.07547	2.20231	78.229	67.0095	50.147	75.1351	42.8142	35.8416	73.7728	34.6912	390.503
-0.00176717	-0.0607232	0.545014	0.230925	2.39261	0.148361	77.5555	66.5555	51.2309	75.6923	73.5726	33.7137	45.4898	34.2551	390.603
0.0013368	-0.0608554	0.554863	0.235832	2.35773	0.195271	77.0329	66.0329	52.4978	75.6434	73.9916	33.9944	46.8623	34.9794	390.623
-0.000378018	-0.0643485	0.559346	0.242207	2.38793	0.105032	77.7819	65.2213	52.2084	75.0808	73.2679	34.7315	46.0201	34.0875	390.643
-0.000216577	-0.0610223	0.562275	0.265445	2.28975	0.212297	75.477	65.1821	53.9391	75.9688	73.0977	34.3074	46.9546	35.6879	390.663
0.000645292	-0.0641943	0.569951	0.262868	2.30085	0.202172	75.8034	65.0088	53.9975	75.0398	73.0066	34.0206	47.4225	35.5037	390.683
0.00342534	-0.0633685	0.55695	0.257738	2.2371	0.229344	75.3753	65.0003	54.7797	75.6111	73.1716	33.392	48.7742	34.841	390.703
0.00290875	-0.0678119	0.571478	0.255566	2.23854	0.222305	75.0126	64.0336	54.994	74.5782	73.0083	33.7993	48.9936	34.5575	390.723
0.00548752	-0.0662045	0.571258	0.264352	2.20658	0.22847	75.0006	64.0017	55.9587	75.0962	73.0004	33.9903	49.9762	34.9895	390.743
0.00572684	-0.0658865	0.558748	0.228076	2.17488	0.190969	75	64.9518	55.5607	75.0027	72.5617	33.9035	50.9113	33.4155	390.763
0.0036202	-0.0652788	0.559959	0.250124	2.13175	0.230715	73.8001	64.0312	55.9897	75.6727	72.0188	33.9039	50.933	34.0489	390.783
0.00670414	-0.066641	0.568948	0.240606	2.1105	0.211425	73.9944	64.0968	56.8712	75.1161	71.9078	34.3407	52.438	34.0008	390.803
0.00525103	-0.0680666	0.57159	0.261628	2.14041	0.150545	74.7317	64.231	56.9957	74.66	71.2162	34.3554	51.0545	33.9094	390.823
0.00550427	-0.0700447	0.576912	0.226417	2.09736	0.208007	73.0857	64.0114	56.9997	74.0394	71.8543	34.2416	52.5907	33.5602	390.843
0.00718063	-0.0693371	0.575851	0.243906	2.06378	0.176247	73.0023	64.0003	58.4692	74.3503	71.427	34.5222	52.9903	33.567	390.863
0.00559875	-0.0654115	0.566071	0.258041	2.05745	0.231886	73.0001	64.4368	57.5749	75.4201	71.1071	33.5812	52.9996	34.7138	390.883
0.00414329	-0.0695973	0.585565	0.253607	2.04581	0.221085	72.0595	64.026	57.99	74.0991	70.7773	33.9829	53.1338	34.8606	390.903
0.0055354	-0.0686927	0.570604	0.245678	1.99758	0.178405	72.0016	63.5624	58.9391	74.9457	70.2582	34.7337	53.9478	33.1121	390.923
0.00600549	-0.0718376	0.574876	0.255942	1.98873	0.20477	72.0001	63.809	58.998	73.9147	70.005	33.1674	54.5566	33.5597	390.943
0.00649917	-0.0730473	0.582821	0.257373	1.98757	0.21823	72	63.5565	59	73.5749	70.0003	33.1747	54.9894	33.9895	390.963
0.00448165	-0.074373	0.589454	0.222356	1.96664	0.230916	71.0186	63.1646	58.2682	73.2506	69.8659	33.9844	55.7139	33.4463	390.983
0.00643417	-0.073053	0.58531	0.252377	1.9197	0.172953	70.9351	63.004	60.56	73.8588	69.0522	34.6098	55.9931	33.1416	391.003
0.00670933	-0.0730375	0.588383	0.235839	1.90897	0.243107	70.0139	63.0122	60.0009	73.7671	69.9405	33.9749	56.941	33.9208	391.043
0.00496803	-0.0726544	0.583772	0.234012	1.89167	0.20925	70.0003	63.0003	60	73.9935	68.9508	34.423	56.8448	33.1714	391.063
0.00596241	-0.0708531	0.576863	0.217965	1.87091	0.211302	70	63.9624	60	74.0927	68.7813	34.042	57.8884	33.0949	391.083
0.00244541	-0.074289	0.602171	0.226679	1.86847	0.196429	69.2245	63.2223	60	73.1296	68.0212	34.974	57.1536	33.8435	391.103
0.0032217	-0.0726918	0.588202	0.260331	1.84717	0.209709	69.0057	63.0056	60.9664	73.9708	68.0013	34.0588	57.0107	33.9891	391.123
0.00193358	-0.072716	0.590349	0.245366	1.85759	0.222661	69.0003	63.0003	60.0325	73.9062	68	34.2345	57.0001	33.9999	391.143
0.00401626	-0.0757398	0.603535	0.241805	1.84516	0.202801	69	63	60.9423	72.8892	68	34.4279	57.7303	34	391.163
0.00425832	-0.0727171	0.588525	0.249853	1.83275	0.224326	69	63	60.8818	73.9636	68	34.0102	57.9941	34	391.183
0.00617017	-0.0739638	0.592598	0.264854	1.83237	0.198364	69.4383	63	61.8445	73.5759	67.9073	34.0003	57.999	34	391.203
0.00351883	-0.0758059	0.600142	0.250638	1.82911	0.2053	69	63	61.0021	72.9567	67.4488	34.0081	58	34	391.243
0.00392717	-0.0738428	0.592985	0.269495	1.80944	0.189357	69	63	61.8452	73.6166	67.0076	34.0922	58	34	391.263
0.0045413	-0.0755845	0.599065	0.271209	1.79183	0.180484	68.1097	63	62.9428	73.0305	67.4222	34.067	58	34	391.283
0.00369142	-0.0757167	0.599449	0.260693	1.81349	0.193788	68.7352	63	61.7043	73.0005	67.2581	34.0011	58	34	391.303
0.00239098	-0.0748047	0.586792	0.2532	1.78746	0.183209	68	63	62	73.439	67	33.9997	58	33	391.383
-0.000566607	-0.0747805	0.587412	0.234107	1.79706	0.20555	68	63	60.3096	73.433	66.5618	34	58	33	391.403
0.00383321	-0.0764839	0.592657	0.25826	1.80601	0.165562	68.9869	63	61.9967	72.8846	66.8459	34	58	33	391.443
0.00390804	-0.0761406	0.591446	0.256804	1.80596	0.169733	68.8832	63	61.9999	72.9961	66.9971	34	58	33	391.463
0.00250097	-0.0815104	0.608204	0.257161	1.79776	0.181707	68.1163	62	62.0006	71.8871	66.9807	33.9999	58	33	391.963
0.00217163	-0.0784389	0.586442	0.272329	1.85955	0.144514	69.889	62.111	61.1909	72.9046	67	34	56	32	392.083
0.00115671	-0.0784805	0.57519	0.242977	1.8317	0.146964	69.0164	62.1563	61.0095	72.9952	67	34	56.5546	30.5998	392.103
0.00135254	-0.0777466	0.568117	0.273983	1.85156	0.157288	69.8003	62	60.8886	73.4722	66.889	33.111	55.8091	31	392.163
0.00216914	-0.0837471	0.590294	0.252912	1.86901	0.123371	69.9971	62.5712	60.9953	71.1032	67.0443	33.094	55.9963	31	392.183
0.0034918	-0.0786513	0.57876	0.242392	1.87598	0.134872	69.9998	62.8097	60.9477	72.505	67.8732	33.7844	55.9999	31	392.203
0.00169198	-0.0782412	0.578931	0.240319	1.8954	0.123273	70	62.9948	60.4315	72.4744	67.8659	33.9949	55.0629	31	392.223
0.00132289	-0.0777146	0.574926	0.247618	1.89845	0.150888	70	62.2679	60.0262	73.1323	67.9968	33.9344	55.0042	31	392.243
0.0018508	-0.076436	0.57199	0.25094	1.90557	0.146061	70.3915	62.4421	60.0007	73.4419	67.9998	33.996	54.9039	31.0962	392.263
0.00125532	-0.0770996	0.572708	0.251149	1.92169	0.12126	70.5616	62.985	60	72.9046	68	33.8074	54.1525	31.0023	392.283
-0.00248396	-0.0767483	0.569709	0.264498	1.96478	0.0991668	70.8091	62.9991	59.0495	72.9953	67.8351	33.8236	51.8909	31.0001	392.303
0.00206724	0.0180287	0.000619784	0.210892	2.03417	2.1884	70.9908	63	58.6593	72.9036	52.4565	30.4004	68.9072	33.1402	392.323
-0.00246896	-0.0745007	0.570282	0.236034	2.04671	0.107379	72	64	57	73	69	34	51	31.5	392.423
-0.00427583	-0.0723749	0.556578	0.240622	2.05472	0.118221	72	63.8259	56.2675	73.9609	69	33.8259	50.0391	31.0196	392.443
-0.00393862	-0.0735018	0.557051	0.240723	2.1176	0.148856	72.8538	63.9269	55.111	73.5555	70	32.889	49.1997	31.3995	392.503
-0.00745626	-0.0744396	0.556711	0.221252	2.19312	0.148331	73	64	53.2193	73.0731	70.889	33	47.1462	31	392.563
-0.0106649	-0.07137	0.547882	0.206019	2.29214	0.130348	74.7076	64.8538	50.2219	73.5555	71	33	45.3827	31.1276	392.621
-0.0154668	-0.0701482	0.53729	0.208495	2.31537	0.167124	74.1997	65	48.5726	74	70.8724	32.1276	43.5726	31	392.683
-0.0188867	-0.0652547	0.518515	0.19006	2.36871	0.209211	74	66.6005	46.3995	74.8003	71.8003	31.1997	41.3827	31	392.743
-0.0247166	-0.0699525	0.538041	0.175355	2.44372	0.137177	74	66.0195	45.0655	73.1651	71.1179	32.4169	40.2784	31	392.763
-0.0245114	-0.0683621	0.526705	0.204035	2.46731	0.104741	75	66	45	74	71	32	39	31	392.81
-0.0289954	-0.0668345	0.513849	0.171968	2.49513	0.167491	74.5731	66.5	42	74.3333	71	31	38.1462	30.2924	392.86
-0.0395414	-0.0793318	0.570128	0.125983	2.77031	0.235012	73	66.5	42	69	72	31	37	32	392.913
-0.0377457	-0.0670303	0.520827	0.128144	2.71184	0.13885	74.111	68.3336	40.1345	72.2807	72.6005	31.8003	34.3995	30.8003	392.973
-0.0496853	-0.0670745	0.505797	0.0893374	2.99037	-0.0221054	74.8724	69.7449	35.2992	71.2992	72	31	32.1997	31.1997	393.094
-0.0567908	-0.0683746	0.512264	-0.00480748	-3.00775	-0.34857	73.889	70	35	68	72	30	32.3538	31	393.16
-0.0530596	-0.0668399	0.50423	0.0479741	3.10979	0.235408	74	69.5555	34.8724	70.3827	72.889	29.889	31.7449	30.7449	393.214
-0.0526873	-0.06913	0.492072	0.0784124	3.06123	-0.155261	74.7449	69.2551	33.1179	71.1179	72.2863	30.0954	31.8034	31	393.277
-0.0496185	-0.0724215	0.490764	-0.0524793	-3.22225	0.163646	75.4898	69.8724	33.6392	69	73	29.8003	32	30	393.38
-0.0506858	-0.0659746	0.484904	-0.00547995	-3.14668	-0.0972765	75.1997	71.8003	33.706	69.9214	73.1997	29.8003	32	29	393.443
-0.0545777	-0.0655545	0.491741	-0.00992605	3.11805	0.285022	73.1753	71.0149	33.992	70.2909	72.8982	29.9971	31.3817	28.3817	393.463
-0.0545306	-0.067334	0.495966	-0.0320445	-3.10995	-0.18195	73.9103	70.4075	34.4213	70.4676	72.2423	29.269	31.8612	29.6367	393.473
-0.0482408	-0.0695688	0.488626	0.0745363	2.87525	0.0584437	73.9845	69.2433	34.0459	71.8331	72.0545	29.0605	31.9828	28.2024	393.483
-0.0480239	-0.0694789	0.482375	0.066131	3.05421	-0.0121797	75.7449	69.5102	33.8724	70.6173	73.8003	29	31.2863	29.4274	393.559
-0.0412887	-0.0695035	0.487868	0.0887772	2.92463	0.0860874	76	69	36.1276	71.5102	73.9269	29	32.5	28.5731	393.617
-0.0460437	-0.0646151	0.487497	-0.0214447	-3.11197	-0.220631	75.0731	70.6345	35.332	71.0954	75.1276	29	33	29.8538	393.679
-0.0425342	-0.066268	0.49211	0.0554257	3.10361	0.174461	76	70	36.4016	71.4016	74.889	29	33.5555	29.889	393.743
-0.0363921	-0.0595516	0.47548	0.106655	2.87081	0.102311	76.8886	69.8886	35.9046	74.9503	74.8003	29.8003	33.111	30	393.799
-0.0423541	-0.0642295	0.488316	-0.0622586	-3.11471	-0.149929	76.8003	71	36.8975	71.8463	74.1997	29	33.7807	29.9269	393.854
-0.041931	-0.064097	0.494513	-0.0464233	-3.07184	-0.35853	77.332	70.2366	37.4165	70.1114	74.8724	29.7449	33.1997	30.1997	393.917
-0.0385386	-0.0652857	0.487692	0.0547616	3.08328	0.212972	77.0768	70.1541	37	71.2562	75.8538	29.1462	33.5835	29.5835	393.978
-0.0318933	-0.0613808	0.486644	0.0903693	2.94426	0.16854	77.7137	71	38.9607	72.8821	75.8724	30	34	29.889	394.036
-0.035813	-0.0673202	0.491272	0.0503441	3.00864	0.129211	77.3417	70.0221	37.3756	70.7242	75.9959	30	34	29.0617	394.073
-0.0376231	-0.0687404	0.481248	-0.0943212	-3.14255	0.0764806	78.3336	69.111	36.3608	71.4165	76	28.2924	34	30.889	394.134
-0.0398179	-0.0649478	0.500072	-0.048302	-3.04258	-0.438673	76.5	69.5	38.5	70	76	29	34	31	394.192
-0.0310996	-0.0649632	0.490243	0.134009	2.9485	0.0841583	78.7781	68.4445	38.7449	73	76	29.8724	34	30.8003	394.301
-0.0275129	-0.0630715	0.490657	0.146067	2.92631	0.150235	78.9763	69.2383	40.1944	73.6083	76	29.1949	34.9152	30.9831	394.313
-0.0323392	-0.065952	0.494482	0.172981	3.04868	0.187892	79.1276	67.7654	39.6102	72.8329	75.6923	28.0768	33.9488	32	394.377
0.00220984	0.0204014	0.000650291	0.0893411	2.06843	2.25192	80	68	40	71	35	31	76	26	394.432
-0.0280651	-0.0664241	0.483747	0.270362	2.94429	0.199066	81	66	41.6667	74	75	27	32	32	394.493
-0.027317	-0.0615953	0.492234	-0.318548	-3.01679	-0.55589	83.4898	65.5102	43.8091	72.6183	74.3827	26.8724	32.4016	34.9488	394.553
-0.0209154	-0.0597676	0.492193	0.445372	3.09052	0.323336	85	65	46.5	75.5	74	26	33	37.5	394.613
-0.010026	-0.0555593	0.481842	0.526423	2.89244	0.258663	86	64.5	50	79	74	25	34	39	394.675
0.00918481	0.0195232	0.000750582	1.58396	1.01233	-1.49157	88.6005	61.3995	33	40	54	81	72.8003	24	394.735
-0.00129272	-0.0622465	0.505286	0.706439	2.90998	0.268753	88.8003	59.3995	55.1117	77.6664	73.111	25	35.3538	42.3538	394.797
0.000972695	-0.0614125	0.504541	0.811	2.968	0.498945	89.9269	58.2924	57.6173	76.7654	72.1997	23.1997	35.4898	44.3622	394.853
0.0125943	-0.0585541	0.495997	0.934522	2.86356	0.433152	92.5555	56.111	61.9503	78.6183	72.1276	22.7449	36.8003	47.4008	394.917
0.0175051	-0.0606618	0.508416	1.05938	2.89441	0.340393	94.4165	53.8619	65	78	70.889	23.889	37.8329	49.4432	394.98
0.0208462	-0.0574999	0.493883	1.15956	2.88548	0.563002	95.8003	52.3995	67.2807	77.8538	70.1997	22.1997	38	51.4898	395.035
0.0251519	-0.0681256	0.496437	-1.231	-2.87802	-0.262	96.8886	49.3341	69	78	69	20.2551	40.332	51	395.1
0.039092	-0.0699935	0.50803	1.34266	2.74285	0.342865	97.7449	48.1276	75	76	68.5555	20.5555	43.2226	53.5555	395.161
0.042093	-0.0710304	0.497989	1.3632	2.61663	0.157116	98	47	77.9883	75.8655	68	21.2551	42.6155	54.6155	395.221
0.0454768	-0.0741641	0.498058	1.52316	2.63208	0.330074	98.8003	41.5992	79.2346	75.5102	67	20.2551	44.7449	56.6173	395.283
0.0518031	-0.0738021	0.5086	1.68685	2.68108	0.456482	100.49	40.1276	82.3336	73.111	66.1462	21.7807	46.4008	58.6005	395.339
0.0564084	-0.0791113	0.507655	1.73843	2.49761	0.466158	98.889	37.2219	84.4898	72	64.7193	20.7193	49.2226	60.3336	395.397
0.0543383	-0.080404	0.512676	1.83124	2.50666	0.156304	98.5835	35.6949	86.6005	72	62.8063	23.1381	49.111	61.4445	395.455
0.0612803	-0.0804915	0.50893	1.85527	2.42318	0.316835	98.6667	34.6667	89	70	64.5	23	49.3333	63	395.511
0.0666851	-0.0843926	0.504119	1.87026	2.32272	0.456594	98.3995	33	89.8003	69.1997	64	21.1462	52.7076	63	395.573
0.0194093	0.00419493	0.000910845	1.17421	1.38638	1.38256	101	34	91	67	53	65	61	19	395.673
0.0686965	-0.0813225	0.497696	1.9996	2.33018	0.486266	100	32	92	68	62	22	54	65	395.73
0.073721	-0.0837757	0.529001	2.16841	2.37241	0.535517	99.5	31	93	66	61.6667	26	56	65	395.791
0.0727491	-0.0849108	0.501198	2.11177	2.21725	0.502455	99.0731	29.2193	93.8003	66.1997	59.8724	23.1276	57.8538	66.2807	395.855
0.0744256	-0.0892441	0.523453	2.20425	2.25295	0.36087	98	28	95	65	60.5	26	57.5	66	395.913
0.0781059	-0.0847982	0.525472	2.20692	2.16067	0.525871	97	28	95	65	61.2924	27.4151	59	67.5984	395.975
0.0783608	-0.0877073	0.5131	2.18144	2.18131	0.419221	98.1908	27.6183	96.1997	64.8003	61.2154	25.4513	58.5555	67	396.037
0.081013	-0.083931	0.522805	2.25491	2.13328	0.652539	98	27.6667	95	64	60.6667	27.6667	61	68	396.092
0.0749084	-0.0833613	0.52526	2.27589	2.19162	0.381298	97	28	95.8003	65.1997	59.1997	28.4008	59.111	68	396.158
0.074735	-0.0868459	0.533449	2.30905	2.25775	0.151143	97.5	28	96.5	65	59	29	59	67	396.209
0.0809146	-0.0931632	0.534835	2.20038	2.17778	0.183385	97.5	28.5	97	64	60.5	27	60	66	396.251
0.0756695	-0.0841342	0.516565	2.34605	2.19473	0.425678	98	27	97	64	58	28	60	68	396.362
0.081359	-0.0894879	0.521338	-2.17571	-2.10723	-0.396585	99.4679	27.423	97	63.882	59.2809	26.1336	61.1336	66.2584	396.38
0.0764458	-0.0888849	0.520655	2.26494	2.20384	0.282767	98.0768	27.6155	97	64	59.0393	26.8821	59.1537	66.9488	396.438
0.0767482	-0.0838805	0.528043	-2.08221	-2.01029	-0.387071	99	29	97	64	58	28	60	66.5	396.491
0.0804339	-0.0915693	0.526007	2.20711	2.13234	0.326156	97.1276	27.8724	97	63.3845	60.4722	26.4165	60	67	396.556
0.07963	-0.088333	0.536398	2.2885	2.24425	0.301722	98.1908	28.6183	96.5	64.4269	59.706	27.9607	60	66.4445	396.617
0.0770365	-0.0827261	0.501221	2.25557	2.17788	0.583738	99	26	96	65	60.3333	26.3333	59	68	396.671
0.0815348	-0.0852648	0.508013	2.23631	2.15189	0.532894	99	27	97	64	61	26	60	68	396.73
0.0770728	-0.0849506	0.540083	-2.1544	-2.05086	-0.249822	97.3817	27.6183	96.3827	64.8724	59.1909	30.1412	60	67.2863	396.796
0.0810136	-0.0888353	0.521442	2.22945	2.16388	0.364431	98	27.5278	97.0731	64.1462	60.6667	26.6069	60	67.1997	396.855
0.0814295	-0.0896384	0.527878	2.27391	2.24793	0.295743	98.8975	27.1967	97	64.5992	61	27.2551	59.6923	66.3845	396.916
0.0802477	-0.0859502	0.528863	2.26595	2.18207	0.466392	97.7634	27.9046	96	64.4165	60.4722	27.8329	60.111	67.4445	396.973
0.0778909	-0.0827559	0.531892	-2.11496	-2.04441	-0.490573	98.5	28	95	65	59.6667	29	60	67	397.039
0.0747916	-0.0921585	0.545309	2.25659	2.37054	-0.369444	97	28	96	66	62.5	29	59	66	397.092
0.0748816	-0.081673	0.514782	2.19099	2.26646	0.318575	99	29.5	95.5	67	60	26.5	58	67	397.149
0.075741	-0.0782746	0.52121	-1.97008	-2.02899	-0.538386	101	30	94	66	59.6667	27.6667	59	66	397.211
0.0723193	-0.0734481	0.530128	-1.94536	-2.03696	-0.511536	99.8538	31.8538	93.5555	66.889	59.6923	29.4613	57.2863	66.2863	397.275
0.0720542	-0.0722916	0.513766	-1.90257	-2.03721	-0.600706	101.667	31.6667	93	67	60	28	57	66	397.329
0.0725449	-0.0730631	0.52467	-1.91306	-2.01114	-0.639029	100.639	31.8329	92.8003	66.1997	60.1179	29.294	57.111	66	397.394
0.0717063	-0.0696327	0.533119	-1.86285	-1.97295	-0.580825	100.5	33.5	92.3333	67	59.3333	30.3333	58	66	397.45
0.0729583	-0.0661581	0.527119	-1.90619	-2.03006	-0.716305	100.667	33.3333	91.5	67.5	61	31	57	67	397.511
0.0660619	-0.0562221	0.517063	-1.76013	-1.90744	-0.795487	101.8	36.1997	90.2551	67.8724	59.1462	33.7193	55.8538	66.4269	397.623
0.0681872	-0.0602384	0.540678	-1.7631	-1.9626	-0.682354	100.392	37.6083	90.057	67.9715	59.7716	32.4598	56.6934	66.1142	397.633
0.0646463	-0.0530131	0.534302	-1.69788	-1.89512	-0.774104	100.445	39.4445	90	68	59.3995	35	55.1462	66	397.703
0.0661664	-0.0494708	0.525453	-1.66352	-1.87688	-0.812822	102.073	40.7427	89.5774	67.8688	59.4491	35	56.0444	66.6079	397.723
0.0656764	-0.0528398	0.527714	-1.69089	-1.89439	-0.848189	101.395	39.2556	89.5019	67.5089	59.9672	35	55.1571	66.0809	397.743
0.0637793	-0.0495734	0.519816	-1.63428	-1.82165	-0.823518	102.111	40	90	68	58.6664	36.3336	55.2924	65.1462	397.803
0.0660075	-0.0522628	0.527628	-1.65232	-1.84172	-0.88363	102.007	39.8349	89.0491	66.8783	59.5908	36.0198	55.8833	65.5344	397.823
0.0648482	-0.0490164	0.537345	-1.61916	-1.79717	-0.862613	101.033	41.8126	89.1738	66.8227	58.9031	37.5861	56.0889	65.5476	397.843
0.0659486	-0.0469291	0.526504	-1.63529	-1.78113	-0.89476	101.952	41.0402	89.8813	66.9952	58.9981	38.3485	56.0021	65.9237	397.863
0.0679427	-0.0445111	0.525764	-1.61023	-1.74147	-0.935411	102.872	42	89.5731	66.5731	59.0731	39.7076	57	66	397.923
0.065626	-0.0458026	0.53001	-1.61477	-1.72629	-0.936652	102	41.9269	89	66	58.1997	39.8003	57.111	66	397.983
0.065103	-0.0423463	0.51881	-1.60116	-1.70043	-1.00756	102.732	41.997	89.4384	66	58.5977	41.5322	56.0184	66	398.003
0.0688363	-0.0443519	0.531229	-1.58175	-1.68942	-0.984215	102.875	43.0823	89.191	65.2245	58.9848	41.1108	57.6843	65.7768	398.023
0.068176	-0.0430812	0.534276	-1.58201	-1.63122	-1.04573	102	43	89.7449	64.5102	59	43.7807	57	65.4445	398.083
0.0692926	-0.0421407	0.543071	-1.58598	-1.64039	-0.964815	101.033	43.3483	90.9758	65.8374	59.1134	43.7641	56.8688	65.0105	398.1
0.071053	-0.0450965	0.544199	-1.56018	-1.62284	-0.989168	102	44	90	64.1908	59	42.8724	58.332	65	398.163
0.070027	-0.0397878	0.542505	-1.52578	-1.56813	-1.04118	102	45.7297	90	64.0065	58.7678	45.6633	58.0065	65	398.183
0.0688253	-0.0390822	0.542849	-1.5038	-1.55653	-1.01979	101.767	46.4931	90	64.2323	58.2579	45.7566	58.0002	64.5774	398.203
0.0687819	-0.0405902	0.556292	-1.5355	-1.55426	-1.00033	100.258	45.8537	90	64.2399	58.1247	45.9918	58.2199	64.7018	398.223
0.0697889	-0.0389053	0.547576	-1.50866	-1.54251	-1.05545	101.491	46.2956	90	64.0119	58.786	46.9502	57.8523	64.4281	398.243
0.0720321	-0.0396848	0.56151	-1.48349	-1.52642	-1.04293	101.111	47.5555	89.5555	63.5555	59	47.1276	58.9269	64.0731	398.303
0.0678893	-0.036708	0.560366	-1.45823	-1.52356	-1.0352	100	48.8538	89.889	64	58.5731	47.6462	57.3329	64	398.363
0.0691574	-0.0339471	0.555187	-1.46623	-1.45085	-1.1567	101	48.2551	89.1462	63.0731	58.7449	51.6173	58	64	398.423
0.0690791	-0.0335194	0.559743	-1.44281	-1.44596	-1.16421	100.719	49.0731	89	63	59	52	57.7521	63.6496	398.483
0.0671039	-0.0324315	0.549615	-1.41014	-1.40648	-1.13261	100.889	50.4445	89.8538	62.5731	57.7193	52	57.7449	63.2551	398.543
0.0693316	-0.0289887	0.548061	-1.37557	-1.38638	-1.16124	102.223	52.3336	89	62.1276	57.9232	53.1541	58.9488	63.6496	398.603
0.0735799	-0.029359	0.568851	-1.36741	-1.36415	-1.16845	101.385	52.8848	89	62.0063	58.9503	54.244	59.8426	63.1466	398.623
0.0720158	-0.0296402	0.565133	-1.35018	-1.3927	-1.20266	101.366	52.8006	89	62.0002	59.8749	54.1027	58.1231	63.0025	398.643
0.0752132	-0.0285615	0.569611	-1.33748	-1.37459	-1.1659	101.427	54	89.9269	62	60	54	59	63	398.703
0.0748036	-0.0313681	0.579348	-1.36972	-1.33322	-1.1526	100.172	53.1548	89.9983	61.1549	59.0491	54.1709	59.8667	63	398.723
0.0811771	-0.0209495	0.567978	-1.39034	-1.36784	-1.18395	102.548	54.0312	91.0003	62.9997	61.1432	56.1666	60.011	65	399.843
0.0849327	-0.0221976	0.581494	-1.43007	-1.34155	-1.16673	102.055	53.0633	91	63	61.0086	56.6208	61.8055	65	399.863
0.0833185	-0.0190464	0.56526	-1.37943	-1.34432	-1.18269	103.463	54.798	91	63	61.0002	56.9258	61.1503	65	399.883
0.0836028	-0.0204437	0.579305	-1.4435	-1.35203	-1.16628	101.634	53.2597	91.4367	63	61.0514	56.5337	61.0025	65.8911	399.903
0.0840635	-0.0233037	0.584707	-1.42692	-1.3657	-1.16289	101.545	53.0125	91.0147	63	61.3458	55.8332	61.0001	65.0338	399.923
0.0833524	-0.0207566	0.559541	-1.40875	-1.3588	-1.18221	103.954	53.4237	91.0009	63	60.9188	56.2455	61.3289	65.293	399.943
0.0833888	-0.0246734	0.565522	-1.43396	-1.3768	-1.15655	103.048	52.057	91.4269	63	60.9999	54.91	61.0241	65.0002	399.983
0.0785856	-0.0239985	0.557935	-1.43467	-1.41147	-1.13081	102.714	51.8091	91	64	60.111	54	60	65	400.043
0.0792726	-0.0269517	0.573003	-1.4571	-1.44189	-1.12058	101.234	50.949	91.1717	64	60.9473	53.0593	59.2858	65	400.063
0.0790232	-0.0291109	0.557546	-1.46234	-1.47883	-1.11207	102.708	50	91.1997	64	61	51.1997	59.1671	65.1671	400.123
0.0811445	-0.0289136	0.569975	-1.50774	-1.48899	-1.07168	101.725	49.381	91.4944	64.5578	61	51.0054	59.9799	65.8491	400.143
0.078623	-0.0301125	0.568341	-1.54885	-1.51678	-1.04841	101.208	47.9188	91.0298	65.1379	60.2681	50.1548	59.8969	66.2566	400.163
0.0823615	-0.0299632	0.555503	-1.54854	-1.53874	-1.05807	103.522	47.8248	91.097	64.9075	60.9638	49.0571	60.9093	66.9823	400.183
0.0752141	-0.0322047	0.544053	-1.5561	-1.49753	-1.02391	102.286	47.1909	91.8003	64	58.5102	48.3827	60	66.8329	400.242
0.0740539	-0.0360298	0.550116	-1.61507	-1.56595	-0.909505	101	45	92	65.6005	58	45.5992	60.1276	67	400.303
0.0774226	-0.037707	0.537785	-1.62069	-1.57293	-0.954572	102.923	43.9232	92.6005	65	59	45.111	60.2551	67	400.363
0.0796907	-0.0432162	0.544207	-1.67184	-1.5476	-0.970847	102.308	41.8459	92.8724	63.5102	59	45	61.2807	67	400.423
0.0803118	-0.0426838	0.541488	-1.67538	-1.60878	-0.86763	102.8	41.6005	93.1997	65.6005	59	43	61.5555	67	400.483
0.0825489	-0.0484399	0.54206	-1.70922	-1.64736	-0.86203	102.8	40	94	64.7449	60	41	61.1276	67	400.542
0.0815996	-0.0540402	0.547383	-1.77176	-1.70447	-0.807857	101.555	37.7774	94	65	60	39.1997	60.7449	67	400.603
0.0829905	-0.0588415	0.53605	-1.77795	-1.75267	-0.839401	103	36.7774	94	64	60.8003	36.3995	60.5731	67	400.663
0.0814657	-0.0581022	0.528816	-1.77692	-1.7487	-0.791953	103.445	35.7774	94	65.1997	60	36.3995	60.8538	66.5731	400.721
0.081167	-0.0611803	0.519317	-1.81642	-1.77834	-0.759642	103.745	34.3827	94.7449	64.7449	59.6005	34.1997	61	67.1908	400.783
0.0812504	-0.0628777	0.528992	-1.82682	-1.79231	-0.689518	102.666	34.3967	94.9875	65.1583	59.5509	34.0054	61.0668	66.9369	400.796
0.084017	-0.069754	0.531881	-1.93901	-1.86873	-0.706306	101.854	31.2193	94.9232	64.9232	60.8091	33	61.0731	67.0731	400.859
0.0799436	-0.0617371	0.508585	-1.91202	-1.79902	-0.827382	103	31	95	65	60	35	60	68	400.911
0.0767956	-0.0691476	0.518622	-1.92152	-1.84338	-0.66475	101.5	30.5	95	65	58.6667	32.3333	60	67	400.971
0.0805693	-0.076068	0.524809	-2.00558	-1.93202	-0.609499	101	29	95	65	59.6667	30.3333	61	67	401.033
0.0799348	-0.0885049	0.525884	2.21758	2.2356	0.35838	99	29	96	65	60	26	60	66	401.091
0.0752634	-0.0844447	0.521157	-2.03804	-1.94769	-0.625695	99.5	27	95	63	59	28.5	59	66	401.152
0.0775715	-0.0890326	0.512677	-2.101	-1.99714	-0.385603	100	25.3333	98	63	58.6667	27	59.5	66	401.212
0.0742273	-0.0943014	0.510246	-2.15415	-2.09308	-0.387139	99	25	96.5	63	58.3333	24.6667	59	65.3333	401.248
0.068203	-0.0899674	0.496735	-2.12394	-2.01962	-0.469549	99	24.6667	96	63	55.6667	24.3333	59	66	401.308
0.0722803	-0.0987396	0.492871	2.19819	2.16767	0.476563	98.6667	24.3333	96	62	58.6667	21	58	65	401.348
0.0749154	-0.103182	0.514136	2.22059	2.18714	0.219968	98	25	97	62	58.6667	23.3333	59	64	401.391
0.0693932	-0.103193	0.494679	2.18784	2.16391	0.0980499	97.8063	23.9443	97.7807	62.2193	57.5041	22.3504	57.6005	64	401.436
0.0718369	-0.102103	0.493938	-2.21	-2.116	-0.495894	98.7137	22.3817	96	61.3077	57.4269	21.0731	59.1967	64.2992	401.498
0.0733381	-0.103564	0.503247	-2.22997	-2.13922	-0.3664	98.1114	22.6392	96.6005	62	57.6667	22.1572	59.7781	63.889	401.558
0.073604	-0.100844	0.49589	2.24308	2.18239	0.251655	98.8538	23.5731	97.889	62.4445	57.706	22.3333	59.1462	64.4269	401.618
0.0754724	-0.106587	0.5159	2.26114	2.23977	0.129057	98.4613	23.4618	97.4445	61.889	59.2154	23.4308	59	63.2219	401.678
0.0734748	-0.10668	0.513034	2.24484	2.2292	0.174232	98	23.2807	96.889	62	59.0393	22.8428	58.4771	63.1909	401.739
0.0735124	-0.104363	0.497873	2.18599	2.17642	0.329917	98.2972	23.3276	96.5592	62.4239	59.0116	20.8402	58.4971	63.4605	401.752
0.071203	-0.10191	0.500914	2.1406	2.18833	0.447933	98	24.5471	94.1997	63.6005	59.0975	20.412	58.1671	63.1671	401.817
0.0696677	-0.101353	0.512449	-2.01225	-2.17753	-0.181135	100.427	24.5229	94.2551	64.2346	60.1937	22.6659	56.1462	62.2924	401.876
0.0669626	-0.102837	0.496191	2.06706	2.32097	0.0368687	100	26.5	95	65	59.3333	20.6667	55	61	401.93
0.0668452	-0.0996871	0.500194	-1.96296	-2.36594	-0.413544	101	28.5	91	66	61.5	18	54	60	401.99
0.0596495	-0.094882	0.505524	1.7835	2.5668	0.145774	101.555	34.6671	87.2219	68.889	64.2494	18.9443	49.2227	57.2784	402.053
0.0494452	-0.08632	0.508282	1.59433	2.82195	0.587703	101	41	80	70.6667	67.6378	17.2551	46	53.2219	402.156
0.0473115	-0.0911606	0.501386	1.53104	2.72108	0.436631	100.077	40.3845	79.412	70.9607	67.1425	15.5037	45.4046	52.4284	402.167
0.0088901	0.00615643	-0.00100147	1.29772	-1.12146	-1.19104	80	70	68	24	65	16.5	45	53	402.233
0.0315285	-0.0875193	0.519	-1.17599	-2.69045	-0.43599	98	46.2226	71.5992	71.8003	69.2154	18	42.2193	47.4386	402.296
0.0303374	-0.0852847	0.51057	-1.15623	-2.79381	-0.0642209	99	47.3333	70	74	69.6667	19	42.5	47.5	402.349
0.0258942	-0.0882351	0.519431	-1.00189	-2.74291	-0.56005	96.5	49	67	71	72	18	41	44	402.411
0.0153316	-0.0794275	0.502014	-0.831539	-2.67883	-0.700956	95	53	63	71	72.6667	18.3333	39	42.5	402.463
0.00581796	-0.0813437	0.506861	-0.763444	-2.74072	-0.37479	92.5939	54.9249	60.2542	72.8305	71.5557	18.0159	39	41.0664	402.488
0.00693572	-0.0799687	0.492244	-0.695559	-2.6774	-0.691168	93.5	55.5	59	70	73.3333	17.3333	38	40	402.531
-0.00343066	-0.0837234	0.514956	-0.546107	-2.89357	-0.371925	89	58.8003	53.7774	71	74.3608	20.5835	38	36.3329	402.598
-0.00640495	-0.0753179	0.505796	0.521073	3.19181	0.865445	88.0268	59.9678	53.026	69.9404	75.5039	23.4438	36.0816	35.2816	402.619
-0.0106386	-0.0815944	0.508516	-0.38369	-2.86407	-0.553308	86.6378	61.2346	50.5102	69.2551	75.6667	22.1179	36.9232	33.1536	402.675
-0.0152254	-0.0758544	0.519978	-0.259128	-2.85801	-0.731988	83.3827	63.3622	48.5992	68.1997	77	26.1071	37	33.0512	402.742
-0.0197665	-0.084407	0.521212	-0.241697	-2.87786	-0.41094	82.5	63.5	47	68	76	23.3333	38	32	402.792
-0.0278799	-0.083508	0.523089	0.105633	3.24226	0.621754	79.3995	65	44.111	66.6664	76.1966	26.7641	37	28.2924	402.856
-0.0224871	-0.0949204	0.510189	-0.160943	-3.31434	0.15873	81	65.3333	42.111	65.111	75.0731	25.4386	37.4445	27.2219	402.92
-0.0423044	-0.0892626	0.529655	0.0368083	-2.8537	-0.506831	75.5041	66.2479	40	63.2219	74.5692	26.9607	37	27.2551	402.973
-0.0373822	-0.0896885	0.535127	0.0340267	-2.90104	-0.667798	76	65	41	63	76	28	37	27	403.022
-0.0432091	-0.0937903	0.541763	0.00780078	-2.94515	-0.405568	75.1276	65.1276	40	63.8724	74	26.889	37.111	27.111	403.075
-0.039507	-0.0893613	0.519339	0.0768745	-2.97964	-0.438284	74.2551	66.3827	38.5992	63.8003	77.4722	26.5278	37	26.1997	403.143
-0.0420917	-0.086062	0.512308	0.0442367	-2.88954	-0.468244	75	67	39	64	76	26	36	27	403.203
-0.0422841	-0.0941873	0.524214	0.0358474	-2.93285	-0.377462	75	65.5102	39	63.2551	75.412	25.412	36.8003	26.1997	403.217
-0.0383432	-0.0885258	0.509969	0.0465021	-2.85446	-0.434	75.889	66.7781	40	63.889	76.332	25.332	37.1997	26	403.343
-0.0369453	-0.0854784	0.514283	0.0640886	-2.89651	-0.540585	75.9707	66.9413	40	63.9831	76.9146	27.2227	37.0435	26	403.35
-0.0368472	-0.0921143	0.514843	0.0436125	-2.9134	-0.4258	75.3827	65.7449	40	63.6005	77.412	24.8239	37.2479	25.9488	403.418
-0.0320422	-0.0930194	0.534828	-0.0274559	3.09031	0.469802	76.3827	65	40.8003	64	77	28	37.7449	25.2551	403.477
-0.0320328	-0.0972214	0.498601	-0.02988	-3.01869	-0.169015	78.7781	64.6664	39.2924	63.9269	77.0786	22.6085	37	24.889	403.535
-0.031841	-0.0897503	0.504155	0.0354973	-2.97189	-0.663579	76	65	40.5731	63.5	79.2547	24.8632	36.111	24.889	403.594
-0.0278389	-0.0907684	0.505636	-0.00405868	-2.99686	-0.52902	77.5731	64.7924	40.8538	64.1462	79.588	23.8632	37.1909	26	403.654
-0.0300487	-0.0860072	0.500024	-0.0198451	-3.05391	-0.400902	78	66	40	66	78.3333	25	36.5	26	403.712
-0.0282758	-0.090898	0.517763	0.017252	-2.99337	-0.558662	77.1462	64.9269	41	63.5992	79.294	25.294	37.889	26.5555	403.781
