#Track lost
#Track lost
#Track lost
35.3911	16.2874	74.5278	0.0698234	-2.29501	0.58593
40.5196	21.501	84.1529	0.26721	-2.86021	0.553751
38.5075	19.6979	80.0349	-0.172056	3.2958	0.00534021
36.8047	18.5972	74.8259	0.0601202	-3.01447	-0.314205
36.5655	18.1744	74.0985	0.0305349	-3.02197	-0.378607
39.0791	18.8642	78.6107	-0.195904	3.10451	0.142032
39.2348	20.0591	78.0179	0.166178	-3.05092	-0.2015
39.2348	20.0591	78.0179	0.166178	-3.05092	-0.2015
38.6172	17.6478	77.243	-0.198952	2.97771	0.21276
38.6172	17.6478	77.243	-0.198952	2.97771	0.21276
36.795	16.5711	76.2385	0.119023	-2.22316	0.841779
36.5758	15.8991	74.3648	0.135026	-2.13154	0.796021
37.6772	16.5713	75.1136	0.171983	-2.17312	0.864599
37.7112	16.8395	75.5503	0.164718	-2.1724	0.915076
37.4011	16.8117	74.736	0.166342	-2.19086	0.855277
37.0661	16.2398	73.0173	0.186763	-3.1101	-0.0255271
36.2068	15.2413	71.778	-0.184131	3.11085	0.104305
36.171	15.7578	73.8035	-0.206144	3.09181	0.00828783
35.9785	15.823	73.334	-0.179458	3.11833	0.072486
35.536	15.9142	73.3502	0.142063	-3.08297	-0.0509726
35.536	15.9142	73.3502	0.142063	-3.08297	-0.0509726
34.0806	15.822	70.7196	0.0305892	-2.99508	-0.248722
34.6586	16.1832	72.2756	0.0136977	-2.96942	-0.209347
35.6744	15.8941	74.1296	-0.0811862	3.21119	0.129715
35.3675	16.4279	73.507	0.00397274	-3.04994	-0.289131
35.4556	16.5733	73.7502	0.0108007	-3.03853	-0.259751
36.2074	16.3886	74.3052	0.056605	-3.14576	-0.249568
36.3529	16.6477	74.6828	0.0715445	-3.13055	-0.197025
35.5751	15.3208	70.2003	0.095528	-3.16063	-0.313903
35.9765	14.9703	70.7837	0.197983	-3.21867	-0.167064
37.6311	17.5853	75.2665	-0.232358	3.14229	0.0910595
37.8431	18.0269	75.7064	-0.198442	3.15506	0.160183
38.2562	18.2228	81.5594	-0.195995	3.0485	-0.157688
38.2562	18.2228	81.5594	-0.195995	3.0485	-0.157688
38.651	18.8481	82.1339	0.244353	-3.23256	0.209182
39.5755	20.4366	85.4835	-0.263075	3.02595	-0.33312
39.016	19.7969	84.8645	0.111403	-2.38396	0.806533
39.1552	18.8511	80.5347	0.237878	-3.25076	-0.0461591
36.9711	17.2832	76.6406	0.142186	-2.23083	0.72665
38.4196	19.5481	77.3007	0.175924	-3.05371	-0.167918
38.2195	19.1401	76.5757	0.137439	-3.03374	-0.209316
37.8633	17.4514	72.7715	0.194873	-3.16827	-0.301055
37.3366	17.0174	72.0145	0.176202	-3.15261	-0.322352
39.445	20.0791	79.5601	-0.205737	3.1904	0.143234
39.2321	20.4258	79.4972	0.203489	-3.03552	-0.0920668
38.4585	19.1872	77.8852	-0.299696	3.18181	-0.0791258
38.5752	19.3544	83.364	-0.277086	2.99968	-0.369922
38.7137	19.5141	83.9088	-0.225262	3.10129	-0.340824
38.0435	18.3716	81.2314	0.199107	-3.14889	0.212065
37.3844	18.1747	79.4482	0.158548	-3.1091	0.0655596
38.2382	18.431	76.591	-0.278227	3.07631	0.0930262
38.2006	18.4073	76.4961	-0.278337	3.07604	0.0961442
37.6954	17.7875	78.456	-0.29671	2.99359	-0.157986
37.6954	17.7874	78.456	-0.296699	2.99359	-0.157952
37.449	17.5416	78.0954	-0.306718	2.98198	-0.194769
37.1381	16.6267	77.3335	0.232057	-3.20603	0.198168
37.1381	16.6267	77.3335	0.232057	-3.20603	0.198168
37.6816	18.1176	79.6981	-0.212296	3.11377	-0.152165
#Track lost
#Track lost
#Track lost
#Track lost
#Track lost
#Track lost
#Track lost
#Track lost
#Track lost
#Track lost
#Track lost
#Track lost
#Track lost
38.2508	18.0845	82.0945	0.113357	-3.15817	-0.130397
37.3206	17.2073	76.5389	0.136036	-3.13185	-0.273022
37.582	17.2639	76.9975	0.157136	-3.1512	-0.247438
37.8314	17.5679	77.3063	0.152236	-3.06377	-0.109825
37.4598	16.8708	76.6013	0.160511	-3.07458	-0.058241
37.2903	16.3171	77.0762	0.141335	-2.35625	0.797592
37.9425	17.179	79.1657	0.144988	-2.41481	0.772358
38.2985	17.2137	79.0906	-0.225337	3.09966	-0.0343592
37.536	16.3637	77.8952	0.234845	-3.24856	-0.0189829
36.8992	16.0548	76.9383	0.171734	-3.16294	-0.0453818
37.9745	17.6295	77.8621	0.186131	-3.1451	-0.190164
37.9745	17.6295	77.8621	0.186131	-3.1451	-0.190164
37.1784	16.9741	76.3531	-0.128502	3.13227	0.296222
36.4778	15.522	73.9665	0.148678	-3.16234	-0.267595
35.7567	15.074	72.1359	-0.147606	3.07313	0.322602
37.3941	17.4307	80.3535	-0.0922075	3.16154	0.151471
37.7812	18.259	81.3786	0.142994	-3.03542	0.0659609
37.8892	17.1934	79.7932	0.296914	-3.29417	0.110983
36.9678	15.865	77.5857	-0.252552	3.02401	-0.168043
37.6443	16.5979	79.4964	-0.264648	3.01588	-0.235376
38.1472	17.0867	80.2789	-0.221135	3.08128	-0.144578
37.8228	16.4187	79.0071	0.212239	-3.20227	0.102232
36.7537	15.3143	77.4683	-0.177172	3.09634	-0.0986008
37.6634	15.9129	78.6386	-0.239997	2.96619	-0.0854239
38.3337	17.9026	82.6849	-0.299218	2.96509	-0.249775
38.9747	18.5028	84.2621	-0.216688	3.11497	-0.225412
37.2967	17.4452	79.3976	-0.11915	3.27554	0.0490438
37.8585	18.1068	80.8226	0.136441	-2.91042	0.165616
36.6725	16.5693	74.6159	0.110626	-3.02244	-0.16175
35.5478	15.3863	71.4765	0.0614516	-3.04557	-0.331811
35.7862	16.6041	71.2176	-0.089049	3.25649	0.44774
36.9476	17.6795	73.6626	0.0482464	-3.00131	-0.471238
37.0897	17.7668	74.0224	0.0450697	-2.99797	-0.463714
37.6208	16.3922	78.163	0.114071	-3.11253	-0.0511734
37.6376	16.4014	78.2062	0.113878	-3.1124	-0.0498419
37.129	15.725	73.7135	-0.213146	3.1604	0.0998443
35.2084	14.7987	70.1358	-0.131229	3.30139	0.219826
35.4753	14.6017	71.72	0.136174	-3.03489	-0.10471
36.6655	15.5574	73.8574	0.164413	-3.12256	-0.13444
36.3878	14.9183	73.672	0.165275	-3.21247	-0.177101
36.3878	14.9183	73.672	0.165275	-3.21247	-0.177101
36.2637	14.784	73.5007	0.16377	-3.23462	-0.226158
38.5975	17.4749	83.6315	-0.155277	3.12591	-0.228162
38.5459	17.212	83.0461	-0.228428	2.99479	-0.271227
38.2264	16.5534	79.0612	-0.257205	2.989	-0.108078
37.6592	16.2206	77.4974	-0.260845	3.00342	-0.0553264
36.1132	14.2197	74.8575	-0.194369	2.96017	0.0680949
36.1132	14.2197	74.8575	-0.194369	2.96017	0.0680949
37.3031	15.6575	78.9972	-0.16452	3.01412	-0.00143655
35.9437	15.1749	76.2829	-0.0816527	3.13315	0.135242
35.9237	15.3436	75.0643	-0.0805609	3.18733	0.180079
36.6503	15.2975	76.3298	-0.177712	3.0921	0.0267398
36.7839	15.9708	76.7577	-0.196433	3.04487	0.0908182
36.7314	15.8837	77.2382	-0.192873	3.03104	0.057941
36.9224	16.0204	76.9468	0.141798	-3.28625	-0.346682
37.8359	16.6273	79.9203	0.130236	-3.29508	-0.260607
38.2181	16.9058	80.135	0.356346	-3.42515	0.0128844
39.4028	17.2887	78.2673	-0.205927	3.01088	0.233411
39.4222	17.2994	78.3156	-0.205769	3.01106	0.232186
35.8088	14.4129	74.3237	0.12549	-2.06972	0.800596
35.8088	14.4129	74.3237	0.12549	-2.06972	0.800596
35.9081	14.6719	75.1664	0.124164	-2.14764	0.930092
37.5007	15.4031	73.8593	0.217137	-3.29083	-0.326621
37.7093	15.7215	74.2158	0.231589	-3.26884	-0.241274
35.4439	13.9784	74.1392	0.0980319	-2.19219	0.743651
34.7535	13.4983	72.3931	0.128065	-2.1499	0.793411
37.2586	15.4172	74.128	0.243155	-3.27636	-0.209887
36.5859	14.8188	73.4626	-0.258394	2.96171	0.113863
36.3484	14.9773	73.966	-0.267821	2.95613	0.0841112
35.7363	14.8892	72.5839	0.129315	-3.13275	-0.220983
37.9649	17.8489	79.3847	-0.15712	3.16005	0.139578
38.8583	18.4632	81.6488	0.152723	-3.07299	-0.0127187
38.1916	17.7604	80.1564	-0.242191	3.15732	-0.150316
38.5597	18.1843	79.5701	-0.23935	3.21219	-0.0443057
37.4805	18.3495	77.4508	0.13622	-2.93513	-0.106639
35.1386	17.0647	70.6514	-0.135124	3.3689	0.367147
35.6334	17.1899	71.8681	-0.0996122	3.3581	0.406127
36.3763	18.719	74.571	-0.100998	3.40213	0.415417
36.3611	18.8089	74.6044	-0.105418	3.42769	0.390821
37.2325	17.7747	74.3616	-0.228493	3.27729	0.224027
37.9543	18.0601	75.5832	-0.228448	3.19869	0.277242
38.5044	18.3773	76.9293	-0.222348	3.21365	0.243543
38.7446	18.464	79.5333	-0.229498	3.26556	0.0251337
39.2031	19.0057	80.2061	-0.242507	3.21532	0.0695945
38.7589	18.7379	77.866	-0.262885	3.23923	0.0903595
37.5953	17.901	75.6873	-0.219035	3.34437	0.126044
36.1442	15.2741	69.9373	-0.187464	3.12771	0.37806
36.6773	15.7299	70.799	-0.191371	3.08456	0.400342
36.8056	16.113	72.3803	0.238467	-3.16234	-0.257575
37.3776	16.2798	73.6921	0.214633	-3.15641	-0.24359
36.9725	16.6111	72.8787	0.142843	-3.13028	-0.38754
35.7285	15.1678	70.5774	0.154306	-3.21798	-0.423255
35.0328	14.0069	70.6004	0.163564	-2.04493	0.976279
37.4268	16.8194	75.5312	-0.170669	3.13301	0.245014
37.4268	16.8194	75.5312	-0.170669	3.13301	0.245014
35.1508	14.309	72.8979	0.145272	-2.12115	0.889311
36.4847	15.3122	75.0404	0.262073	-3.27113	-0.0550334
36.5901	15.5964	76.2019	0.274943	-3.25996	0.105883
36.3525	15.3848	75.9129	0.270354	-3.24428	0.136398
36.7816	15.9834	73.2094	-0.238204	3.10205	0.243192
36.0958	15.9697	71.9502	-0.178798	3.14493	0.350884
37.2965	16.5011	73.7407	-0.200967	3.03768	0.385893
37.3655	16.3154	75.4459	-0.189372	3.01611	0.298874
36.3153	15.7641	73.757	-0.135029	3.09256	0.340905
36.4685	16.0364	75.2697	0.186421	-3.18188	-0.176393
37.1457	16.5545	76.1874	0.215192	-3.24206	-0.221518
36.731	16.2037	78.7398	-0.15823	3.0104	0.120633
36.731	16.2037	78.7398	-0.15823	3.0104	0.120633
34.1657	13.4668	71.5081	0.112598	-2.21633	0.768536
34.1462	13.5884	72.2981	0.10569	-2.32354	0.690196
35.2534	14.4082	73.5916	0.149073	-3.25701	-0.240783
35.9484	14.9765	76.1532	0.185659	-3.32753	-0.175117
36.1516	14.9618	76.2879	0.162609	-3.29006	-0.133706
35.1334	14.0832	71.0393	-0.136901	3.05863	0.28249
35.9556	15.0739	72.5709	0.220015	-3.27011	-0.282476
37.112	16.7918	76.4108	0.24374	-3.23024	-0.193991
37.8433	17.351	77.5877	0.214611	-3.17361	-0.260899
38.5371	18.4071	79.8194	0.22533	-3.13981	-0.216541
37.6666	17.5961	78.1303	-0.167896	3.13717	0.311069
35.9499	15.9011	75.8167	-0.100892	3.11585	0.258269
35.8574	15.9356	75.9734	-0.121323	3.05331	0.28964
36.3455	15.8322	76.3782	-0.114101	3.03811	0.294088
36.6494	15.5907	74.8432	-0.159413	3.06067	0.350702
36.51	15.5265	74.3689	-0.157953	3.08468	0.249813
35.97	14.8312	73.7355	0.119168	-3.21576	-0.292194
35.97	14.8312	73.7355	0.119168	-3.21576	-0.292194
36.9535	16.2763	75.6974	-0.240492	3.01263	0.212114
37.7572	17.7203	77.2824	0.246709	-3.11371	-0.135993
37.4674	17.4074	77.9475	0.245866	-3.18842	-0.063987
37.3381	17.1814	77.8127	0.286915	-3.21829	-0.00691733
38.0368	17.6916	79.2975	0.287925	-3.14187	0.0228346
37.6435	17.7231	79.8137	0.214711	-3.19174	-0.0998557
37.7951	17.8372	80.022	0.22246	-3.20656	-0.108563
36.7979	15.8932	79.2777	0.147355	-2.24557	0.90038
36.8066	15.8286	78.9989	0.149413	-2.22245	0.901531
38.6933	18.5154	80.8455	0.267107	-3.06655	0.0365319
38.6933	18.5154	80.8455	0.267107	-3.06655	0.0365319
37.3465	17.7711	78.9126	-0.117937	3.13587	0.330809
37.5707	18.0371	79.3607	-0.120093	3.18338	0.359742
38.2933	18.1331	80.7217	-0.173559	3.19597	0.209248
36.7135	15.3971	76.6828	-0.15955	3.13203	0.152626
36.3798	15.7099	76.284	0.223496	-3.1922	0.0118222
37.2904	16.5895	77.4688	-0.177834	3.05572	0.243911
37.2105	16.5266	77.3074	-0.176669	3.04738	0.242046
36.8592	17.1554	80.0773	-0.136229	3.05805	0.204528
36.8529	16.4848	80.3198	-0.227662	2.98811	-0.00207908
36.1612	15.6375	77.78	-0.232282	2.97898	-0.0279943
36.4219	16.3016	78.0883	0.177356	-3.23772	-0.136051
36.9247	16.7007	78.3897	-0.222002	3.03763	0.146207
36.9247	16.7007	78.3897	-0.222002	3.03763	0.146207
37.6901	17.5927	79.925	-0.259237	3.14743	0.0317753
35.8241	14.6942	73.0327	0.218374	-3.18307	-0.219671
35.8122	15.3102	73.0117	0.181304	-3.07446	-0.150826
36.7467	16.3679	76.352	0.222119	-2.28218	0.800615
37.2082	17.1593	76.1142	0.254162	-3.19608	-0.182456
33.7425	13.9443	72.9782	0.106171	-2.20637	0.668233
36.5662	15.8989	78.0314	0.212775	-3.2787	-0.0153965
37.534	17.0168	76.3107	-0.261829	2.99289	0.218419
36.3702	16.1905	74.5551	-0.220043	3.10123	0.198094
36.4614	16.2826	74.6223	-0.222368	3.13439	0.149336
35.632	14.5818	73.7907	0.220244	-3.25799	-0.0767351
35.6925	15.0859	73.9709	0.195527	-3.20865	-0.0746535
32.589	12.0925	68.9375	0.0959482	-2.18071	0.725024
35.1664	14.0515	72.86	0.221004	-3.31738	-0.119995
37.4235	17.4039	81.2668	0.282466	-3.24132	0.160904
36.2245	16.3514	79.1958	0.127285	-2.3194	0.731365
35.5014	15.0614	75.4184	0.146129	-2.21463	0.790982
35.3588	14.9359	75.0985	0.137984	-2.20932	0.79919
34.8565	14.9886	69.1467	0.11869	-3.06353	-0.432238
34.7812	14.871	68.8289	0.102288	-3.0424	-0.42628
35.305	14.8399	69.7585	0.144984	-3.07956	-0.352607
36.2623	15.3214	71.5148	0.205628	-3.13123	-0.321808
35.8123	14.9419	70.6094	0.203565	-3.18941	-0.322326
35.3494	14.2051	73.0739	0.184158	-3.2413	-0.113997
33.4041	12.6173	70.2425	0.105968	-2.13772	0.829632
37.23	17.2746	77.5237	0.200217	-3.15897	-0.145107
#Track lost
#Track lost
#Track lost
4.63605	-8.668	10.4256	-0.191568	1.75095	0.0549586
-4.50695	8.71043	-10.4256	-2.38533	-0.238261	-1.97835
-4.50695	8.71043	-10.4256	-2.38533	-0.238261	-1.97835
5.06966	-8.61981	10.309	-0.228049	1.7612	0.0947982
#Track lost
4.33266	-8.78382	10.4496	-0.169256	1.75417	0.0327128
3.02182	-8.98789	10.5902	-0.0773172	1.73603	-0.0571811
3.02433	-8.98718	10.5896	-0.077496	1.73607	-0.0570444
-4.08897	8.89211	-10.456	-2.4013	-0.200384	-1.99927
-5.30747	8.65911	-10.2808	2.49365	0.35729	2.03822
-5.32981	8.68959	-10.254	-2.34198	-0.335242	-1.91279
-5.22622	8.70047	-10.274	-2.34866	-0.321846	-1.91882
#Track lost
-5.09711	8.716	-10.2686	2.48362	0.325605	2.03339
-5.09711	8.716	-10.2686	2.48362	0.325605	2.03339
33.2447	14.0905	67.0661	0.0447914	-3.03394	-0.488961
33.1244	13.8919	66.8051	0.0438697	-3.07706	-0.476744
-4.21672	8.95413	-10.3937	2.42997	0.226841	2.01633
-3.68125	9.00805	-10.457	-2.41302	-0.163495	-2.02401
-4.18676	8.982	-10.3864	-2.39472	-0.206488	-1.99535
-4.16831	8.94953	-10.3936	-2.39705	-0.204665	-1.99664
-4.2042	8.88793	-10.4425	-2.39744	-0.209588	-1.99528
-4.122	8.91629	-10.4612	-2.40102	-0.200504	-2.00023
-4.122	8.91629	-10.4612	-2.40102	-0.200504	-2.00023
-4.49796	8.82745	-10.4064	-2.38802	-0.234168	-1.9786
4.7891	-8.67347	10.388	-0.193031	1.75843	0.0606629
4.50034	-8.76655	10.4137	-0.177462	1.75613	0.0433987
4.50034	-8.76655	10.4137	-0.177462	1.75613	0.0433987
3.87818	-8.79835	10.5279	-0.138314	1.74841	0.00282978
4.1498	-8.73973	10.4899	-0.160479	1.75268	0.0244588
3.47186	-8.99067	10.5401	-0.114165	1.74332	-0.020266
3.47103	-8.991	10.5403	-0.11411	1.74332	-0.0203443
5.04775	-8.64849	10.3544	-0.223628	1.75958	0.0862722
-4.85997	8.75886	-10.3684	-2.36691	-0.281468	-1.95212
-4.77745	8.76364	-10.3743	-2.37288	-0.271855	-1.95769
-4.75795	8.75063	-10.3645	-2.36964	-0.275556	-1.95782
-4.75794	8.75064	-10.3645	-2.36964	-0.275555	-1.95782
-4.0807	8.9231	-10.4504	-2.39899	-0.2094	-1.99866
-4.0807	8.9231	-10.4504	-2.39899	-0.2094	-1.99866
-4.68881	8.76651	-10.3816	-2.37147	-0.269006	-1.95381
-4.68881	8.76651	-10.3816	-2.37147	-0.269006	-1.95381
-4.70008	8.67376	-10.3901	2.4585	0.28012	2.0233
-4.15019	8.80144	-10.4663	-2.39749	-0.212184	-1.9933
#Track lost
#Track lost
#Track lost
#Track lost
4.51418	-8.67767	10.4601	-0.184894	1.75622	0.0500483
4.63654	-8.723	10.4159	-0.189563	1.7586	0.0564121
4.60574	-8.70246	10.4136	-0.187568	1.75865	0.0532889
4.66413	-8.66755	10.4169	-0.191984	1.75914	0.0570775
4.95741	-8.61153	10.3781	-0.218729	1.75895	0.0844316
4.44914	-8.71006	10.4442	-0.180138	1.75588	0.0455408
#Track lost
#Track lost
#Track lost
4.90905	-8.69171	10.3927	-0.214989	1.7545	0.0831578
5.0147	-8.6704	10.3758	-0.222084	1.75544	0.090339
4.90258	-8.66359	10.385	-0.211565	1.75618	0.0781502
4.93534	-8.58781	10.4005	-0.213977	1.75914	0.078689
5.02436	-8.49662	10.3838	-0.223637	1.7595	0.0857984
-4.94079	8.67291	-10.3346	2.47006	0.307587	2.02784
-5.35236	8.55987	-10.2853	2.49644	0.358902	2.03458
-4.79926	8.75057	-10.3517	-2.36941	-0.281497	-1.95079
-4.72825	8.84003	-10.3738	2.45692	0.276579	2.02241
37.2295	17.0161	77.9565	0.144053	-2.13169	1.08897
37.507	16.8139	78.0984	-0.335222	2.82614	0.11737
37.5046	16.7698	77.774	-0.335696	2.83048	0.130055
37.732	16.2078	78.042	-0.239296	3.0528	-0.0340232
36.8331	15.4122	75.09	-0.203996	3.12176	0.0679549
36.8037	15.4363	75.0962	-0.208398	3.1099	0.0784852
36.8604	15.9705	74.4458	-0.156177	3.1049	0.263186
36.5259	16.3692	74.9865	-0.236949	2.95353	0.312981
36.5881	16.2445	74.7633	0.264468	-3.31856	-0.398912
35.7023	16.0459	72.6797	0.0915004	-3.19909	-0.542484
35.7023	16.0459	72.6797	0.0915004	-3.19909	-0.542484
37.0878	16.2853	75.2066	-0.209985	3.04375	0.308706
37.1147	15.7714	75.4263	-0.268579	3.01751	0.16959
36.8903	15.3051	77.1894	-0.255642	2.99017	-0.0992284
37.2199	15.4738	77.2717	-0.293101	2.91589	-0.0769748
36.8417	15.3885	74.337	-0.340493	2.94105	-0.116646
37.2799	15.3756	74.7457	-0.323014	2.94427	-0.0724572
37.2365	16.4541	74.2461	-0.227947	3.18358	0.123555
37.0258	16.4266	74.2423	-0.2422	3.08771	0.229738
35.85	16.0618	72.6326	-0.134723	3.2337	0.321349
35.8291	15.6047	73.0625	-0.120515	3.22444	0.252352
36.9831	16.5405	75.1982	0.126963	-3.10355	-0.272596
37.3509	16.0021	76.4517	-0.250605	2.92673	0.18341
37.3509	16.0021	76.4517	-0.250605	2.92673	0.18341
38.2347	17.1533	79.3497	-0.30557	2.90213	0.067847
38.2211	17.1451	79.3121	-0.305663	2.90228	0.0689447
38.5677	18.5959	79.9895	-0.185522	3.12029	0.201177
37.877	17.9336	78.8449	-0.181357	3.17569	0.154695
36.7517	16.5898	75.3091	0.171994	-3.05685	-0.0625058
37.3417	16.351	76.1212	-0.318027	3.01619	-0.129456
37.5781	16.9542	76.3527	0.225162	-3.20274	-0.177742
37.5444	16.7228	75.2217	0.214893	-3.20515	-0.278962
37.696	16.4663	76.0509	-0.220374	3.07074	0.145858
37.9601	16.9844	76.3718	-0.245936	3.10699	0.0887621
38.3001	17.8088	76.8187	0.192975	-3.1559	-0.255322
-5.12385	8.62628	-10.3366	2.48848	0.33751	2.0274
-4.56451	8.7767	-10.4073	2.45451	0.269568	2.01787
-4.57467	8.83715	-10.3813	2.45575	0.26947	2.01863
-4.9021	8.73338	-10.3418	2.47671	0.308769	2.02396
-4.17184	8.93039	-10.4212	-2.39807	-0.219735	-1.984
4.89334	-8.67196	10.3948	-0.213815	1.76202	0.0743531
4.47779	-8.73289	10.4451	-0.178268	1.75978	0.0403445
#Track lost
#Track lost
#Track lost
-4.01809	8.8393	-10.479	2.4113	0.189558	2.00421
-4.28277	8.80612	-10.438	2.42822	0.216869	2.00692
-4.43372	8.75077	-10.4088	-2.39204	-0.238095	-1.97319
-4.36872	8.74542	-10.4285	-2.39381	-0.233628	-1.97686
-4.36872	8.74542	-10.4285	-2.39381	-0.233628	-1.97686
-4.20348	8.77289	-10.4486	-2.40421	-0.214025	-1.98761
-3.99201	8.84344	-10.466	-2.41157	-0.194473	-2.00195
-4.30699	8.78904	-10.4224	-2.39623	-0.230779	-1.97893
#Track lost
#Track lost
#Track lost
#Track lost
#Track lost
#Track lost
#Track lost
#Track lost
#Track lost
#Track lost
#Track lost
#Track lost
#Track lost
#Track lost
#Track lost
#Track lost
#Track lost
#Track lost
#Track lost
#Track lost
#Track lost
-4.88592	8.69612	-10.3719	2.47168	0.299974	2.01376
-4.87864	8.74056	-10.3688	2.47157	0.297716	2.01405
-4.87864	8.74056	-10.3688	2.47157	0.297716	2.01405
-5.59447	8.47495	-10.2704	-2.35264	-0.348291	-1.89538
36.7894	17.5095	72.1942	0.101652	-3.12099	-0.429682
38.3897	17.6604	75.9681	0.195152	-3.23012	-0.259638
38.0924	16.9498	75.735	-0.234414	3.02739	0.0913588
38.7736	18.0233	77.279	-0.252979	3.05254	0.122024
37.7831	18.4465	75.5502	0.146933	-3.04071	-0.194058
38.2506	18.6928	78.3709	0.147353	-3.06137	-0.0559757
39.7623	19.3973	80.5682	-0.306636	3.03604	-0.193387
37.4354	17.4825	76.6066	0.141054	-2.24893	0.893569
37.0842	17.3527	76.3344	0.143671	-2.19577	0.88644
36.9661	16.9842	75.9265	0.151267	-2.23856	0.786122
37.9234	17.1433	76.0115	0.227738	-3.24337	-0.123912
37.9234	17.1433	76.0115	0.227738	-3.24337	-0.123912
36.6008	16.4197	76.0808	0.115112	-2.35112	0.697909
36.6008	16.4197	76.0808	0.115112	-2.35112	0.697909
38.4247	17.1869	74.4851	-0.197898	3.05181	0.238258
37.8399	16.3921	73.8057	-0.221527	3.09136	0.118717
37.742	16.8004	75.4754	-0.265583	3.00552	0.041074
38.4183	17.3732	76.2089	-0.283796	2.94058	0.10185
38.7342	17.7406	76.6184	-0.299539	2.99099	-0.0308474
39.0934	18.7284	78.0222	-0.29139	3.12229	-0.0826455
39.5539	19.7644	78.9353	0.27225	-3.0292	0.171042
37.8717	17.9226	76.9241	0.173896	-2.38943	0.680354
39.1768	18.9486	78.9001	0.349479	-3.17625	0.291563
38.9784	18.6874	78.9452	0.271915	-3.10603	0.234187
38.9784	18.6874	78.9452	0.271915	-3.10603	0.234187
39.3037	19.1347	79.4941	-0.330672	3.06786	-0.3015
39.3037	19.1347	79.4941	-0.330672	3.06786	-0.3015
38.9976	18.7163	78.1045	-0.307955	3.13483	-0.239726
37.8501	18.0894	75.9056	0.193495	-2.957	0.0969528
37.7056	17.7941	75.6495	-0.189691	3.23539	0.0618347
39.0697	19.6604	79.1637	0.1546	-3.0813	-0.145149
38.9994	19.6614	79.1732	0.169072	-3.11996	-0.187957
38.8462	18.1987	76.5651	-0.266444	3.01865	0.129421
5.40243	-8.50602	10.3099	-0.250353	1.77745	0.105981
5.20823	-8.59883	10.3095	-0.236045	1.77604	0.092623
-5.19939	8.56671	-10.3152	2.49406	0.330756	2.01083
5.59591	-8.45899	10.2738	-0.263962	1.77893	0.119503
5.59591	-8.45899	10.2738	-0.263962	1.77893	0.119503
-5.85185	8.35851	-10.2208	-2.34183	-0.37887	-1.86758
-3.8308	8.92038	-10.5197	-2.43025	-0.165217	-2.01371
4.11783	-8.81246	10.4888	-0.139242	1.76101	-0.00117646
36.609	15.316	71.2305	0.178704	-1.98657	0.92628
36.8602	15.3582	71.6951	0.175726	-1.98945	0.950532
35.4974	17.5995	72.5998	-0.0754684	3.40857	0.310133
34.5928	17.385	70.6143	-0.0676676	3.52676	0.267285
39.4597	18.9877	81.1812	-0.278017	3.04553	-0.295736
38.1012	18.0295	78.5729	0.139677	-2.13497	0.963039
37.1633	16.6369	74.6318	0.154476	-2.0727	1.00174
37.3507	16.3112	74.2392	-0.37006	2.87491	-0.118379
37.2619	16.3812	74.5923	-0.30491	2.99734	-0.103928
37.9384	17.382	76.9769	-0.320906	3.00318	-0.157064
38.2654	18.808	77.1432	0.157224	-3.12706	-0.225788
37.5652	17.951	73.6686	-0.118115	3.12052	0.410424
37.9365	19.1476	74.6413	0.141219	-3.09991	-0.367814
37.0838	17.5842	75.4923	0.153618	-2.13246	1.01242
37.2135	17.5642	75.873	0.150437	-2.11521	1.05101
39.7288	20.3859	81.5305	-0.26289	3.18496	-0.0383214
39.877	20.7543	82.0402	-0.301378	3.18051	-0.170361
40.3463	21.1676	82.808	-0.315984	3.14295	-0.156091
37.9975	18.2362	76.4572	-0.204802	3.17243	0.109565
37.9975	18.2362	76.4572	-0.204802	3.17243	0.109565
39.0824	19.2427	78.6156	0.196319	-3.06372	0.000215005
39.2687	19.025	78.9853	0.257923	-3.10695	0.117001
38.9032	18.5468	76.955	0.246803	-3.09542	0.029577
39.2488	18.4406	77.2999	-0.341256	3.02502	-0.13161
38.6082	17.404	74.6795	-0.318714	3.02566	-0.0321968
38.8035	17.3752	75.7566	-0.312357	3.03693	-0.133851
39.2913	18.0727	76.6371	0.267257	-3.24279	-0.147312
40.3135	19.27	79.5113	-0.252262	3.06816	0.0667553
40.2547	19.5932	79.0583	0.227146	-3.19024	-0.196284
40.1867	19.3759	77.9149	0.231785	-3.16615	-0.159183
38.6186	18.7566	75.4166	0.125218	-3.05206	-0.24772
38.6577	18.4455	78.2432	0.179017	-2.22022	0.931583
39.2961	18.8658	79.9079	0.160064	-2.24156	0.866083
40.7027	19.8351	79.7313	-0.306419	3.08764	-0.0488566
40.3089	20.0672	79.1874	0.205929	-3.07531	-0.0934056
38.2964	17.6243	76.8321	0.151303	-2.24556	0.793565
38.1773	17.2576	75.6159	0.159565	-2.16122	0.797448
38.1045	17.1605	76.0306	0.164973	-2.09756	0.848505
41.4025	21.3387	86.1645	0.257203	-3.21869	0.102019
40.3465	21.0276	84.0642	0.379542	-3.21934	0.454921
41.2135	21.2349	81.5263	-0.356819	3.14149	-0.194322
41.2778	20.9819	81.2469	-0.42103	3.00472	-0.271684
40.3946	20.3274	81.5282	-0.396685	2.92079	-0.334945
40.8793	20.619	82.8686	-0.339515	3.00467	-0.236274
41.4285	22.0378	83.2119	-0.294331	3.23286	-0.205703
41.0141	21.7398	82.4347	-0.288071	3.16858	-0.186691
39.6011	20.0733	79.8327	-0.194418	3.16008	0.143521
-4.60832	8.79542	-10.4055	-2.39706	-0.251614	-1.95725
-4.34567	8.85799	-10.4364	-2.41243	-0.221554	-1.97414
4.48176	-8.7738	10.4589	-0.172317	1.77035	0.0294209
4.24786	-8.76946	10.4828	-0.151959	1.76993	0.00701869
5.07272	-8.52428	10.3975	-0.209614	1.77879	0.0614063
5.09582	-8.59566	10.3973	-0.212097	1.77603	0.0654448
4.70886	-8.65937	10.4658	-0.186269	1.77183	0.0395857
4.77635	-8.66293	10.4616	-0.191918	1.7719	0.0459744
4.14328	-8.85971	10.5198	-0.148121	1.76446	0.00256069
#Track lost
#Track lost
#Track lost
4.3051	-8.70001	10.5113	-0.163221	1.77057	0.0120744
4.72134	-8.6645	10.4291	-0.189238	1.77616	0.0385395
4.80336	-8.69796	10.4258	-0.197956	1.77406	0.0479571
4.57174	-8.78766	10.4382	-0.17583	1.77091	0.0296425
-4.55027	8.71862	-10.4315	-2.4112	-0.239439	-1.96277
-4.37635	8.72187	-10.4714	2.43518	0.228639	1.99358
-4.45283	8.73083	-10.4707	2.43976	0.236476	1.99592
-4.45283	8.73083	-10.4707	2.43976	0.236476	1.99592
-4.53265	8.69217	-10.4801	-2.40918	-0.238042	-1.96722
-4.53265	8.69217	-10.4801	-2.40918	-0.238042	-1.96722
#Track lost
39.1781	18.9914	75.7816	-0.327459	2.99141	0.112125
38.4249	17.8642	73.4262	-0.306633	2.97056	0.163906
37.8328	17.9535	73.0668	0.217723	-2.11091	0.96672
39.2695	20.1228	76.823	0.158696	-3.12941	-0.217714
38.6284	19.2292	77.0725	0.163429	-2.20819	0.909686
38.6509	19.4382	75.4271	0.145742	-3.08621	-0.168294
38.6734	19.465	75.4759	0.146174	-3.08296	-0.161703
38.4325	18.9336	75.0808	0.202329	-3.01893	0.0019266
37.2883	19.1461	73.3872	0.119374	-2.97854	-0.204882
37.2883	19.1461	73.3872	0.119374	-2.97854	-0.204882
38.5306	18.6368	75.4363	0.365293	-3.19275	0.266249
38.5307	18.6369	75.4365	0.365294	-3.19275	0.266256
38.0593	19.5899	73.3272	0.163765	-2.94998	-0.120568
39.1209	19.8196	75.117	0.248381	-3.02676	0.00639206
39.063	19.5623	75.5192	0.249393	-3.05558	0.0507478
37.7016	18.5427	74.1351	0.18966	-2.13334	0.854213
37.2574	18.1632	74.0452	0.16727	-2.15286	0.816904
38.9851	19.3483	75.6617	0.160357	-3.15403	-0.240236
37.5443	18.3619	72.3121	0.170688	-3.23216	-0.316246
38.1083	19.3078	74.7966	-0.162106	2.97975	0.348276
37.4129	18.9683	73.6864	-0.128072	3.01654	0.373154
38.6585	20.2337	76.7938	0.262167	-3.22391	-0.0735926
38.6585	20.2337	76.7938	0.262167	-3.22391	-0.0735926
37.6146	18.2971	73.0422	-0.300191	2.92706	0.0862776
37.6131	18.296	73.0387	-0.300179	2.92702	0.0863451
38.1309	19.4483	75.4436	0.210018	-3.2682	-0.22933
38.0958	19.3585	75.4256	0.216684	-3.2673	-0.208384
37.3814	18.7757	74.0054	0.179647	-2.13122	0.958061
38.9629	20.2331	75.7686	0.313942	-3.23051	-0.023529
39.3382	20.8179	77.0423	0.322506	-3.2197	0.0166384
37.8433	19.5805	75.2664	0.186385	-2.21381	0.901818
37.6095	19.2465	73.0949	0.195892	-3.13907	-0.126665
37.4047	19.0483	72.8285	0.201695	-3.18503	-0.206806
36.4959	17.9126	72.7913	0.153055	-2.09332	0.915918
36.5522	17.9693	72.6042	0.151437	-2.12771	0.891992
37.6921	19.439	74.6242	0.18835	-2.17519	0.950241
37.2783	19.2752	73.4675	0.191363	-2.06219	0.967838
37.7563	19.7813	75.678	0.220086	-3.16239	-0.0797265
37.0173	18.9961	74.2958	-0.28975	2.9818	-0.119818
38.8237	21.3216	78.6735	-0.345697	3.0685	-0.241595
39.054	22.2449	79.2862	0.202823	-2.16756	0.992504
38.7014	21.4435	77.434	-0.304381	3.03044	-0.0344417
38.5189	21.3177	77.094	-0.303082	3.01432	-0.0294087
35.6244	18.4379	73.4651	0.0978852	-2.10234	0.909296
36.4675	18.9422	75.0415	0.113308	-2.13987	0.929767
37.067	18.7958	72.4167	0.240305	-3.277	-0.156221
36.6101	18.3117	71.9314	0.336012	-3.30797	0.0329912
36.6101	18.3117	71.9314	0.336012	-3.30797	0.0329912
36.8524	18.7672	73.9386	0.292891	-3.35508	-0.0090657
36.5429	18.6711	73.746	0.234218	-3.29573	-0.014647
36.6115	18.8515	74.6652	0.234838	-3.30574	0.024207
36.2546	18.4179	74.2086	0.251423	-3.30093	0.0944682
37.7808	20.9917	80.1524	-0.254363	2.97274	-0.232338
37.6195	21.0346	79.9148	-0.27328	2.96055	-0.284685
36.5021	19.6848	73.2797	0.149079	-3.13572	-0.154118
36.2935	19.5989	72.7588	0.157347	-3.13357	-0.154236
36.9558	20.0963	73.9312	0.176921	-3.17163	-0.154985
37.4522	20.9094	75.0398	0.177918	-3.10957	-0.0882452
37.4403	20.6259	75.1432	0.201579	-3.10897	-0.0127248
37.9108	21.4753	76.8118	-0.234631	3.17038	-0.012612
37.9108	21.4753	76.8118	-0.234631	3.17038	-0.012612
38.0114	23.0497	77.539	0.15212	-3.14325	-0.294753
37.157	22.3986	75.3681	0.16552	-3.15154	-0.344261
38.351	21.2945	75.5702	0.361045	-3.32648	-0.167384
36.6225	20.03	74.0016	0.174837	-2.08179	1.05048
36.5231	19.9053	71.9698	0.211691	-2.09905	1.06001
36.4998	20.1554	71.8903	0.203301	-2.05686	1.12152
36.495	20.7432	71.4657	0.247482	-3.16299	-0.263818
38.2111	23.6098	77.3632	0.247145	-3.04067	-0.0568174
38.7819	23.526	78.0786	-0.359588	3.03245	-0.064843
38.6066	23.4961	77.8615	-0.369086	3.00488	-0.0285982
38.7752	23.6476	78.4254	-0.365645	3.07036	-0.0577096
37.5654	21.6493	75.8142	0.356714	-3.254	-0.0255385
37.5654	21.6493	75.8142	0.356714	-3.254	-0.0255385
36.9708	21.2421	74.5054	-0.311538	3.09237	0.0135692
36.9806	21.2509	74.5243	-0.311709	3.09362	0.0134698
36.44	21.1452	73.3303	0.266268	-3.18416	-0.0810888
38.2594	24.6999	77.2451	-0.28461	3.17002	0.157985
38.2176	24.6599	77.2444	-0.285731	3.14827	0.185715
36.3259	21.4144	74.9759	0.216493	-3.22999	-0.109258
36.119	21.3643	74.9365	0.250028	-3.19159	0.0429887
35.0953	19.5408	71.4376	0.230255	-3.23743	-0.0520276
35.3394	19.3941	71.691	0.292277	-3.29761	-0.0119222
35.7617	20.0509	72.0891	0.30218	-3.26378	-0.0276894
35.358	19.7339	71.4036	0.230445	-3.22772	-0.128229
36.1094	22.1693	73.4534	-0.195139	3.23265	0.130927
35.4514	21.6659	71.7913	-0.205923	3.21165	0.174114
36.3098	22.4278	73.3222	-0.230578	3.09509	0.249551
36.0764	21.9744	73.8841	0.230327	-3.18971	-0.198428
35.062	21.301	72.2257	0.174726	-3.12469	-0.22212
35.8123	21.7264	72.9127	0.23059	-3.17136	-0.220069
35.9994	22.1584	73.4432	0.255157	-3.15293	-0.133349
34.8475	20.7253	70.8211	0.216216	-3.1216	-0.14743
35.2336	20.7486	71.5416	0.269973	-3.15126	-0.057471
35.2618	20.9241	70.9118	0.271274	-3.12722	-0.103957
35.2812	21.0009	70.677	0.228365	-3.1591	-0.26772
35.2812	21.0009	70.6769	0.228366	-3.1591	-0.267721
36.5748	22.9025	74.8932	-0.279969	3.1174	0.108087
36.3476	23.1981	74.3845	0.227664	-3.12176	-0.227664
36.6281	24.02	77.865	-0.239362	3.07122	0.0039007
36.9101	23.9106	78.8626	-0.292025	3.12668	-0.170724
37.6842	25.3686	81.136	-0.318901	3.16137	-0.234768
37.021	24.9068	79.9358	-0.374317	2.98438	-0.197594
37.3316	24.8214	78.802	-0.377339	3.0633	-0.105325
37.2669	24.658	78.6398	-0.365234	3.05661	-0.0467797
34.5738	23.5058	73.4635	-0.166454	3.2544	0.271449
37.1445	24.6214	77.5598	-0.325524	2.93934	0.112861
37.1445	24.6214	77.5598	-0.325524	2.93934	0.112861
35.3259	21.6605	71.1367	0.302839	-3.29551	-0.278556
35.8793	22.2024	72.2628	0.305426	-3.24912	-0.274789
35.7182	22.6643	71.8911	0.28032	-3.16425	-0.286426
34.8417	21.6846	70.4901	0.260827	-3.10054	-0.215004
36.043	24.0088	75.8329	-0.282206	3.20915	0.0758689
36.2363	24.1703	76.1662	-0.289489	3.09563	0.0743408
37.0314	25.6543	80.8927	-0.304945	3.07522	-0.117387
35.8619	24.8628	78.5734	-0.221249	3.20593	-0.0130236
33.4595	23.3049	73.605	-0.109318	3.34263	0.179118
32.588	22.6547	71.1378	-0.116876	3.39314	0.153992
35.4258	24.8028	77.0373	-0.224455	3.24808	-0.0310819
35.5553	23.6879	74.6339	-0.278876	3.14556	0.0467914
34.9281	23.1705	72.9912	-0.285212	3.1352	0.0928125
33.7978	23.3575	72.6285	-0.165224	3.22848	0.24077
33.7978	23.3575	72.6285	-0.165224	3.22848	0.24077
33.892	23.7576	72.5591	0.196097	-2.97326	-0.0890523
34.7056	24.1877	74.1507	0.246753	-3.01675	-0.0107288
34.7404	24.2992	74.271	0.252173	-3.00377	0.0204304
34.751	25.1253	74.9324	0.199207	-3.00602	-0.0914586
34.7587	25.1472	74.9611	0.200032	-3.00364	-0.0861959
34.4281	24.9275	74.3964	0.183718	-2.98543	-0.0999299
34.1373	24.4269	73.8252	0.188828	-2.95661	-0.0529392
33.452	22.7159	70.121	0.195408	-3.02445	-0.155958
33.8043	22.6792	70.7781	0.232317	-3.03537	-0.0801669
33.7869	22.1769	73.4611	0.176941	-2.30129	0.93165
33.7869	22.1769	73.4611	0.176941	-2.30129	0.931651
34.5634	23.3958	73.2391	0.264432	-3.04864	0.0383525
34.5634	23.3958	73.2391	0.264432	-3.04864	0.0383523
35.4417	24.1704	74.7913	0.325377	-3.13198	0.0472483
34.8301	23.2467	74.3681	0.315146	-3.1256	0.143548
34.6316	22.9133	73.9906	0.310225	-3.17798	0.0240185
34.0409	22.3993	71.0702	0.266601	-3.12864	-0.137331
33.6777	22.2581	70.616	0.30538	-3.20798	-0.104187
34.6279	24.1783	76.317	-0.351682	2.9889	-0.176305
35.7486	25.6893	78.2439	0.278012	-3.08626	0.112024
36.0776	26.3191	79.3451	0.27962	-3.05194	0.14123
35.8267	25.9799	78.8649	0.276241	-3.05781	0.115512
35.5355	25.6306	78.3172	0.267981	-3.03688	0.129612
35.4579	25.6075	79.5512	0.300223	-3.10207	0.233166
34.2811	24.3993	77.8327	0.166546	-2.31182	0.868055
33.6399	22.3843	73.3991	0.288285	-3.13856	0.177307
32.4346	21.5024	71.8277	0.137384	-2.16408	0.918629
34.4984	24.1578	74.77	0.290979	-3.21281	-0.0253981
34.2901	23.4938	74.4899	0.359837	-3.24143	0.11292
33.8055	24.4538	77.4195	0.23904	-3.09842	0.243065
33.1617	23.6858	75.3565	-0.226408	3.1963	-0.213222
33.5201	23.2513	75.4786	-0.335386	2.97056	-0.304867
33.7193	23.6252	76.4769	-0.344935	2.92511	-0.307441
34.0217	24.1694	76.6575	-0.32721	3.0285	-0.285641
34.1149	25.4819	76.5473	0.158402	-3.09171	-0.0646162
34.1149	25.4819	76.5473	0.158402	-3.09171	-0.0646162
34.0797	26.155	75.2486	-0.280656	3.19251	0.103685
33.772	25.7199	74.5824	-0.284209	3.20772	0.0833113
33.48	24.999	73.0664	-0.269074	3.20865	0.117829
33.9352	24.6201	74.0697	-0.354745	3.13948	-0.0830623
34.0866	24.9746	74.6553	-0.332132	3.16073	0.00416544
34.0862	25.9194	74.9309	-0.315279	3.18509	0.0708517
33.5709	24.4982	73.503	-0.291352	3.12036	0.0731456
33.5899	24.4466	73.3942	-0.281818	3.14531	0.0554838
34.6728	25.204	75.2401	-0.355198	3.02879	0.00197929
34.7778	24.8984	75.0276	-0.323711	3.07993	-0.0354446
34.0097	24.2539	73.7282	-0.282316	3.15468	-0.0213684
33.0693	23.3739	72.362	0.311141	-3.1753	-0.0279669
33.0693	23.3739	72.362	0.311141	-3.1753	-0.0279669
34.3693	26.0663	75.0683	-0.296768	3.25786	-0.0439047
34.3693	26.0663	75.0683	-0.296768	3.25786	-0.0439047
34.3408	25.8191	77.3427	-0.335956	3.14331	-0.284574
34.2266	26.1738	77.0627	0.261443	-3.0382	0.136136
32.7975	23.7277	75.9432	0.14634	-2.31875	0.929453
33.0634	24.5188	75.5394	0.184828	-3.07907	0.0425665
33.5714	24.4121	76.1768	0.208864	-3.12807	0.0564299
33.4538	24.429	74.3616	0.23563	-3.11881	-0.0337233
33.2115	24.4811	73.8525	0.202381	-3.10647	-0.102302
33.2423	24.5213	74.1996	0.205261	-3.11221	-0.0813551
33.3321	24.3205	74.4342	0.232486	-3.11403	-0.00935958
33.0694	24.891	75.3386	0.179316	-3.05026	-0.0124068
33.0694	24.891	75.3386	0.179316	-3.05026	-0.0124068
33.505	25.8427	76.4364	0.195754	-3.01614	0.0187866
33.505	25.8427	76.4364	0.195754	-3.01614	0.0187866
33.1369	24.8513	75.7048	-0.242038	3.13366	-0.11375
34.5219	26.6758	78.2168	-0.293007	3.06796	-0.0794263
34.3132	26.7393	78.1333	-0.318758	3.01177	-0.0398463
33.4983	25.4044	75.82	-0.273838	3.02302	0.0230895
30.9915	22.9035	70.9701	-0.186184	3.22277	0.0336476
30.8232	22.3404	69.9735	-0.18568	3.19972	0.05444
31.9617	23.2694	72.3832	-0.244707	3.09929	-0.0113233
32.0249	24.3903	75.6384	-0.267826	3.07311	-0.172003
32.552	24.7688	76.5515	-0.328728	2.9682	-0.214317
31.8791	24.2281	73.4122	0.17653	-3.13687	-0.0652615
31.8515	24.2008	73.3294	0.177152	-3.13748	-0.0676257
32.5421	25.0301	74.8137	0.236584	-3.18584	-0.0201873
32.3789	24.8704	71.6056	-0.244558	3.1136	0.187745
32.2699	24.5835	71.1212	-0.218597	3.12106	0.224516
32.421	25.506	74.7113	-0.225222	3.21428	0.00422642
32.6949	26.2948	75.9726	-0.286152	3.18082	-0.100133
32.4315	25.3122	74.2311	-0.303993	3.15087	-0.0893151
33.3105	26.6927	77.3087	0.192514	-2.22025	1.24561
32.8117	25.4927	75.1773	0.182865	-2.17767	1.24172
31.4422	24.4981	70.2549	0.133469	-3.10065	-0.320207
31.4422	24.4981	70.2549	0.133469	-3.10065	-0.320207
33.4021	26.9336	77.0517	-0.291802	3.12149	0.0109803
32.7704	26.9703	75.645	-0.216943	3.16194	0.176271
31.7206	24.0279	71.0995	0.213237	-3.191	-0.242789
5.25964	-8.15786	10.6381	-0.273429	1.74842	0.084365
5.13516	-8.18556	10.6526	-0.265985	1.7466	0.0768844
5.15064	-8.19681	10.6534	-0.266939	1.7466	0.0784401
5.21296	-8.18277	10.6463	-0.270741	1.74746	0.082383
5.11402	-8.17979	10.6513	-0.262289	1.74741	0.072446
#Track lost
-4.15143	8.42638	-10.7885	-2.38597	-0.261541	-2.02501
-4.15143	8.42638	-10.7885	-2.38597	-0.261541	-2.02501
#Track lost
#Track lost
#Track lost
#Track lost
4.84832	-8.1626	10.7228	-0.251546	1.74108	0.0597297
#Track lost
#Track lost
#Track lost
#Track lost
#Track lost
#Track lost
#Track lost
#Track lost
#Track lost
#Track lost
#Track lost
5.59802	-7.96607	10.6388	-0.305757	1.74802	0.112866
4.54358	-8.35019	10.778	-0.216747	1.73305	0.0266096
3.37486	-8.55153	10.9204	-0.136368	1.71212	-0.052665
-3.86202	8.44407	-10.8474	2.36637	0.247598	2.03293
-3.86202	8.44407	-10.8474	2.36637	0.247598	2.03293
-4.00925	8.50102	-10.8251	2.37673	0.265291	2.03436
-4.45931	8.3753	-10.7741	2.40524	0.309699	2.03794
-4.49044	8.3716	-10.7743	2.40706	0.312895	2.03852
4.6637	-8.33891	10.7594	-0.231306	1.73171	0.0406229
-4.78194	8.30042	-10.7164	-2.35762	-0.331257	-1.98351
#Track lost
#Track lost
#Track lost
#Track lost
#Track lost
#Track lost
#Track lost
#Track lost
#Track lost
#Track lost
#Track lost
#Track lost
#Track lost
#Track lost
#Track lost
#Track lost
#Track lost
#Track lost
#Track lost
#Track lost
27.9141	24.1163	67.0851	0.150535	-3.15429	-0.292941
28.7594	24.6034	68.8062	0.214084	-3.19922	-0.219019
#Track lost
#Track lost
-4.17487	8.44029	-10.8463	2.38073	0.297767	2.0435
-4.30281	8.32405	-10.8405	2.39054	0.311686	2.04306
31.0597	28.6093	78.1599	-0.392895	2.89671	-0.242168
28.8097	25.4763	71.0215	0.207572	-3.13217	-0.0324527
28.8097	25.4763	71.0215	0.207572	-3.13217	-0.0324527
28.316	24.509	66.8255	0.212552	-3.09898	-0.19417
27.8866	24.0014	65.4527	0.228348	-3.11387	-0.22809
28.1462	25.4968	68.4312	0.182649	-3.13176	-0.238183
28.9824	25.4036	70.31	0.289002	-3.16121	-0.0144393
29.0139	26.1638	74.4557	0.289009	-3.19227	0.226271
28.0544	25.1331	73.6251	0.122435	-2.34871	1.0218
28.0544	25.1331	73.6251	0.122435	-2.34871	1.0218
28.4542	26.4507	75.3227	0.13086	-2.35225	1.10799
28.3857	26.5958	75.5465	0.127912	-2.36142	1.12924
27.9584	25.4778	73.7997	0.111845	-2.31779	1.12226
28.013	25.2406	73.698	0.122265	-2.35338	1.05513
-4.07978	8.35145	-10.8809	-2.36095	-0.285945	-2.04402
-4.07978	8.35145	-10.8809	-2.36095	-0.285945	-2.04402
-4.31863	8.25254	-10.881	-2.35363	-0.312283	-2.02705
4.30837	-8.20334	10.8961	-0.225511	1.71375	0.0227779
3.99946	-8.2277	10.955	-0.202608	1.70898	-0.00199206
4.23827	-8.1729	10.934	-0.219069	1.7124	0.0139364
4.09389	-8.21107	10.959	-0.207157	1.71037	0.00472777
3.87426	-8.26082	10.9909	-0.193413	1.7054	-0.0115448
28.8214	30.1278	73.4618	0.214063	-3.08191	-0.232611
3.56291	-8.33916	10.995	-0.17362	1.70024	-0.0305109
#Track lost
#Track lost
#Track lost
#Track lost
#Track lost
#Track lost
#Track lost
#Track lost
#Track lost
#Track lost
4.6847	-8.06202	10.8846	-0.265805	1.71574	0.0541757
4.72417	-8.0467	10.8821	-0.269468	1.71601	0.0576249
-4.98898	8.01509	-10.8372	2.42177	0.407441	2.06355
-4.9492	8.03783	-10.8367	2.41947	0.403431	2.06301
-4.9492	8.03783	-10.8367	2.41947	0.403431	2.06301
-4.70696	8.25368	-10.8111	2.40702	0.372998	2.06177
26.4278	26.1584	71.3606	0.193633	-3.16245	0.00524519
25.7742	26.7608	76.0534	0.0563604	-2.43354	0.907106
25.7732	26.9348	76.3956	0.0545653	-2.4493	0.913708
26.0724	28.2545	78.7331	0.0585513	-2.53243	0.850998
26.3108	28.6781	78.6694	0.102769	-2.88915	0.448457
-4.66548	8.10855	-10.8765	2.40202	0.36774	2.06149
-4.66548	8.10855	-10.8765	2.40202	0.36774	2.06149
#Track lost
#Track lost
#Track lost
#Track lost
#Track lost
#Track lost
#Track lost
#Track lost
#Track lost
#Track lost
#Track lost
#Track lost
#Track lost
-4.07969	8.2764	-10.9536	2.36211	0.306062	2.05993
4.51654	-8.11222	10.9374	-0.248604	1.70895	0.0350616
4.31906	-8.16323	10.9584	-0.233197	1.70462	0.0203983
3.79476	-8.23041	11.0258	-0.20054	1.69581	-0.0116702
3.79476	-8.23041	11.0258	-0.20054	1.69581	-0.0116702
-3.79435	8.31497	-10.986	2.34436	0.275129	2.05777
-3.79435	8.31497	-10.986	2.34436	0.275129	2.05777
-3.84639	8.29956	-10.9818	2.34759	0.283137	2.0601
3.92533	-8.17433	11.0304	-0.211287	1.69715	-0.00183365
3.87818	-8.18976	11.0282	-0.206702	1.69677	-0.00631985
25.2701	25.8982	67.4232	0.18717	-3.13598	-0.112006
-4.61844	8.19263	-10.8776	-2.33122	-0.354626	-2.0149
-4.4571	8.14484	-10.9233	-2.33658	-0.341909	-2.02339
-4.3698	8.17751	-10.9342	2.37844	0.334766	2.06184
-3.97145	8.23317	-10.9908	2.35444	0.294496	2.05954
-3.98749	8.23234	-10.9873	2.35519	0.295699	2.05959
-3.91523	8.27222	-10.9776	2.35292	0.295219	2.0628
-3.92906	8.32802	-10.9608	2.35219	0.298246	2.06322
-3.99236	8.24568	-10.9702	2.35716	0.303814	2.06503
#Track lost
#Track lost
#Track lost
#Track lost
#Track lost
#Track lost
#Track lost
#Track lost
#Track lost
-4.32137	8.2058	-10.9311	-2.33859	-0.328708	-2.03559
-4.11428	8.27308	-10.9504	-2.34519	-0.308949	-2.05204
-3.43712	8.42377	-10.9996	2.32326	0.248618	2.06084
-3.58465	8.34322	-10.9993	2.33471	0.263152	2.06156
-4.17958	8.21379	-10.9544	-2.34364	-0.313932	-2.04459
-4.17958	8.21379	-10.9544	-2.34364	-0.313932	-2.04459
-4.31603	8.23537	-10.9186	2.37648	0.339344	2.06628
-4.0437	8.25982	-10.9629	-2.34631	-0.305319	-2.05376
#Track lost
#Track lost
#Track lost
#Track lost
#Track lost
#Track lost
#Track lost
#Track lost
#Track lost
#Track lost
#Track lost
#Track lost
#Track lost
#Track lost
#Track lost
#Track lost
-4.08825	8.22692	-10.9888	2.35621	0.311299	2.06647
-4.08825	8.22692	-10.9888	2.35621	0.311299	2.06647
3.78751	-8.18592	11.0671	-0.200659	1.69132	-0.0159523
3.9996	-8.14501	11.0443	-0.216591	1.69561	-0.000654233
4.12583	-8.11031	11.0316	-0.229036	1.69655	0.0113739
4.43136	-8.09542	10.977	-0.247375	1.70164	0.0300077
#Track lost
#Track lost
#Track lost
#Track lost
#Track lost
#Track lost
#Track lost
#Track lost
#Track lost
-3.58635	8.33372	-11.041	2.33052	0.267393	2.06333
-3.58635	8.33372	-11.041	2.33052	0.267393	2.06333
-3.44983	8.33062	-11.0543	2.32152	0.249792	2.05874
3.92066	-8.18047	11.0466	-0.209196	1.69397	-0.00737596
4.06848	-8.13905	11.0331	-0.22347	1.69521	0.00635353
4.06848	-8.13905	11.0331	-0.22347	1.69521	0.00635353
-4.5342	8.18364	-10.9258	-2.33857	-0.337076	-2.0298
-4.5342	8.18364	-10.9258	-2.33857	-0.337076	-2.0298
-3.9119	8.29691	-10.9893	2.34626	0.292963	2.06504
-3.9119	8.29691	-10.9893	2.34626	0.292963	2.06504
#Track lost
#Track lost
3.81964	-8.15966	11.0693	-0.207963	1.69034	-0.00905148
3.66493	-8.19472	11.0843	-0.192873	1.68904	-0.0237552
#Track lost
#Track lost
#Track lost
#Track lost
#Track lost
-3.93256	8.23861	-11.017	-2.34943	-0.29228	-2.07133
-4.07775	8.20304	-11.0105	-2.34569	-0.306673	-2.05886
-4.33201	8.184	-10.9608	-2.33832	-0.327688	-2.04217
-4.33201	8.184	-10.9608	-2.33832	-0.327688	-2.04217
4.40675	-8.10031	10.9794	-0.243009	1.70032	0.0273861
4.40675	-8.10031	10.9794	-0.243009	1.70032	0.0273861
4.17718	-8.15808	11.0065	-0.22296	1.69818	0.00802805
4.04598	-8.18997	11.0171	-0.215855	1.69642	0.00112882
4.05048	-8.16183	11.0231	-0.225501	1.69479	0.00710358
#Track lost
#Track lost
#Track lost
#Track lost
#Track lost
#Track lost
#Track lost
-4.24582	8.13593	-11.0053	-2.34161	-0.323612	-2.04722
4.08021	-8.17594	11.0252	-0.21913	1.69664	0.00122582
4.08021	-8.17594	11.0252	-0.21913	1.69664	0.00122582
-4.0286	8.21207	-11.0164	2.34977	0.2983	2.06093
-4.25527	8.16822	-10.9887	2.36457	0.323515	2.06245
-4.52493	8.08975	-10.9702	2.37926	0.349581	2.06386
-4.52493	8.08975	-10.9702	2.37926	0.349581	2.06386
-4.50231	8.16731	-10.94	2.37797	0.344186	2.0632
-4.4714	8.13255	-10.9413	2.37583	0.341348	2.06156
-3.81475	8.2048	-11.0336	2.33982	0.283773	2.05894
-3.85829	8.23164	-11.0316	2.34275	0.287498	2.06024
3.55319	-8.1897	11.0905	-0.182642	1.68785	-0.0305449
3.95471	-8.24297	11.006	-0.204169	1.69557	-0.00703021
3.95471	-8.24297	11.006	-0.204169	1.69557	-0.00703021
-4.03766	8.24267	-10.9895	2.35134	0.290331	2.06099
-4.03766	8.24267	-10.9895	2.35134	0.290331	2.06099
#Track lost
#Track lost
#Track lost
#Track lost
#Track lost
#Track lost
24.3584	24.6549	67.0992	0.248431	-3.09924	0.293859
24.1428	23.4049	62.0667	-0.253569	3.15839	0.0274966
24.7478	24.3777	63.4893	0.26956	-3.15115	-0.0517123
24.6319	23.8329	63.7683	0.268096	-3.17248	0.0405488
24.6267	24.0381	63.7386	0.25432	-3.17574	-0.00408405
24.6407	24.6819	64.5857	0.248671	-3.14171	-0.00638387
24.6407	24.6819	64.5857	0.248671	-3.14171	-0.00638387
23.4905	23.0393	61.1247	0.186013	-3.08825	-0.101867
23.4905	23.0393	61.1247	0.186013	-3.08825	-0.101867
24.6318	24.0562	63.7213	0.263577	-3.16245	-0.0159712
23.9882	23.0311	60.8757	0.216887	-3.14901	-0.151866
23.988	23.0301	60.8748	0.216863	-3.1491	-0.152069
24.1433	24.3574	64.3689	0.212189	-3.10443	0.0088021
24.8429	24.7592	65.8172	-0.253945	3.12306	-0.0997145
24.8986	25.1808	65.3394	-0.261265	3.15596	-0.0406876
24.6526	24.8407	64.4625	-0.22739	3.19457	-0.00779665
24.39	22.9623	62.9428	0.216867	-3.15192	0.0259206
24.5738	23.3867	63.6972	0.263057	-3.20157	0.0222711
23.6859	21.7168	56.536	0.238994	-3.11891	-0.28203
23.6859	21.7168	56.536	0.238994	-3.11891	-0.28203
5.0624	-7.98033	10.8998	-0.271499	1.71224	0.0574111
-5.0049	8.03227	-10.8909	-2.3296	-0.365074	-2.00484
5.38811	-7.89418	10.8438	-0.29555	1.7219	0.0791654
-4.92829	8.14438	-10.8569	-2.33507	-0.360143	-2.00394
-4.84653	8.12287	-10.8655	-2.34008	-0.352592	-2.0099
-4.4856	8.18585	-10.9115	2.3761	0.329199	2.05695
-4.50234	8.215	-10.9176	2.37749	0.32989	2.05763
-4.60082	8.16536	-10.9188	2.38272	0.340096	2.05817
-4.60431	8.16833	-10.9186	2.38296	0.340395	2.0583
-4.34379	8.24381	-10.947	2.36512	0.311245	2.05716
4.06535	-8.20194	11.0223	-0.20845	1.69873	-0.00742815
4.02962	-8.18699	11.0296	-0.205385	1.69817	-0.00956842
3.6683	-8.21483	11.0816	-0.17982	1.69072	-0.0345809
3.6683	-8.21485	11.0816	-0.17982	1.69072	-0.0345802
4.05072	-8.15583	11.0445	-0.204427	1.69727	-0.0107419
25.4593	26.096	64.691	-0.231655	3.13135	0.217238
23.6481	24.082	60.645	-0.156738	3.21294	0.278733
23.6366	24.1886	60.681	-0.161533	3.23079	0.253094
23.6366	24.1886	60.681	-0.161533	3.23079	0.253094
24.4297	21.8687	61.4063	0.22849	-3.16533	0.0285783
24.6701	22.1121	61.9091	0.24563	-3.18492	0.0388883
25.2039	25.0782	65.8195	-0.255267	3.2012	-0.0419802
24.7204	25.3881	64.7125	0.179268	-3.05683	-0.132835
24.53	23.642	60.1649	0.221216	-3.06258	-0.225121
24.5268	23.649	60.1576	0.220816	-3.05961	-0.226433
24.4387	22.5098	58.1305	-0.2399	3.18573	0.265693
24.4776	22.3846	58.2359	-0.239694	3.14156	0.236253
23.651	21.5176	57.7609	-0.212573	3.21301	0.192195
24.3744	22.5271	59.3888	0.22252	-3.0959	-0.19984
24.251	22.2546	58.7747	0.192722	-3.05654	-0.179558
23.9165	20.0106	55.8871	0.216893	-3.2001	-0.287324
24.111	19.8502	56.3486	0.248648	-3.15947	-0.204395
24.3596	21.3544	59.5477	0.252093	-3.11712	-0.0482373
23.8141	21.3303	58.4004	0.195187	-3.08595	-0.158723
23.7894	21.0847	59.3808	0.185657	-3.10184	-0.0793026
25.4808	22.2705	62.8189	0.335929	-3.22846	0.0771793
24.422	22.4612	62.4153	0.211537	-3.1146	-0.0315008
24.422	22.4615	62.4154	0.211518	-3.1145	-0.0315298
24.5652	22.7547	62.665	0.197475	-3.06648	0.0327284
24.4043	21.6667	60.6669	0.202559	-3.10537	-0.0317561
25.1385	22.2625	62.1292	0.265903	-3.21428	-0.0860767
24.7054	21.0943	60.5186	-0.272365	3.08727	0.0144708
24.7041	20.998	60.3301	-0.259306	3.11758	-0.00753569
25.3641	22.4056	62.0968	-0.295588	3.11313	-0.023997
25.3487	22.4683	62.2308	-0.306304	3.0835	0.00412497
25.4351	22.5042	63.9194	-0.29292	3.09165	-0.188078
25.375	22.7232	63.7472	0.270147	-3.14222	0.121478
25.3818	22.7688	62.1368	-0.265118	3.13599	0.036637
24.7011	22.128	60.6235	-0.229887	3.18232	0.0823449
25.3178	22.5004	61.9502	-0.267096	3.13731	0.0241262
25.0993	21.5931	63.0187	0.252754	-3.18137	0.105826
25.1686	21.6312	63.1545	0.259785	-3.18825	0.112577
25.3937	22.4265	62.8651	-0.267042	3.11305	-0.0400725
24.9721	22.2658	62.0088	-0.240707	3.16489	-0.0231698
25.4117	22.1359	63.4478	-0.291643	3.09164	-0.177971
25.4117	22.1359	63.4478	-0.291643	3.09164	-0.177971
