22.9579	-15.4485	70.9528	-2.59269	-1.65393	0.354118
21.396	-14.5871	66.567	2.62226	1.60959	-0.142474
20.7228	-14.7692	68.7506	-2.61648	-1.61343	0.257443
-8.21799	2.90442	11.3337	1.4419	1.05417	-1.66891
-7.8751	3.34266	11.3244	1.46934	1.01412	-1.71197
40.5693	-21.6301	70.6982	-0.312886	0.457295	1.25424
-8.22249	2.59	11.3844	1.432	1.08555	-1.63795
-7.94125	3.07643	11.3709	1.45516	1.04558	-1.68681
1.32479	10.325	-9.78948	0.702135	-1.33115	-1.758
40.4203	-24.2486	66.1461	-0.305795	0.179072	1.17522
42.9476	-25.6099	67.1354	-0.0531629	0.0917504	1.13291
38.282	-23.6802	61.7353	-0.245365	-0.0330272	1.09296
39.7107	-24.5503	63.2031	-0.24913	-0.0169064	1.09387
43.4909	-25.8856	64.8437	-0.179647	0.190635	1.19164
44.2872	-25.2727	65.6899	-0.187686	0.248894	1.22541
44.8384	-25.9511	65.3358	-0.0712228	0.0595484	1.1427
27.1038	-19.0456	63.5764	2.40009	1.63024	-0.131621
28.1525	-20.0954	66.137	2.36677	1.64821	-0.195029
26.6958	-18.9828	64.4589	2.3913	1.6325	-0.20924
26.8374	-19.1568	63.8119	2.34737	1.62119	-0.185776
27.979	-20.0031	68.312	2.41544	1.71092	-0.349955
26.5767	-19.2727	64.526	2.44269	1.66741	-0.146921
25.8744	-19.3082	63.4505	2.40631	1.66706	-0.127801
26.0104	-19.6192	64.4116	2.37751	1.70381	-0.233454
25.4147	-19.3537	64.4089	2.35929	1.66152	-0.24259
26.9425	-19.3785	66.6848	-2.79225	-1.8957	0.223444
25.1023	-18.7406	64.8235	-2.73931	-1.86469	0.184488
23.9303	-18.4325	64.2472	2.37385	1.67852	-0.210465
23.8319	-18.4131	63.5218	2.43708	1.6852	-0.126551
23.6919	-18.04	65.3444	-2.74858	-1.8289	0.0974242
22.3856	-17.2676	62.8387	2.48035	1.6212	-0.0715567
20.2158	-17.7087	63.6574	2.40239	1.72355	-0.28664
19.9466	-17.0951	64.7437	2.39745	1.64699	-0.218764
21.4847	-17.7142	69.2781	-2.67712	-1.89049	0.396211
18.8301	-16.2605	66.1843	2.44236	1.63606	-0.240818
19.6732	-16.0899	67.1797	-2.70041	-1.79125	0.179917
17.1937	-15.4849	66.627	2.44502	1.66952	-0.313075
14.9672	-13.7273	63.5472	2.52177	1.65459	-0.240373
14.0313	-13.3659	65.5511	-2.68638	-1.71576	0.208254
12.4975	-12.4322	65.0102	2.60562	1.64717	-0.113411
12.0879	-12.3409	66.9189	-2.58986	-1.67568	0.296138
10.8613	-10.9745	65.7723	2.59678	1.62934	-0.211507
9.26269	-10.9594	64.71	2.50554	1.63754	-0.34041
8.45263	-10.1124	66.4051	2.5099	1.63191	-0.339168
5.87849	-8.63948	63.3595	2.60421	1.60792	-0.243005
3.55555	-7.56623	61.12	2.54732	1.57378	-0.0671369
4.61957	-7.43158	70.6314	-2.54525	-1.64266	0.649619
3.52204	-7.15908	67.5956	-2.55586	-1.59849	0.414673
1.7997	-6.45341	65.083	2.67095	1.6888	-0.178253
1.1634	-5.4747	69.7059	2.53151	1.56232	-0.511037
-0.184475	-4.2927	68.2574	-2.54807	-1.55001	0.757186
-0.673927	-3.36831	71.1314	2.61123	1.59062	-0.627207
-2.20748	-3.32112	67.9132	-2.4995	-1.48296	0.55474
-2.80925	-2.30523	67.6708	2.57993	1.57248	-0.391251
-1.99043	-1.82168	71.6497	-2.40646	-1.45553	0.767533
-3.73163	-2.09835	70.7432	-2.50782	-1.47615	0.564058
-4.9055	-1.2571	65.2058	2.71562	1.60516	0.116258
-4.80024	-0.95926	70.6166	-2.54611	-1.52306	0.51184
-4.41698	-1.20798	71.0319	-2.52202	-1.49391	0.603078
-4.91746	-1.3495	68.9559	-2.59716	-1.55903	0.665219
-4.81847	-1.53814	71.1112	-2.46406	-1.4969	0.531316
-5.63097	-0.989999	69.7457	-2.50958	-1.47973	0.314728
-5.5466	-1.28389	68.2122	-2.52281	-1.47198	0.547606
-5.89499	-1.28499	69.2972	-2.57676	-1.53824	0.467036
-5.81891	-1.8964	68.0623	2.51757	1.60539	-0.44931
-6.3331	-1.8438	61.1857	2.50973	1.59922	0.00839582
-6.09248	-2.51344	68.0092	2.43438	1.58812	-0.512657
-6.60621	-2.87914	64.661	-2.50327	-1.59651	0.196536
-6.39266	-3.28908	63.7702	2.64857	1.76067	0.0279451
-6.34735	-3.12014	60.0962	2.6777	1.72574	0.236966
-6.06658	-3.80345	66.3446	2.56621	1.7166	-0.197673
-6.29563	-3.97606	67.4459	2.49961	1.67321	-0.284332
-6.1758	-4.60099	67.3949	-2.52044	-1.69782	0.504522
-5.78528	-4.23289	68.5233	2.4875	1.70113	-0.690378
-6.55996	-5.39297	66.7608	2.47264	1.69362	-0.390679
-6.73897	-5.70469	63.7511	-2.48162	-1.76975	0.277872
-6.72075	-6.28581	65.435	2.56184	1.79138	-0.585243
-6.62609	-6.35736	65.124	-2.42234	-1.71162	0.508965
-6.34594	-7.30023	65.622	2.36023	1.75376	-0.345053
-5.80377	-6.50855	55.5747	-2.40598	-1.76393	-0.460224
-6.80897	-7.8208	64.5641	-2.46249	-1.82916	0.518214
-6.69996	-8.83989	64.3833	-2.46506	-1.89386	0.431055
-6.79081	-8.66117	63.7411	2.33134	1.79788	-0.571069
-6.80048	-9.24587	62.5071	2.43128	1.89353	-0.372776
-6.79271	-9.27974	62.737	2.45716	1.90606	-0.5741
-6.96388	-10.0409	64.2471	2.47277	1.93007	-0.474115
-6.96929	-10.4281	62.5479	-2.41082	-1.91444	0.594267
-6.57062	-10.8345	64.1882	-2.3214	-1.88273	0.581615
-6.64313	-11.1143	64.7023	-2.36808	-1.95108	0.577746
-6.97186	-11.2752	62.7733	-2.31029	-1.88693	0.542957
-7.27317	-12.3087	62.7912	2.35065	1.96617	-0.381024
-6.95652	-12.3404	63.2629	-2.34221	-1.99401	0.550596
-6.54144	-13.2803	60.993	-2.21579	-2.01782	0.490542
-6.8596	-12.9886	59.6771	-2.34612	-2.11511	0.500695
-7.24024	-14.1841	64.5584	-2.24477	-2.05883	0.447032
-7.80296	-14.3115	63.23	2.35528	2.10146	-0.406936
-7.36986	-14.7814	64.9201	2.35011	2.17235	-0.528865
-7.57628	-14.7429	62.4681	-2.24898	-2.072	0.141436
-7.27298	-15.1043	63.9212	-2.18383	-2.09148	0.542755
-7.51647	-15.2973	63.2107	-2.19512	-2.06044	0.528026
-7.58623	-15.8414	62.7125	2.26994	2.16193	-0.25505
-7.58082	-16.0251	65.2564	-2.16559	-2.09283	0.506666
-6.58701	-15.7218	63.9619	2.16431	2.22604	-0.652177
-7.43293	-16.0154	62.6036	2.25778	2.24186	-0.587581
-7.42363	-16.3637	63.8297	2.15986	2.1636	-0.406514
-6.75453	-16.6051	66.1744	2.17043	2.21871	-0.712053
-7.06427	-16.8199	65.8538	-2.11296	-2.15579	0.521718
-7.3882	-16.656	65.7935	2.20411	2.19386	-0.524376
-7.30425	-16.9061	65.2872	2.22549	2.24773	-0.42799
-6.82729	-17.0423	65.2745	2.21703	2.30335	-0.533593
-6.32142	-16.5626	64.7388	2.16286	2.24098	-0.563719
-6.45958	-16.9598	63.9343	-2.04923	-2.14336	0.487939
-5.83592	-17.4692	67.6029	2.11002	2.26204	-0.547611
-5.39347	-17.5602	65.4017	-1.95994	-2.08516	0.568972
-4.35648	-15.7493	51.0739	-1.90783	-2.11889	-0.558136
-3.44128	-18.0263	64.2615	2.05593	2.30921	-0.345455
-3.6883	-18.3203	62.6823	2.07634	2.34306	0.13899
-2.80637	-18.387	65.9126	-1.91053	-2.21642	0.641549
-0.728528	-18.3983	65.0831	1.99352	2.48498	-0.630338
-0.258736	-19.5526	65.6364	2.07048	2.56741	-0.389781
-0.414107	-19.2501	65.0869	-1.86476	-2.36748	0.205432
1.67488	-19.6575	65.204	1.91127	2.57823	-0.351309
8.76829	4.29217	-10.1851	1.4379	-1.12708	1.30078
8.43088	5.36758	-10.199	1.51302	-1.07286	1.3599
5.71606	-19.6797	62.2626	-1.54218	-2.31532	0.653524
7.89892	-20.0786	64.487	-1.60731	-2.48498	0.254139
11.956	-21.0609	66.0994	-1.44569	-2.45244	0.575689
8.90669	-9.82357	33.5937	1.76098	1.61773	1.03097
8.91814	-9.98774	34.4313	1.74392	1.65574	0.986347
13.6974	-20.1008	63.7867	1.55624	2.71982	-0.151251
15.794	-19.8895	63.4742	1.5094	2.7912	-0.173451
14.8669	-18.5838	54.7656	-1.2977	-2.35416	-0.0721103
-6.19004	-7.69741	10.3883	0.805207	1.57448	-0.780288
18.1665	-18.9749	60.1371	-1.44	-2.81376	0.114175
19.0487	-19.4002	61.5817	1.47037	2.86259	-0.158011
-5.58783	-8.0694	10.5133	0.75463	1.62166	-0.739464
22.7917	-18.582	62.3607	-1.29215	-2.80862	0.260601
24.3461	-18.0018	61.9092	-1.25697	-2.77698	0.0196651
25.9672	-18.0693	61.4635	1.19024	2.71482	-0.0340769
-4.79868	-8.39959	10.5792	0.701827	1.66438	-0.7
28.7444	-17.7467	63.0519	-1.21646	-2.78683	0.0295981
30.2118	-17.0233	62.0481	1.22632	2.87102	-0.047167
32.0303	-16.0075	61.8764	-1.16587	-2.95278	0.0928164
9.7882	5.6792	8.78054	-1.56297	0.670027	2.02677
36.4796	-15.0625	61.5923	1.07918	2.98775	0.00801484
-2.14209	-9.80978	10.5346	0.518319	1.77942	-0.53809
38.4592	-13.6609	58.4069	0.945397	2.90189	0.0456321
41.2	-13.15	61.6941	0.954973	2.93424	-0.0914529
0.909463	10.0499	-10.3027	2.19555	-0.509632	1.59329
47.7763	-11.4821	65.1406	0.84283	2.85436	-0.0352079
49.4334	-9.43359	62.3454	0.834355	2.98152	0.0112023
53.7287	-7.59995	64.7011	0.793182	3.07333	-0.156376
55.0843	-6.95316	64.0724	0.708414	2.96173	-0.0309329
59.1446	-5.09477	65.2722	0.649354	2.85328	0.131327
64.4741	-2.51052	67.9551	0.566241	2.9906	-0.0701546
66.8043	-0.406027	66.9802	0.590055	2.98072	0.0149222
11.8994	-1.7783	7.58217	-0.222108	-1.59778	2.07948
-11.6414	2.24152	-7.5408	1.24232	-0.221503	-0.603819
71.6977	1.28598	69.0336	0.426816	2.91916	-0.0139358
67.8853	1.20868	65.5132	-0.256366	-1.35291	0.697456
72.0524	2.30824	68.632	0.539957	2.9564	0.0204475
71.1757	2.34381	67.3479	0.48092	2.95468	0.0140009
71.3469	2.37396	67.2291	0.564663	3.00042	0.0541062
72.7681	2.39885	68.1554	-0.556635	-3.31257	-0.0757323
75.9018	4.23942	69.9043	0.535757	2.97949	0.0381814
75.9284	3.7549	69.7016	-0.525663	-3.26464	-0.0286284
75.6782	4.06535	69.105	-0.51762	-3.22579	-0.0325671
76.0718	4.17816	69.2406	0.484063	2.94433	-0.00604917
75.2308	4.07672	67.7439	0.458914	2.9036	0.0629425
76.3807	4.6069	69.0432	0.48493	2.94024	-0.0192395
77.9411	5.15338	69.5467	0.452455	2.94319	0.0114991
77.3261	4.89895	69.6003	0.450083	2.93288	-0.0469246
78.6699	5.30014	70.3335	0.485616	2.95074	-0.0219286
80.0237	5.91093	71.5417	-0.601723	-3.23335	-0.0283885
79.5762	6.27075	70.8509	0.55739	2.96442	0.0309107
79.9564	5.92644	70.0439	0.478399	2.90058	0.0543052
78.7323	5.66536	69.018	0.478633	2.94464	0.0329969
80.2612	6.43639	69.958	0.47195	2.94494	0.0283416
81.873	7.09706	71.8471	0.4832	2.9343	-0.00925144
83.5771	7.73485	72.6965	0.548543	2.98251	0.0350044
81.1176	7.00178	70.3252	0.469009	2.90585	0.0159676
83.9324	7.51217	72.5813	0.506186	2.97883	-0.0155949
84.3457	7.73129	72.8254	0.481557	2.96745	0.00587974
85.5685	8.85187	72.8837	0.50388	2.951	0.0388199
85.5811	8.82306	72.7887	0.490565	2.94159	0.0392671
86.1027	9.12369	73.1435	0.518519	2.95803	0.0574847
81.0487	7.94554	68.1723	0.501076	2.95635	0.055184
87.9656	10.0162	74.1487	-0.528624	-3.24194	-0.0250671
87.1025	10.0889	73.3044	0.454505	2.92466	0.0406165
85.774	9.69263	71.6762	0.466049	2.93227	0.0566429
88.3802	10.5872	73.8468	0.500007	2.94135	0.0635287
86.4094	9.96183	72.102	0.497355	2.93927	0.0582433
86.9446	10.2082	72.3329	0.455659	2.92733	0.0378568
84.4532	9.43849	70.087	0.494268	2.93108	0.077844
85.1176	9.81623	70.4551	0.508078	2.90822	0.0996024
85.9952	10.2829	71.0358	0.450474	2.92164	0.0470707
87.366	10.8159	72.6353	0.462926	2.94088	0.000682367
89.4661	11.731	74.2391	0.468642	2.94637	0.0254716
89.4194	11.5141	73.9076	0.481326	2.94778	0.0178118
87.6538	10.7793	71.9379	0.463751	2.90698	0.0635413
87.5406	10.8012	71.9225	0.482862	2.90949	0.0752922
88.0292	11.2862	72.3378	0.534597	2.93252	0.064541
87.6668	11.3204	71.8545	0.533854	2.93714	0.0604924
89.1954	11.981	73.7492	-0.567368	-3.31185	-0.0601104
89.5144	12.4697	73.3948	0.459762	2.91407	0.0261114
86.5649	11.902	70.8312	0.472488	2.89831	0.0711002
88.6894	12.3222	72.3489	0.46984	2.89369	0.0683364
87.4789	12.163	71.3869	0.513829	2.9061	0.0696526
88.2163	12.4096	72.2225	0.497951	2.9014	0.031912
90.9911	13.7744	74.2927	-0.532373	-3.26311	-0.00326396
89.1387	12.9443	72.3042	0.479301	2.91658	0.0444468
88.2862	13.0648	71.5308	0.475245	2.92512	0.0272381
87.5251	13.0382	70.8996	0.485288	2.90858	0.0645819
88.7258	13.4501	72.0162	0.531893	2.91536	0.0469166
89.1023	13.6078	72.3545	0.513984	2.92015	0.0387404
89.6682	13.9864	72.7424	0.54546	2.92138	0.0662087
90.0795	14.3008	72.9349	0.511439	2.92424	0.0759726
88.1824	14.2557	71.2059	0.475859	2.90111	0.0797934
87.2416	14.0804	70.4818	0.483399	2.92261	0.0566104
88.197	14.4594	71.1839	0.513956	2.92842	0.0689405
87.657	14.3636	70.7915	0.456527	2.917	0.0507572
89.097	14.9866	71.6848	0.504659	2.93382	0.083465
90.8461	15.8614	73.2485	0.509956	2.95605	0.0564935
90.3098	15.8357	72.8029	-0.528401	-3.28269	-0.0711047
87.8345	15.3371	70.613	0.521483	2.91878	0.101862
87.8152	15.3667	70.8192	0.499546	2.92484	0.0785485
87.5861	15.3416	70.3534	0.54497	2.93461	0.104993
85.8998	15.6176	68.5485	-0.552005	-3.27308	-0.115304
87.1245	16.0218	70.3827	0.477823	2.92076	0.0498256
88.2845	16.4238	70.8107	0.513222	2.93479	0.068543
89.2845	17.1426	71.9727	0.50669	2.92413	0.0481574
87.8821	17.0455	70.6291	0.536972	2.9184	0.0804609
88.4677	17.4627	71.1274	0.512749	2.91031	0.0631114
88.2797	17.4004	70.88	-0.613721	-3.24799	-0.0698342
86.327	16.8871	69.2215	0.521253	2.90991	0.0615731
85.8378	16.9232	69.1964	0.529961	2.91206	0.0534948
89.5332	18.6421	72.1205	0.527705	2.91513	0.0603204
88.8881	18.6738	71.3284	0.524097	2.91867	0.0730154
88.5797	18.8855	71.3087	0.528611	2.90407	0.0630715
89.4841	19.3802	72.0124	0.532745	2.9293	0.0513735
90.123	19.9316	72.8198	0.505837	2.94017	0.0191013
88.7836	19.7758	71.5072	0.516599	2.92447	0.0432303
88.9161	19.9008	71.2671	0.498456	2.9138	0.0595624
88.1478	19.6378	70.5198	-0.620059	-3.25132	-0.0890395
89.7306	20.7711	71.8548	0.479495	2.91476	0.0538083
85.7763	19.5735	68.5515	0.501195	2.88552	0.0854319
86.2696	20.1228	69.2116	0.512816	2.91781	0.063416
88.8378	21.1841	71.1477	0.524987	2.90058	0.090719
89.3753	22.1352	71.6225	0.486947	2.89833	0.0727446
89.1108	22.2509	71.888	0.487418	2.89269	0.0562526
86.997	21.7421	69.8249	0.524918	2.88326	0.0843651
89.6473	22.9878	71.9218	0.512898	2.89098	0.0961785
87.5231	22.6711	69.9525	0.466208	2.89555	0.064739
87.8803	23.0468	70.3101	0.512933	2.88889	0.101919
88.3789	23.6772	70.7174	0.506273	2.8933	0.0962038
85.4978	22.7186	68.4349	0.528574	2.87664	0.119483
84.9704	22.8887	68.2069	0.544499	2.88416	0.104069
87.7246	24.8285	70.7078	0.51276	2.8957	0.0957838
86.9657	24.3554	70.4712	0.532343	2.88302	0.0820663
87.8406	25.5067	71.1234	0.513833	2.89545	0.0659618
87.0753	25.4651	70.2881	0.536034	2.91241	0.0885775
88.183	26.4016	71.1717	-0.625324	-3.24988	-0.114254
86.7654	26.4975	70.0614	0.507962	2.90053	0.105699
86.6887	26.97	70.2702	0.516275	2.88596	0.130591
85.5603	26.6976	69.2653	0.54176	2.89952	0.129719
87.4936	28.1339	71.1968	0.510443	2.90565	0.0968912
87.1424	28.5015	71.1779	0.546603	2.90106	0.11014
86.8647	29.0122	70.7458	0.518138	2.91604	0.114859
87.915	30.2474	72.1381	0.54131	2.89224	0.103738
85.2534	29.3701	70.0113	0.506254	2.88113	0.125765
86.0503	30.4475	70.7912	0.545302	2.89479	0.103016
87.0862	31.2616	71.8396	0.550508	2.90358	0.120192
85.2172	31.0814	70.3057	0.553141	2.90664	0.108318
85.2544	31.6203	70.6442	0.565685	2.91708	0.10734
84.5864	31.882	70.0903	0.522236	2.89626	0.114409
83.4395	31.7995	69.5114	0.536569	2.89159	0.119334
84.8311	33.1307	70.5073	0.563561	2.91454	0.15374
83.5433	33.4401	69.4969	0.516649	2.90477	0.161546
83.3208	33.9922	69.9968	-0.619336	-3.25625	-0.169847
82.011	33.9529	69.0327	0.561382	2.90933	0.164553
81.6457	34.1205	68.6252	0.531996	2.90887	0.160371
82.5554	35.4525	69.645	0.558711	2.92395	0.146029
82.7042	36.4288	70.1425	0.590038	2.93042	0.174235
81.4725	36.1996	69.4534	0.541709	2.89939	0.163998
80.2035	36.1578	68.4081	0.561301	2.90142	0.187555
81.4374	38.2322	69.9829	0.555103	2.9334	0.184707
79.869	37.9299	69.0374	0.535677	2.91817	0.171712
79.5186	38.3448	68.7424	0.548868	2.93579	0.182745
78.8713	38.3625	68.1551	0.577862	2.93093	0.197672
79.1405	39.6864	69.2003	0.545712	2.94306	0.185705
76.7595	38.5331	67.0506	0.566605	2.92155	0.211027
79.195	41.6583	70.3158	0.547955	2.94774	0.17851
79.7004	42.8923	70.7111	0.550498	2.9495	0.182366
77.3979	41.9496	69.1504	0.610197	2.97447	0.19331
75.6762	41.8008	67.448	0.568358	2.96874	0.221265
76.2175	42.5875	68.1697	0.544537	2.95456	0.215665
75.7715	43.4288	68.2615	0.557415	2.95401	0.226397
76.1146	44.5352	69.2371	0.559653	2.95863	0.238501
74.1855	43.7072	67.7986	0.557643	2.95077	0.215083
73.5066	44.0204	67.2036	0.586049	2.98548	0.265231
75.3525	46.7153	69.6811	0.569146	2.96536	0.236404
75.4649	47.4797	70.2099	0.595807	2.98468	0.238971
76.3457	48.961	71.1143	0.56854	2.99409	0.243398
71.8739	46.2467	67.3476	-0.613294	-3.16158	-0.2815
73.298	48.1751	68.9709	0.584108	2.98935	0.267524
72.6976	50.5528	70.1896	-0.645054	-3.12783	-0.266114
71.9348	50.7372	69.8352	0.607297	3.00263	0.248075
72.2278	51.7359	70.3521	-0.61871	-3.15379	-0.27073
72.3417	52.6566	70.9212	-0.590763	-3.15592	-0.283117
68.7778	50.1214	67.7862	0.629845	3.01021	0.298135
69.0886	51.1564	68.0553	-0.627096	-3.12282	-0.299906
69.5955	52.7485	69.2831	0.56047	2.99922	0.28213
68.627	52.9504	68.5365	0.638553	3.02851	0.321348
68.5482	53.7219	68.8676	0.668174	3.04042	0.339029
66.3471	51.9583	67.1298	0.597754	3.01879	0.314842
66.7027	53.0365	67.6602	0.659838	3.04906	0.327717
69.0212	56.6312	70.9316	-0.639419	-3.07639	-0.317797
70.4707	59.0189	73.1524	0.615116	3.04666	0.301405
66.868	55.081	68.9722	0.630868	3.04202	0.306209
66.6266	56.1715	69.4159	0.638486	3.01921	0.346019
65.6147	55.3886	68.1408	-0.630613	-3.08781	-0.354503
66.9391	57.7341	70.8644	-0.650679	-3.06651	-0.305016
67.4621	59.4041	72.1798	0.671789	3.06367	0.295082
67.6564	59.5951	72.3968	0.607413	3.03029	0.275668
65.5322	58.0971	70.1262	-0.637921	-3.07008	-0.308447
67.2581	60.7302	72.7038	-0.620831	-3.08454	-0.304158
64.6998	58.9115	70.2941	0.650583	3.04191	0.359734
65.4414	60.399	71.5818	0.641184	3.03198	0.343205
64.4133	59.6537	70.6634	-0.647236	-3.07059	-0.327121
64.7498	60.854	71.358	0.656088	3.05767	0.335288
64.8927	61.1607	71.7339	0.614993	3.04926	0.313636
63.2672	60.1091	70.6365	-0.661494	-3.0448	-0.311085
63.2859	60.9767	71.1152	0.683361	3.0665	0.330552
63.393	61.0517	71.1793	0.641782	3.04088	0.33144
62.2542	60.4991	70.202	0.67318	3.05074	0.364756
62.5412	61.429	71.1518	-0.688769	-3.03622	-0.353769
62.3216	61.9381	71.3519	0.673229	3.0474	0.345822
61.6998	61.7082	71.4841	-0.717172	-3.01056	-0.287974
62.248	62.2884	71.5418	0.682281	3.06047	0.321573
63.0702	63.928	73.4306	0.679399	3.08936	0.279886
60.1703	60.7875	69.9754	0.680452	3.07503	0.323389
60.551	61.2855	70.2787	0.693177	3.07757	0.328975
61.5882	63.3251	72.5561	0.662427	3.06848	0.308202
60.3316	60.622	70.2437	0.663977	3.051	0.316919
60.9377	62.8975	71.9004	-0.726915	-3.01502	-0.359211
59.2144	60.9452	69.521	-0.669814	-3.05209	-0.372425
61.362	63.7789	72.5439	-0.66188	-3.05833	-0.340721
60.117	62.8648	71.8289	-0.700386	-3.02042	-0.317234
59.5837	61.0395	70.5796	-0.642323	-3.0985	-0.304192
60.6468	63.3305	72.4925	-0.657233	-3.0896	-0.291597
60.0217	63.3387	72.3343	0.677718	3.0415	0.303308
57.271	59.6505	68.5482	0.701336	3.04123	0.324318
58.7917	61.1142	70.1423	0.648067	3.02686	0.312188
58.2877	61.5758	70.3239	0.686762	3.04043	0.307961
57.5534	60.9163	69.4859	-0.690183	-3.03633	-0.347798
57.9462	61.4387	70.2907	-0.701441	-3.02103	-0.328038
57.7508	61.6501	70.5253	-0.704172	-3.05333	-0.321977
56.8667	61.123	70.0062	0.734964	3.0511	0.324796
57.2763	61.9923	70.8396	0.726136	3.04625	0.30851
57.7869	62.0511	71.1449	-0.663314	-3.07235	-0.287935
57.2742	61.8868	71.1147	0.695115	3.02712	0.290961
55.7865	59.4533	68.8249	-0.669521	-3.09142	-0.309575
56.0068	60.5878	69.6285	-0.6635	-3.08141	-0.314752
55.2985	59.5869	68.4921	-0.666188	-3.07848	-0.334341
53.9013	58.6958	67.254	0.697323	3.04508	0.34542
55.9407	60.5517	69.8536	0.684051	3.02447	0.304016
54.6567	59.8662	68.8715	0.725329	3.03515	0.322209
55.1375	60.404	69.291	0.712211	3.03922	0.320853
55.0239	60.5567	69.3725	0.697275	3.03506	0.325556
55.3204	60.8368	69.7547	0.686412	3.03696	0.316694
56.0477	62.5719	71.8184	0.743076	3.05409	0.278146
54.9287	61.2747	70.3472	0.73386	3.0445	0.298845
55.4801	61.7832	71.1048	-0.709318	-3.0567	-0.285484
55.2793	61.989	71.541	-0.728243	-3.05433	-0.272105
55.6255	62.1823	71.7246	-0.68939	-3.08473	-0.279779
55.0792	61.7064	71.5415	-0.728918	-3.07535	-0.269978
55.4686	62.3948	71.8104	0.690805	3.02265	0.292979
57.0109	64.4605	73.9992	0.673345	3.02061	0.263045
54.938	62.0915	71.3931	-0.696575	-3.07172	-0.291202
53.5035	60.947	70.1059	0.731475	3.04343	0.296803
53.3652	60.2822	69.4735	-0.71617	-3.05617	-0.305376
51.249	57.7816	67.1417	0.662742	3.01193	0.327533
54.5589	63.142	72.7597	0.703211	3.03802	0.260402
53.2931	61.011	70.7158	-0.735289	-3.06226	-0.280098
53.3288	61.3784	71.2968	-0.716513	-3.07905	-0.252316
53.2516	61.6534	71.5015	-0.686696	-3.09969	-0.272662
53.358	62.3311	71.9708	0.676721	3.0253	0.269116
52.6343	61.1964	70.9828	-0.698913	-3.09466	-0.278563
53.3164	62.4847	72.4357	-0.704202	-3.08556	-0.25879
49.09	57.5972	67.2305	0.739331	3.0195	0.312452
51.1661	60.5784	70.4453	-0.70736	-3.08795	-0.260898
50.1007	60.3613	69.8078	-0.704315	-3.06385	-0.290756
51.3965	62.8706	72.9306	-0.692134	-3.09159	-0.249178
50.8291	62.7942	72.5463	0.675556	3.0199	0.26412
47.7244	57.5743	66.81	0.676676	3.02458	0.324581
48.4359	61.6657	71.1535	-0.706386	-3.05756	-0.269787
46.6289	59.842	68.5846	-0.699155	-3.02878	-0.298167
46.1817	59.5364	68.1935	0.709143	3.08795	0.294875
45.6417	60.0105	69.3628	-0.719906	-3.0218	-0.248676
45.6926	60.9464	70.3584	-0.670165	-3.02584	-0.221217
44.3194	59.2282	68.4552	-0.672013	-3.03431	-0.262482
44.5036	60.1294	69.2865	-0.662802	-3.02662	-0.254415
43.2273	58.8622	67.6452	0.633995	3.08144	0.297309
43.0615	59.741	68.8897	-0.67551	-3.00827	-0.24972
43.0643	60.576	69.5438	0.683149	3.09167	0.268854
42.3039	59.2704	68.0732	0.706031	3.11861	0.27397
42.5311	60.8421	69.9386	0.733101	3.11137	0.249073
42.4166	61.0568	70.0552	-0.635309	-3.00535	-0.213858
42.0218	61.8328	70.3465	0.709689	3.11288	0.273336
43.4293	64.7853	73.0293	0.693403	3.12892	0.24718
41.7564	61.7834	70.3936	-0.662143	-2.98874	-0.228805
41.2096	61.8212	70.5764	-0.674828	-2.99337	-0.231803
39.6238	60.6216	68.9784	-0.714701	-2.94313	-0.240093
40.7244	62.3952	70.9753	-0.676343	-2.97348	-0.22263
39.4387	60.6726	69.1546	-0.677	-2.97825	-0.246773
40.2202	62.6718	71.3548	-0.662301	-2.97841	-0.212292
39.2062	61.4843	69.6474	-0.703225	-2.9658	-0.253329
39.0021	60.5554	69.2513	-0.660406	-3.0082	-0.257794
39.1176	62.5091	71.0929	0.725125	3.13077	0.240264
38.122	61.5434	70.0761	0.731805	3.11865	0.273125
38.1044	60.2047	68.8147	-0.674777	-2.98091	-0.248961
37.085	60.6639	69.1887	0.737228	3.13685	0.259787
37.8308	63.4754	72.4462	-0.695487	-2.96138	-0.20918
38.0172	63.9032	73.0415	-0.698688	-2.9574	-0.208516
37.3826	61.6002	70.6773	-0.681738	-3.00373	-0.232389
36.8124	61.0468	69.9395	-0.709362	-2.9573	-0.237714
36.394	61.9967	71.0247	-0.727292	-2.94802	-0.240504
35.886	60.6865	69.1934	-0.689919	-2.95557	-0.280315
36.5468	61.7392	71.0473	0.717154	3.13679	0.246582
36.3663	60.4121	69.5096	0.671849	3.12008	0.258559
35.6051	59.655	69.0915	-0.695231	-2.97494	-0.231845
36.5547	62.5705	72.4808	-0.691196	-2.96376	-0.186275
36.2808	61.8963	71.8216	-0.699306	-2.96081	-0.190263
35.3887	60.6638	70.1589	0.740734	3.14951	0.247441
34.6444	59.7801	69.2213	-0.688004	-2.94155	-0.224768
34.7549	60.0616	69.2637	-0.669542	-2.95325	-0.24497
35.4887	60.3305	70.0608	-0.630961	-3.02351	-0.24531
35.197	60.3599	69.9323	-0.645708	-3.0168	-0.266338
34.3959	58.1294	68.3322	-0.641051	-3.03096	-0.247601
34.9438	58.98	69.3487	0.648611	3.10717	0.24217
35.002	60.3205	70.3098	0.670045	3.11457	0.25949
35.6511	61.6759	72.2064	0.651413	3.12098	0.210013
34.0679	58.7313	68.8028	0.670121	3.12407	0.272687
34.5692	58.6922	68.904	0.657038	3.13828	0.280911
37.1256	63.5346	74.354	-0.577596	-3.04773	-0.2223
34.4966	59.0595	69.6656	0.639425	3.13723	0.256024
34.2128	58.1936	68.994	0.640517	3.10834	0.231312
34.9469	60.6476	71.1974	-0.620709	-2.99654	-0.221089
33.093	57.2079	67.6163	-0.598749	-3.00077	-0.266761
34.0111	59.1283	69.9243	-0.633936	-2.9901	-0.23411
33.8196	58.8573	69.7432	0.652141	3.15644	0.23492
34.4869	58.7274	69.6686	-0.548911	-3.04932	-0.260496
34.8961	59.4481	70.5061	-0.562007	-3.01491	-0.245794
33.847	57.3075	68.185	-0.533102	-3.04439	-0.284376
34.7294	60.0607	71.9048	-0.55191	-3.02158	-0.198202
34.7594	59.8065	71.2239	0.490143	3.14361	0.243736
33.5736	57.5342	69.0798	-0.483929	-3.06022	-0.244942
33.0809	56.7726	67.4276	-0.490126	-3.02272	-0.296689
32.8261	55.7348	66.4654	0.470897	3.13661	0.338701
33.2023	56.4365	68.0071	-0.482956	-3.01918	-0.262226
33.9359	58.4136	69.8644	-0.453251	-3.02614	-0.25335
33.2573	56.0321	67.8772	0.454153	3.16882	0.257281
34.5504	59.5058	71.2706	-0.422304	-3.04641	-0.225927
33.3383	57.45	68.6102	0.442057	3.17278	0.284087
33.9291	58.7779	70.7983	0.39415	3.16095	0.227909
32.7639	57.558	69.5253	0.446344	3.18969	0.21901
32.7181	55.8947	67.4684	0.360277	3.15399	0.270124
33.0795	56.7685	68.6943	0.357851	3.1695	0.265621
32.1902	54.2868	66.1136	0.35524	3.14568	0.311053
31.7746	53.8035	65.681	-0.338682	-3.0538	-0.267313
33.0066	56.6057	68.9399	0.330514	3.14711	0.267262
32.4336	56.2087	68.7678	-0.375713	-3.06806	-0.253587
32.4036	56.4122	68.3842	-0.33554	-3.04669	-0.256384
33.0069	57.0494	69.7948	-0.275916	-3.05682	-0.203552
33.1928	59.0201	71.8929	0.331917	3.22562	0.200369
33.7379	59.3141	72.9584	0.266067	3.18851	0.166909
31.9679	55.8485	68.6594	0.284192	3.19279	0.222341
31.0029	54.1678	66.4708	0.293402	3.18139	0.276885
31.9527	56.986	69.9204	0.261106	3.18076	0.224738
32.2944	55.8657	69.3019	-0.189642	-3.09685	-0.168738
32.053	55.6632	68.7247	0.209291	3.17696	0.207332
31.604	54.4784	67.1238	0.197462	3.18979	0.271482
32.0967	59.3615	73.2103	0.186304	3.19826	0.176747
32.1275	58.1233	71.7019	-0.121963	-3.07338	-0.175705
32.0563	57.3502	70.6928	0.109539	3.19128	0.198243
31.7315	56.4707	69.1977	0.141406	3.21792	0.259392
30.3209	53.0691	66.7501	-0.167006	-3.04801	-0.228156
30.3723	53.7563	66.8846	0.1449	3.21958	0.257196
30.2783	53.6417	66.1479	0.133894	3.20323	0.274184
30.3371	53.3308	66.2244	0.110046	3.19669	0.254682
30.6501	54.3027	68.0911	0.0830529	3.16881	0.240397
30.8905	55.5329	68.8668	-0.0741624	-3.08196	-0.226381
31.0531	57.0555	71.1617	-0.0327587	-3.05392	-0.142385
29.8242	54.1193	67.7548	0.0349765	3.21118	0.2168
29.7334	53.4361	67.1556	-0.0139828	-3.07733	-0.196552
30.0559	54.8191	69.1524	0.0122847	3.19454	0.178025
30.7647	56.3331	71.3009	-0.000973716	3.20625	0.113391
29.5721	54.5278	68.2062	0.0161193	3.22691	0.220204
30.6233	56.0191	70.2716	0.0621052	-3.09183	-0.180123
30.3658	56.0725	70.0502	-0.0654932	3.192	0.208917
29.5583	53.8363	68.5197	0.104158	-3.13902	-0.191634
29.2206	53.1417	67.4403	0.116342	-3.1132	-0.191347
28.9377	54.0146	68.4815	0.0690257	-3.09839	-0.199559
28.5675	53.1234	67.065	0.0858223	-3.08372	-0.204868
27.8808	54.0295	67.0077	-0.0227092	3.24181	0.272425
27.8925	53.3945	67.4221	0.0373015	-3.01965	-0.183309
28.0237	54.0685	67.9264	0.140305	-3.02636	-0.184675
27.8759	51.7216	65.4358	-0.204715	3.16041	0.227485
28.1203	52.6933	67.2957	0.19627	-3.10027	-0.15478
27.7272	55.2175	68.5112	-0.20243	3.21633	0.211703
27.6664	52.7552	65.7455	0.188925	-3.07111	-0.246064
27.6915	54.4896	67.9641	0.250243	-3.10769	-0.216853
27.3763	55.1373	67.9635	-0.263465	3.1843	0.226436
27.6584	55.6067	69.525	-0.283737	3.15243	0.157804
27.4101	57.1953	70.6539	-0.272479	3.20648	0.192765
26.9455	55.2299	68.2237	-0.275186	3.18092	0.207249
26.8063	56.6194	69.3156	-0.253184	3.23561	0.223534
26.1333	53.4433	65.5173	-0.29275	3.2287	0.245088
26.524	55.0311	68.2478	-0.315128	3.1818	0.201171
24.9201	52.0847	64.3518	-0.299115	3.21427	0.242555
25.4556	53.6651	65.5111	-0.360517	3.18508	0.229838
25.3179	53.9808	65.7749	0.362167	-3.06279	-0.237255
24.9115	54.6036	65.8408	-0.383899	3.18358	0.247957
24.6602	53.2213	65.4465	-0.38185	3.14878	0.210989
24.9535	53.9046	65.6266	0.386379	-3.07327	-0.260875
25.0465	55.9328	67.7839	0.378494	-3.0413	-0.186029
24.9968	55.0036	66.4296	-0.389212	3.18472	0.238717
24.291	55.99	66.9316	-0.442301	3.15896	0.20863
24.0235	54.9724	64.7474	-0.466968	3.17092	0.276257
24.0211	56.6986	66.9112	-0.445978	3.16667	0.282216
23.8046	55.6607	65.7075	0.457495	-3.03475	-0.259225
23.2444	54.6429	64.744	-0.484394	3.15548	0.244924
22.6535	54.0382	63.4185	0.442108	-3.01943	-0.26396
22.5533	56.4019	65.3178	-0.519367	3.15398	0.300203
22.8939	56.3514	65.7788	-0.518416	3.12056	0.265142
21.8285	55.357	64.2201	-0.480744	3.21763	0.244134
22.291	57.4157	66.3352	-0.55167	3.15731	0.244067
21.8773	55.7952	64.347	-0.571022	3.15525	0.266746
21.5972	55.5583	64.8448	-0.516927	3.191	0.21418
21.7821	56.5752	65.0656	0.534805	-3.01817	-0.233076
21.5101	56.3538	64.1293	0.593954	-3.02145	-0.252823
20.7767	56.5378	63.7514	0.517841	-2.97711	-0.276809
21.183	57.2067	64.5214	0.590357	-3.00326	-0.246547
20.5212	57.4707	64.4454	-0.580671	3.19536	0.283691
20.1193	59.1081	66.3812	0.527289	-2.97453	-0.245525
20.5121	58.7904	65.9238	0.606854	-3.01624	-0.244315
20.3898	60.1687	66.9433	-0.619121	3.15786	0.266161
19.8034	58.3037	64.3825	0.603368	-2.99733	-0.27498
19.3053	57.8894	63.0938	-0.648546	3.14288	0.306278
18.8071	56.5203	61.6281	0.599373	-2.98783	-0.334495
18.5386	57.2363	62.241	0.635636	-2.99473	-0.333636
18.1943	60.1707	65.357	-0.649437	3.1708	0.270357
17.9272	61.0379	65.5791	-0.686044	3.18671	0.259597
17.9495	58.2218	62.4499	-0.685603	3.15301	0.32611
17.4566	60.0168	63.509	0.632698	-2.9508	-0.341008
17.2246	60.166	63.7477	-0.667315	3.14779	0.344757
17.3284	60.3552	63.7557	0.674534	-2.96547	-0.267432
17.0069	61.8113	64.7695	0.629625	-2.94652	-0.286007
16.8382	62.374	65.0785	-0.722256	3.13271	0.30985
16.9044	63.3239	65.5351	0.66078	-2.93154	-0.294348
16.3075	63.7822	66.1463	-0.728565	3.14371	0.310109
15.3556	61.0427	62.3967	-0.677638	3.19167	0.360337
15.4299	60.7062	61.7821	0.688588	-2.94648	-0.349012
15.2424	61.4333	63.0295	0.680999	-2.97034	-0.320111
15.0985	62.5496	63.5965	-0.747705	3.13376	0.344423
14.9858	63.3345	64.2819	-0.73569	3.13021	0.365957
15.1997	60.6626	61.6257	-0.721785	3.14168	0.347766
14.7103	62.1229	62.4753	0.691354	-2.93565	-0.336725
14.5806	66.4707	66.6961	0.700563	-2.91185	-0.267456
14.3966	65.3321	65.0689	-0.730918	3.16632	0.335696
13.7773	62.2671	61.7455	-0.706451	3.15805	0.396812
13.2681	62.974	62.0264	0.653127	-2.90458	-0.334654
13.2179	62.8751	61.7017	0.718701	-2.92888	-0.348701
13.3115	63.2468	62.0794	0.722985	-2.93796	-0.349266
12.6554	63.7709	62.533	0.692482	-2.93998	-0.358661
12.972	64.6348	62.7163	-0.77338	3.13361	0.374881
12.4434	66.536	64.8349	-0.75278	3.1665	0.326158
11.8369	64.2576	61.7758	-0.732932	3.16119	0.395229
11.3358	64.9805	62.2977	-0.725907	3.18356	0.396832
11.7006	63.5797	60.7049	-0.7536	3.15622	0.417695
11.7727	61.3455	58.7906	-0.752683	3.13078	0.41867
11.5914	64.9491	62.277	-0.79022	3.1145	0.369082
11.5673	63.9877	61.3717	-0.810168	3.08966	0.3721
10.8889	66.3072	62.8952	-0.770028	3.13205	0.404292
10.7333	65.7369	62.0445	0.708512	-2.90492	-0.361596
11.0901	65.142	61.8355	-0.777458	3.12125	0.390421
11.0606	67.5101	63.838	0.739152	-2.93179	-0.346441
10.3944	66.6979	62.9805	0.747882	-2.90562	-0.340621
9.95273	68.2369	64.3204	-0.800335	3.13574	0.357661
10.1395	66.4636	62.5167	0.711761	-2.91125	-0.365798
9.89664	68.356	63.9136	0.713052	-2.9009	-0.363177
10.0251	67.687	63.0484	0.700968	-2.87877	-0.323357
9.42875	65.7954	60.9809	0.655452	-2.8946	-0.394665
9.60601	67.5705	63.0024	0.733333	-2.91809	-0.336152
9.10778	67.4862	62.5062	-0.809798	3.12023	0.382085
8.83049	69.521	64.7497	-0.792308	3.16591	0.325045
8.94236	67.175	62.0825	-0.759116	3.18669	0.380298
9.10334	67.2884	61.7916	0.720282	-2.88852	-0.337358
8.54417	71.0281	64.983	-0.796935	3.19986	0.337598
8.57378	70.9366	64.9124	-0.75684	3.19925	0.36863
8.21056	70.1594	64.2742	-0.762911	3.15667	0.361963
7.69127	69.1953	62.6372	0.703728	-2.90463	-0.387954
7.57219	70.0742	63.476	0.646509	-2.88455	-0.382096
7.93277	68.3414	61.8287	0.69729	-2.90129	-0.395894
7.34863	69.6119	62.6618	0.671445	-2.8878	-0.365965
7.42578	69.6909	62.3267	-0.726524	3.19921	0.447914
7.22531	70.686	63.8632	0.66359	-2.90784	-0.381808
7.54334	69.6669	62.19	-0.76589	3.13283	0.435952
6.78949	70.6761	63.0236	-0.706413	3.16775	0.457055
7.12653	68.2733	60.7242	0.665972	-2.89983	-0.42419
6.78212	68.807	61.2071	0.663254	-2.89654	-0.416748
6.64193	71.5703	63.6967	0.652072	-2.88667	-0.390113
7.01169	70.7755	62.5489	-0.75548	3.15746	0.449409
6.46525	69.53	61.1875	0.63895	-2.88518	-0.456524
6.62417	71.6804	63.4184	-0.723447	3.15539	0.451102
6.82423	72.4827	64.1783	-0.745969	3.14339	0.433002
5.67056	73.4058	64.4641	0.650451	-2.87788	-0.376452
6.55735	70.0357	61.4656	0.722329	-2.90974	-0.40009
5.70898	74.888	65.94	-0.750075	3.16839	0.41921
5.75945	71.9158	63.1766	-0.733504	3.17332	0.43449
5.60005	73.1816	64.0853	0.641506	-2.89231	-0.409499
5.44772	73.6679	64.2113	0.637742	-2.88195	-0.417471
5.39934	73.6853	64.154	0.633749	-2.87372	-0.413861
5.43209	74.1925	64.7357	0.635875	-2.88903	-0.419076
5.6379	72.7325	63.3649	0.630145	-2.90107	-0.421219
5.74586	73.8427	64.1107	0.654359	-2.89509	-0.421834
5.75807	72.976	63.4476	0.668653	-2.90889	-0.433682
5.89152	69.9461	60.881	0.642776	-2.90297	-0.443432
5.57943	72.0946	62.5108	0.635911	-2.88453	-0.392768
5.43379	73.1722	63.4927	0.639634	-2.90784	-0.419466
5.44311	73.6078	63.7512	0.627755	-2.88335	-0.385589
5.43922	71.6175	62.1232	0.638809	-2.90212	-0.404731
5.54116	72.4538	62.6526	0.615493	-2.88684	-0.408973
5.76881	72.3269	62.6659	0.644951	-2.89154	-0.391555
5.52383	74.1288	64.0462	0.700422	-2.90681	-0.39394
5.08764	76.1155	65.718	0.653202	-2.89245	-0.389993
5.34865	75.0231	64.9333	0.686401	-2.89711	-0.372237
5.45993	75.8764	65.5698	0.662349	-2.89243	-0.380967
5.38128	75.3516	65.0868	0.668142	-2.89758	-0.389934
5.59161	73.7455	63.7846	0.654706	-2.895	-0.394291
5.65553	76.4865	66.0396	0.690093	-2.89964	-0.38072
5.65039	77.3317	66.8409	0.711009	-2.91289	-0.365526
5.27757	77.7704	67.2775	0.673476	-2.90829	-0.361975
5.71484	76.0181	65.5839	0.71081	-2.90858	-0.384182
5.36717	78.3593	67.3662	0.705876	-2.89672	-0.368171
5.61437	76.0254	65.3191	0.708191	-2.90799	-0.388867
5.3738	82.6128	71.3432	0.609045	-1.67121	2.57039
5.09836	83.5239	71.8757	-0.621674	1.66907	-2.58567
5.02815	84.9713	73.2058	-0.631048	1.69337	-2.57152
3.88123	-11.6494	-6.9433	0.235842	-1.29314	0.712423
-3.36419	11.9063	6.94901	1.57916	0.245032	-1.94856
-3.38442	11.9217	6.95126	1.58126	0.242468	-1.94817
3.93253	-11.6454	-6.95163	0.240968	-1.27938	0.722343
-3.30424	11.8617	6.92156	1.57558	0.237759	-1.95529
4.00714	-11.5543	-6.90558	0.251903	-1.25872	0.741274
4.12299	-11.5445	-6.93156	0.259079	-1.24938	0.750446
4.40654	-11.3514	-6.94513	0.289054	-1.21898	0.789608
0.91118	101.495	75.6852	-0.160953	0.401351	-2.69609
1.05109	102.754	76.5297	-0.205768	0.377727	-2.69811
1.58168	98.6214	73.434	-0.128681	0.385193	-2.65356
-6.29551	4.47306	-11.5307	-2.19128	-0.964085	-1.69195
-6.29663	4.47197	-11.5304	-2.19124	-0.964192	-1.69182
4.23384	-11.4412	-6.92039	0.279053	-1.21213	0.778619
-9.74487	-3.0699	10.4219	-1.97942	-0.597055	0.563913
-9.80539	-2.96955	10.4005	-1.98289	-0.588402	0.556025
-10.5906	5.31273	8.42884	-2.12103	0.0460313	-0.0699653
-10.604	5.25758	8.43852	-2.12279	0.0391498	-0.062509
-10.6543	5.24066	8.45991	-2.12399	0.0360775	-0.0594383
-3.97015	11.5733	6.88892	1.38248	0.321391	-1.94808
-6.49752	160.153	134.688	-0.388692	1.20969	-1.56603
20.3519	70.4066	59.3688	0.295219	-1.24844	2.14141
19.2993	57.0664	49.1177	-0.345433	2.91179	0.730726
-7.14884	-5.57062	11.4846	-1.81926	-0.760479	0.86027
-6.27494	-5.86555	11.7687	-1.77227	-0.784862	0.929351
4.17684	-11.3779	-6.88577	0.29703	-1.11753	0.816764
-10.3451	2.65671	9.42605	0.647624	0.961431	-1.23813
22.6065	98.0568	81.3134	0.216503	-0.392737	2.16632
8.604	8.735	7.35121	-0.435924	1.44087	-2.49864
8.62599	8.69167	7.36759	-0.428138	1.44207	-2.50668
-9.45609	-5.92353	-7.85615	2.55942	2.63623	1.30054
17.1639	117.873	83.849	1.60341	-2.48336	-0.598004
7.34501	-3.52316	11.0098	-0.807372	1.84303	0.251296
7.72763	90.9777	75.0614	0.280664	0.0219991	0.391964
10.4144	102.126	85.1162	-1.98043	0.696387	0.219851
-9.57653	-7.46861	-7.38462	-1.3988	-1.70658	-0.641491
9.5808	7.50923	7.37638	-1.84266	1.50589	1.11701
-8.20615	2.70039	-10.5691	-2.23591	-1.07955	-1.45833
20.5632	81.9082	64.0121	-1.9832	1.37166	0.320253
13.2564	83.2215	67.8526	-2.05762	0.916728	0.280749
-1.66483	12.3605	6.90497	-1.70691	0.977521	-1.07302
13.4528	119.98	97.8862	0.724469	1.07232	-1.95285
8.27684	1.16272	-10.7352	0.590944	-2.24247	-1.29532
8.29776	1.0767	-10.7284	0.588183	-2.24649	-1.29421
13.6918	92.9805	77.1456	-1.9939	0.850729	0.213304
-3.40985	11.8171	7.00499	1.47428	0.217098	-2.05592
5.61241	123.826	93.0821	2.98017	0.43097	-0.403889
10.4634	-1.99785	10.1003	-0.917012	1.87423	0.330462
32.3189	110.63	86.6232	0.306092	-1.32544	2.15591
17.0415	127.61	104.436	-1.91837	0.694197	0.221081
13.2308	95.5065	77.3821	0.297255	0.0120866	0.417725
32.459	100.782	76.7605	-0.579369	3.07608	0.462508
32.5868	101.136	77.0406	0.558071	-3.02883	-0.45282
7.43837	10.217	6.88514	-1.97353	1.32953	1.36999
27.9312	93.6054	75.1702	0.353568	-0.472537	1.8752
33.3962	104.062	79.2385	0.546049	-3.02583	-0.443414
-9.45526	2.49704	9.74256	0.571111	0.933382	-1.26087
15.1313	93.3841	75.7741	0.300995	0.0161418	0.372027
18.1721	109.036	88.0129	-2.06254	0.729962	0.367355
18.5665	117.729	95.7339	-2.01538	0.678506	0.316287
14.8122	118.041	83.5812	-2.93619	1.06154	4.33667
-7.40971	-2.92422	11.6341	0.336671	1.28253	-0.856309
10.2153	-2.7722	10.2077	-0.8503	1.89211	0.277645
-10.1282	2.86474	-10.2536	-2.29884	-1.02039	-1.47869
10.2751	-2.68074	10.1879	-0.857917	1.89281	0.283338
8.41718	-2.15216	10.329	-0.65414	-1.16375	2.18743
8.39679	-2.1421	10.3248	-0.918551	1.90335	0.329279
18.585	119.857	97.641	-1.89285	0.701368	0.183224
14.002	93.2721	74.7322	0.26989	0.0257702	0.337765
28.1911	83.6722	65.0811	-0.464571	3.31999	0.176153
30.2495	91.1444	69.4016	-0.512896	3.21316	0.297617
32.0492	98.3439	73.302	0.214563	-0.202646	1.95531
10.4469	-2.29862	10.1216	-0.889531	1.88946	0.300007
9.49295	-3.43758	10.6578	-0.772217	1.86785	0.211048
10.3053	-2.48234	10.2446	-0.871151	1.88316	0.285112
-10.3412	2.45343	-10.215	-2.27312	-1.06076	-1.45841
-10.191	2.62025	-10.283	-2.28279	-1.04528	-1.47448
8.27385	2.24126	-11.3259	1.36247	-0.403338	1.84074
8.48172	9.17319	7.04812	-1.84963	1.49304	1.15543
7.96269	-2.58992	10.6739	-0.716139	-1.16531	2.14461
8.0091	-2.48924	10.6359	-0.707841	-1.16827	2.15416
5.29774	10.874	6.74221	-0.842776	1.31222	-2.08156
8.68335	9.28126	7.12378	-1.87906	1.47478	1.15106
8.97701	8.8264	7.21089	-1.82889	1.52159	1.09569
8.97598	8.81663	7.21163	-1.82804	1.52257	1.09411
18.3784	90.5571	61.0096	-2.38894	1.89628	0.217254
18.4864	100.731	68.2529	0.887316	-0.640042	0.896545
15.337	79.1362	53.9494	0.805407	-0.609923	0.76298
-7.49613	-10.7727	-6.89519	-1.10926	-1.7636	-0.454106
9.12608	8.47685	7.24677	-1.81513	1.54124	1.0611
13.0674	165.229	113.334	-1.88177	3.09378	3.68221
24.5276	162.439	112.716	0.128625	0.33497	-2.05201
-9.93791	-5.98117	-7.53752	-1.67894	-1.58234	-0.834902
11.9282	102.481	68.6133	0.41971	0.207761	-1.96071
-0.514249	-12.682	-6.25571	-0.270207	-1.45161	0.196662
7.88256	-4.51836	11.3497	-0.962051	-1.12973	1.91269
-1.59127	12.7276	6.65651	1.54777	0.113671	-2.08522
22.8371	86.6875	64.8768	-0.430808	3.34489	0.342045
22.828	86.6305	64.8344	-0.431472	3.34424	0.34226
-0.193306	12.3018	7.15599	-1.51621	1.06392	-1.33748
1.55255	80.2082	57.6814	-1.41641	-2.1532	-1.06733
-2.5513	151.793	116.62	0.306905	0.363593	-1.14738
2.52965	154.965	109.967	-1.18522	-1.83392	-1.72116
-7.6186	2.45379	-10.6161	0.952382	-0.573704	-0.626991
11.0722	98.5879	67.6868	-2.58383	0.494756	-0.331047
29.1973	149.46	104.489	-0.387907	0.828842	-2.84278
25.7935	120.598	84.7233	0.260063	3.24796	1.14811
1.21143	12.2965	6.55865	2.07486	-0.41845	-2.14699
0.948745	109.28	77.7627	1.09751	0.139793	-0.44327
0.0888676	105.087	74.8751	1.08945	0.145686	-0.45417
25.9158	92.9471	69.0644	0.331528	-0.207322	1.86243
-9.55883	-7.57687	-7.2775	-1.40758	-1.71201	-0.632705
26.3894	93.2152	69.8932	0.317966	-0.239287	1.86829
26.3184	93.6762	70.4843	0.466911	-2.99187	-0.502673
-9.61859	-7.50926	-7.323	-1.40791	-1.70599	-0.638784
27.1365	94.8693	71.4361	0.317122	-0.197354	1.86772
18.9546	103.104	72.5133	0.518069	-0.330609	2.55972
7.09581	2.71659	-11.2706	0.702717	-2.07832	-1.25644
26.6722	88.4549	68.0985	0.463733	-3.00975	-0.501461
26.6158	88.6028	68.1675	0.443708	-3.01301	-0.517267
26.6491	87.4957	67.574	0.301859	-0.235597	1.88171
3.35097	11.788	6.73387	-1.22804	1.31455	-1.7017
15.5771	40.7251	31.3438	0.548241	-1.00862	2.44362
15.6347	40.5569	31.2936	0.542751	-1.01179	2.45135
27.3442	87.7199	68.7519	0.557844	-1.23932	2.35944
-6.45008	4.80226	-11.5675	-2.40187	-0.676608	-1.84407
25.0114	72.246	58.354	-0.577734	3.04563	0.511819
26.5161	78.912	63.8521	0.462193	-3.01148	-0.462633
27.1059	78.9315	64.3397	0.500401	-3.02162	-0.423683
2.10966	91.1794	70.9393	0.163084	0.282408	-1.23365
2.60872	92.5153	72.0912	0.176717	0.248325	-1.22161
8.59495	8.57401	7.19358	0.418279	-1.61976	2.87503
8.36722	-7.51889	-7.93335	0.307748	2.60554	1.4744
2.675	90.0139	71.5998	0.142808	0.294352	-1.23214
-0.354308	65.5796	51.4881	-2.04147	-0.743113	-0.716305
-0.420502	65.4451	51.5228	-2.02437	-0.74446	-0.723356
0.525823	68.6315	53.3311	0.287954	0.125764	-1.21124
-9.31335	2.15356	9.84251	0.607476	0.951043	-1.26205
-9.30306	2.22617	9.82776	0.614501	0.947364	-1.26983
2.16854	-11.9904	-6.94988	0.195674	-1.17451	0.654238
2.52533	77.5511	66.1912	-1.77864	-0.930251	-0.574619
8.6752	60.7996	58.9761	-1.67996	-2.39392	-0.208431
-2.02368	-12.4797	-7.29641	-0.214487	-1.4179	0.167666
-2.14091	11.9584	7.04018	1.44288	0.248771	-2.06225
3.20424	81.2961	66.8194	0.127592	0.18627	-1.23869
-2.21864	11.9027	7.07198	1.43595	0.259948	-2.05845
1.58133	-12.1093	-7.04855	0.16364	-1.21157	0.596303
1.91763	-11.9799	-7.08468	0.197293	-1.18665	0.633154
1.86934	-12.0118	-7.13719	0.199039	-1.18826	0.628216
1.47535	-12.0901	-7.11307	0.160061	-1.21991	0.581902
-1.68499	12.0472	7.17385	-1.84599	0.864903	-0.82075
5.66965	76.1816	63.3862	-1.63506	0.0301666	-1.61234
-9.89516	3.25672	-9.98857	-2.25563	-0.891975	-1.54702
8.8293	8.23726	7.54262	-0.372105	1.53511	-2.51787
-5.54301	5.79016	-11.2152	-2.33404	-0.773492	-1.71686
19.1276	71.4654	57.5263	-0.0148231	-0.180311	-2.60456
19.8895	73.2175	58.4515	-0.0937035	-0.226452	-2.61457
28.7145	57.1315	59.5247	-0.532784	3.13181	0.320187
27.6405	53.4133	56.0923	0.49273	-3.01885	-0.37935
27.7891	54.9173	57.9073	-0.501306	3.16692	0.354397
28.0577	55.2621	58.0038	0.520968	-3.00927	-0.332431
28.2538	54.7945	58.0051	0.550726	-3.0191	-0.324379
27.6437	54.0424	57.6179	0.45881	-2.99167	-0.354267
27.623	52.6938	57.5077	0.473834	-3.01603	-0.323374
27.624	52.752	57.345	0.482165	-2.99399	-0.316254
18.6874	66.5381	57.6921	0.225752	0.0514443	-2.48015
-7.95671	6.23674	8.50745	-2.08106	-1.71447	3.26259
9.10941	42.305	56.6648	-1.72828	-2.43797	-0.153474
4.08106	45.1282	43.8256	0.990203	0.340682	-1.27647
10.3513	40.8609	56.0625	-1.67129	-2.44921	-0.214846
12.9459	52.0934	62.6072	1.16696	0.747051	-1.3659
29.1749	46.2899	55.9552	0.550025	-3.04439	-0.309175
29.1545	46.0227	56.2407	-0.548023	3.12543	0.261935
30.1125	44.9931	57.1951	-0.547977	3.1835	0.191287
20.8621	52.5873	51.3713	0.150765	-1.15644	-1.66932
8.57879	-5.48454	10.5668	-0.870209	-1.20056	1.83878
8.68503	-5.49869	10.4722	-0.856786	-1.20808	1.84612
10.3294	5.3692	8.15865	-1.68582	1.32064	1.38378
-10.2122	-5.23473	-8.13441	-1.15911	-1.51284	-0.688658
-10.6698	-1.02667	-8.61205	1.20627	-0.160558	-0.311076
34.8149	50.2517	76.3295	-1.99631	0.289907	2.3295
34.6567	33.4975	57.3791	0.60199	-3.11717	-0.0747935
34.2472	32.2653	56.0581	0.612872	-3.13218	-0.109458
-10.6419	-4.54921	-8.22806	-1.18478	-1.46522	-0.740923
34.622	31.071	55.6249	0.570201	-3.0756	-0.0975982
34.8839	31.2405	55.943	-0.58792	3.0789	0.0999439
33.3954	28.097	53.3652	-0.535646	3.09721	0.145353
35.9082	30.9468	56.3658	-0.575864	3.10332	0.210377
36.0396	30.1609	56.9652	-0.572685	3.05193	0.141331
36.4236	29.7183	56.9141	0.573278	-3.08404	-0.116112
36.7013	30.1851	57.7303	0.623886	-3.10123	-0.0882209
35.3755	27.3904	53.0081	0.639501	-3.12033	-0.209622
36.38	27.9811	55.7	-0.621466	3.04032	0.12914
37.107	29.7787	58.7804	0.591995	-3.11679	-0.13305
37.3443	29.9821	59.5817	-0.554548	3.08849	0.117482
55.2876	83.3566	120.863	0.968741	0.694273	3.6392
9.49961	6.00818	8.13266	0.374721	-1.95661	2.51828
38.1165	30.741	61.659	-0.60636	3.03149	0.138344
37.8395	30.4197	60.8404	-0.62345	3.04231	0.0776378
37.2102	29.977	60.2756	-0.60932	3.04788	0.0905405
36.9234	30.0673	60.6015	0.584187	-3.11467	-0.164502
37.6334	31.4711	62.8198	-0.615498	3.06939	0.0660015
37.552	31.0971	63.3008	0.571147	-3.1453	-0.151426
37.5548	31.7296	63.4957	0.561758	-3.0757	-0.0761159
36.8454	31.9127	63.255	0.561268	-3.06586	-0.112054
-9.33928	-6.79545	-8.16452	1.30322	0.323089	0.175425
-8.93018	-7.72546	-8.19276	1.31255	0.399072	0.251775
-10.8326	-4.91106	-7.78556	1.33553	0.277862	0.106952
10.2907	4.79657	8.50013	-1.62388	1.28263	1.39367
-9.06716	-7.11642	-8.31077	1.2991	0.32955	0.210089
-9.00176	-7.31168	-8.34386	1.29909	0.349041	0.236618
-0.973498	11.4993	8.42945	1.71492	0.224736	-2.14387
32.8432	39.6751	74.5847	-0.565294	3.11338	0.112788
1.26593	-11.372	-8.41438	0.202169	-1.31606	0.449439
1.52422	-11.2916	-8.44236	0.227286	-1.30565	0.476555
31.3907	38.8366	72.872	0.515305	-2.98233	-0.068256
31.532	40.058	73.7698	-0.61903	3.16544	0.0856093
31.0642	40.3947	73.11	0.542074	-2.93861	-0.120452
29.8319	37.9369	70.5273	0.499191	-2.96294	-0.117604
30.0855	37.8571	70.6511	-0.571652	3.17117	0.140916
-1.37532	11.494	8.41926	1.69205	0.263062	-2.11041
9.55613	0.246197	-10.6627	0.346011	-2.21748	-1.68864
-1.27356	11.4003	8.40939	1.70066	0.255898	-2.11304
11.4112	34.1842	74.6875	-1.73969	-2.61918	-0.17616
1.6108	-11.3492	-8.38463	0.209607	-1.33363	0.464492
29.3766	41.298	75.0191	-0.591963	3.08305	0.140551
29.2842	41.3198	75.9615	0.562296	-3.074	-0.065826
-1.21856	11.3927	8.39347	1.74192	0.223583	-2.11622
27.8877	40.7763	75.3691	-0.564519	3.08479	0.147762
28.2048	41.27	76.2059	0.594849	-3.11988	-0.100549
27.5572	41.2964	75.8766	0.515207	-3.0478	-0.181726
27.7967	41.4719	75.8814	-0.575672	3.1806	0.151635
-1.0221	11.5568	8.40364	1.77625	0.194649	-2.12437
1.63681	-11.314	-8.42964	0.209065	-1.34837	0.460124
-1.18494	11.5484	8.40464	1.79247	0.189052	-2.11593
3.90759	-10.4464	-8.55024	0.192041	-1.36692	0.442156
25.8885	42.6628	79.1846	0.557421	-3.05831	-0.0767875
25.7907	42.3193	79.3521	-0.570411	3.10511	0.0596549
25.1822	45.0476	81.7261	-0.599677	3.24997	0.0100392
25.0881	44.408	82.207	0.517179	-3.00724	-0.00959274
25.6781	45.9535	84.9887	-0.580912	3.14356	0.00474695
25.3319	44.6137	82.3359	-0.574123	3.07633	0.136942
24.6298	45.556	82.2623	-0.58976	3.14666	0.162584
9.49364	5.37138	8.84006	-0.433036	1.72403	-2.28567
9.1523	1.46814	-10.4546	1.23978	-0.802743	1.53438
9.50258	5.08204	8.99227	0.152524	-1.89618	2.55198
-1.38086	11.5011	8.3822	-1.57285	0.960797	-0.989021
8.91646	6.84993	8.75317	-0.365367	1.74373	-2.33714
-9.50688	-5.3122	-8.8779	1.2741	0.305077	0.259113
-9.45768	-5.41093	-8.85866	1.27317	0.312102	0.26595
2.08982	-11.2292	-8.41351	0.956809	1.70643	1.31207
-3.9016	58.5645	88.3902	3.16156	0.530769	-0.0960207
3.48125	-10.6499	-8.49605	0.141109	-1.42393	0.387606
6.70604	56.2462	97.5939	-1.7217	0.600216	-0.723985
6.40755	56.5116	97.3362	-1.7352	0.581723	-0.741248
6.35915	57.4909	98.8355	-1.75505	0.553601	-0.730164
-9.32063	-5.55083	-8.88991	1.27	0.317095	0.278259
9.06857	2.09935	-10.4646	1.2872	-0.762227	1.5945
9.33813	5.51285	8.93798	-0.416919	1.71217	-2.28717
-9.13611	-5.71488	-8.91336	1.26797	0.32901	0.297241
13.8175	46.933	78.6786	1.52203	-1.70801	1.77239
13.3558	46.6254	75.8311	1.57189	-1.66221	1.82369
13.5968	47.3093	78.7425	1.5455	-1.70345	1.78715
0.109528	40.377	87.8118	-1.71973	-2.40841	-0.0138016
8.52969	7.47987	8.79772	-0.424373	1.70711	-2.27804
9.33681	1.64497	-10.3688	1.251	-0.79248	1.56791
-9.30033	-1.75767	10.4097	0.729588	1.16997	-1.07208
9.19494	2.01378	-10.4614	1.27513	-0.77842	1.58124
6.96274	-7.24698	-8.76242	-0.663928	-2.74183	-2.01087
0.385495	37.1312	84.977	-1.76409	-2.46874	-0.0846964
9.27935	1.70889	-10.3712	1.25345	-0.803343	1.55839
1.45785	-11.3429	-8.45851	0.997088	1.60842	1.27574
9.33942	1.57229	-10.3555	1.24451	-0.811211	1.54966
-4.60311	-7.70088	10.8262	-1.5131	-0.821945	0.906192
11.8968	38.8082	110.353	2.22222	1.89698	-2.99464
12.2737	39.793	112.754	5.51505	4.72936	-7.53404
9.43781	5.14441	9.05238	-0.398501	1.73629	-2.28293
9.61963	4.74443	9.12851	-0.353508	1.75868	-2.31305
9.58237	4.82231	9.11208	-0.362827	1.75471	-2.30633
-9.18264	-2.13455	10.4201	0.733159	1.18675	-1.05441
9.5792	4.79566	9.11892	-0.363941	1.75567	-2.3043
9.59907	4.76913	9.11996	-0.360847	1.75722	-2.30664
-9.57123	-4.87032	-9.09694	1.28866	0.272537	0.243149
-9.48156	-4.88393	-9.10192	1.28775	0.273272	0.246416
-9.42802	-4.9702	-9.09657	1.28695	0.279016	0.252539
-9.44532	-4.97889	-9.08001	1.28409	0.278279	0.251364
-9.40156	-5.0455	-9.07104	1.28452	0.286021	0.258819
-6.45148	9.03844	9.21747	1.41332	0.633651	-1.80654
16.8169	35.9434	89.8692	0.682465	2.15828	-1.97027
9.33794	1.26057	-10.2757	1.21693	-0.829301	1.53084
-9.22336	-5.21623	-8.99621	1.28533	0.307184	0.276374
-9.28812	-5.37787	-9.03281	1.2751	0.305511	0.281531
9.34036	5.24715	9.06892	-0.396436	1.72291	-2.28607
9.4547	5.04294	9.08899	-0.37762	1.73275	-2.29993
-9.28923	-5.27807	-8.99713	1.27197	0.300489	0.273029
9.22333	5.41864	8.99355	-0.415663	1.71082	-2.27927
-9.32302	-5.24338	-9.01106	1.27156	0.294798	0.267613
1.89963	47.8494	82.7877	-1.67447	0.737054	-0.720781
4.02467	57.0736	101.755	-1.67598	0.662069	-0.793309
9.49277	5.03357	9.04262	-0.37232	1.73114	-2.31362
9.44608	5.0687	9.03288	-0.377034	1.72941	-2.31036
9.3959	5.11162	9.03086	-0.380225	1.72739	-2.3068
-9.63113	-4.80351	-9.05925	1.27204	0.249581	0.222136
9.5794	4.83577	9.0658	-0.339378	1.7368	-2.34165
9.62657	4.7736	9.0863	-0.327129	1.73987	-2.35082
-9.49807	-5.01602	-9.03151	1.26398	0.25841	0.233284
-9.24921	-5.42985	-8.95791	1.26312	0.302375	0.275256
13.7671	40.5452	87.6407	0.12241	-0.856551	1.91515
-9.26569	-5.56708	-8.93521	1.25544	0.301307	0.277801
-1.03551	37.5729	79.9657	-1.75466	-2.52485	-0.121671
-9.26341	-5.55005	-8.93985	1.25402	0.299001	0.275119
9.18531	5.61973	8.92256	-0.414582	1.68971	-2.29246
-9.30841	-5.45534	-8.96158	1.25509	0.293159	0.269086
-9.68478	-4.91916	-9.04284	1.25722	0.235108	0.214464
-9.35943	-5.4056	-8.9542	1.25214	0.283991	0.261123
-0.833013	11.9194	8.4663	1.9272	0.0979407	-2.09886
11.1015	65.0076	83.0927	-0.0709503	0.0787084	-2.83026
10.7741	64.4877	82.6179	-0.0181819	0.123966	-2.80903
10.5759	66.6813	84.7634	-0.132994	0.0810571	-2.80851
-9.2501	-5.56269	-8.91901	1.24745	0.298517	0.275822
-9.29214	-5.48263	-8.92077	1.24935	0.29541	0.271194
17.6389	49.18	84.7266	0.447895	-2.9739	-0.0617958
17.6741	50.052	85.623	0.508986	-3.00375	-0.0611663
17.7664	49.6928	85.1753	0.483051	-2.99064	-0.0682246
17.7931	51.2694	87.7829	0.4861	-3.02286	0.0036268
17.8606	49.4235	85.5219	0.454113	-3.03439	-0.0190553
17.5415	49.2232	84.8663	0.470851	-3.0368	0.0121553
17.693	49.2492	84.8121	0.437172	-2.9881	0.0167399
17.474	50.0344	85.6333	0.416121	-2.93983	0.0624148
17.5371	49.8196	85.2373	0.397422	-2.95306	0.0139149
17.7648	51.1687	87.5591	0.403552	-2.94676	0.0959064
17.7806	49.0694	82.9392	0.392034	-2.93649	-0.0634478
17.9238	50.0386	83.8717	0.400951	-2.94625	-0.0971159
18.0456	49.9893	83.477	0.419323	-2.95332	-0.0994527
9.43296	5.34936	8.90913	-0.373407	1.69628	-2.3397
9.61811	4.97778	8.95825	-0.333067	1.7106	-2.37107
18.9654	49.3939	81.7253	0.446579	-2.97483	-0.0531743
19.2084	51.2614	83.9438	0.447962	-2.98119	-0.0725139
20.395	53.0735	86.8074	0.453175	-2.97997	-0.0201922
20.4541	53.4366	87.0692	-0.472092	3.22431	-0.00176881
20.3308	52.039	84.3045	0.429048	-2.95406	-0.0629719
20.5471	49.8168	81.7256	0.461971	-2.98722	0.0116323
20.6897	50.6309	82.4491	0.454327	-3.02639	-0.103197
21.7434	54.5156	87.2859	-0.526317	3.20211	0.048061
21.5484	54.4258	86.2646	0.412288	-2.91476	0.0121109
21.3536	52.8526	83.6991	-0.434168	3.32485	0.0780348
21.6865	51.7194	81.2607	0.44588	-2.96218	-0.167409
22.8024	54.1842	83.8994	0.483633	-2.94249	-0.149213
22.8481	53.7595	83.7349	-0.44707	3.28971	0.141762
23.0196	53.2162	83.2068	-0.470686	3.25784	0.111484
23.3506	53.2186	82.5271	-0.475702	3.25626	0.174632
24.45	54.7333	84.9953	-0.469799	3.23175	0.146779
