27.5421	-19.1296	67.5167	2.51528	1.63386	-0.208795
28.3407	-18.0743	68.9529	-2.66579	-1.59882	0.112904
26.7109	-17.8925	65.3085	-2.71478	-1.66569	0.0710474
26.7157	-18.1769	67.1258	2.59701	1.63905	-0.196623
26.0856	-18.2146	67.3349	2.4653	1.60729	-0.323926
-8.39471	1.78622	11.5388	1.39305	1.15416	-1.58702
-8.24793	2.15213	11.5194	1.41051	1.13097	-1.61636
-8.16609	2.31369	11.5014	1.42229	1.11797	-1.62854
-7.95861	2.76805	11.4463	1.44733	1.07673	-1.66688
-7.87338	2.78908	11.47	1.44606	1.07374	-1.66967
-8.14494	2.59997	11.4961	1.43159	1.09036	-1.65063
-8.09343	2.76915	11.4853	1.43642	1.07843	-1.66341
-7.50533	3.70177	11.4746	1.48342	1.00325	-1.74482
39.7542	-21.3333	74.49	2.50898	1.28414	-3.76167
24.5255	-16.0042	71.9489	2.75166	1.62608	-0.425627
23.5468	-14.7148	71.993	-1.96169	-1.09214	0.658883
34.4994	-22.3956	57.2187	-0.0279825	0.0373478	1.06826
33.3315	-22.9313	56.2347	0.0250829	-0.274266	0.981002
33.2266	-22.9566	56.2352	0.0465653	-0.269979	0.985359
33.2266	-22.9566	56.2353	0.0465662	-0.269977	0.985359
32.8439	-22.1836	54.8464	0.0525997	-0.299165	0.994874
19.1184	-13.6079	62.4579	-2.78472	-1.8029	0.158791
19.2746	-13.1794	63.0722	0.298606	0.152126	-0.484144
36.6963	-21.3343	64.2905	-0.175013	0.231966	1.1549
-7.96221	2.94851	11.3123	1.46975	1.04155	-1.6807
-8.39933	2.31567	11.3601	1.42456	1.09726	-1.61735
38.4783	-21.2133	65.6772	-0.124958	0.519346	1.2211
38.7376	-22.3289	67.0558	0.0916345	-0.00483441	1.09896
38.8774	-22.4471	68.0891	0.0564154	0.0387788	1.10462
-7.90426	3.1066	11.3049	1.45839	1.03649	-1.67944
20.9551	-14.8981	67.9654	-2.67674	-1.69809	0.330768
-7.98144	2.98734	11.3511	1.46118	1.0516	-1.66633
-8.02749	2.94102	11.3409	1.45805	1.05566	-1.66139
-8.14137	2.67227	11.3387	1.44439	1.07184	-1.64101
33.7014	-21.5456	58.753	0.824269	0.396887	0.976368
38.9466	-23.68	66.485	-0.0483408	0.308654	1.18107
40.2053	-24.4996	67.1711	0.0873398	0.267566	1.16241
40.8466	-23.4658	69.6736	-0.120377	0.298276	1.21211
40.2513	-23.0909	68.8787	-0.307681	0.415212	1.18045
32.6455	-20.0559	54.0465	1.04904	0.389928	0.911716
8.4084	-2.18477	-11.3466	-0.627248	-2.29198	-2.2981
38.5835	-22.601	63.7568	-0.630573	-2.93603	0.185237
39.5513	-23.0674	63.9991	-0.531549	-2.73476	0.156785
37.0023	-22.4169	60.4627	-0.717593	-3.00658	0.00834772
38.7991	-23.0842	63.1409	-0.0203992	0.0314423	1.11209
42.1686	-24.4332	69.1567	0.0665137	0.572162	1.20744
37.7255	-23.035	63.245	-0.165835	-0.0297649	1.06373
3.09639	9.20264	-9.92982	2.25267	-0.507817	1.65636
39.0254	-23.3266	64.1948	-0.138396	-0.00510815	1.08894
37.4469	-23.3365	61.614	-0.148657	-0.00364999	1.09097
41.1357	-1.81297	46.9612	1.35394	-0.694929	2.15222
40.9942	-1.72914	46.8381	1.36371	-0.681811	2.14333
40.7238	-1.79343	46.3765	1.38534	-0.658818	2.13506
22.6122	-16.5056	64.9809	2.55925	1.65009	-0.134473
22.0194	-15.9976	63.8606	2.57283	1.65321	-0.189626
23.131	-16.4613	66.125	2.5753	1.6654	-0.273899
22.9483	-16.2979	64.9559	2.54243	1.64006	-0.191042
23.0036	-15.6337	63.6808	2.62666	1.62629	-0.0395805
25.249	-17.8978	68.8735	-2.64706	-1.76489	0.242469
22.9874	-16.2114	64.1289	2.55869	1.65036	-0.155357
23.1995	-16.6068	64.9528	-2.68054	-1.73329	0.181688
23.7241	-16.4554	66.041	2.58978	1.65558	-0.203237
24.3802	-16.6497	66.1784	-2.70025	-1.721	0.190218
24.3082	-16.6579	65.7364	2.59802	1.67765	-0.167024
24.387	-16.9749	65.9108	2.55685	1.66246	-0.20037
24.5116	-17.0702	66.8032	-2.67036	-1.77874	0.28741
23.9756	-16.585	64.9274	2.54999	1.64034	-0.21869
25.5285	-17.3445	68.7284	2.54877	1.68862	-0.327948
25.2122	-16.7014	66.6547	2.52215	1.63244	-0.216817
24.5539	-17.6126	65.1895	2.45804	1.66378	-0.233689
24.8046	-17.5763	65.5002	2.49895	1.65786	-0.210552
24.2672	-17.1777	64.4311	2.55421	1.64085	-0.135845
24.7627	-16.9352	65.1659	2.57639	1.64625	-0.137598
25.7465	-17.7183	66.8872	2.56904	1.65657	-0.174297
26.6553	-18.3363	69.9725	2.55382	1.6989	-0.311712
26.281	-17.9912	67.7938	2.47609	1.64438	-0.307855
26.609	-18.2078	68.3117	2.51443	1.66707	-0.313851
26.0526	-18.3812	66.5614	-2.75664	-1.84954	0.344206
25.6293	-18.4086	65.1268	2.45996	1.66255	-0.238417
25.8608	-18.6918	66.2632	2.4882	1.67909	-0.209787
25.8304	-18.0592	65.5387	2.53319	1.68712	-0.186665
25.6386	-17.9941	64.9876	2.52802	1.68974	-0.194769
27.0113	-18.9327	67.6249	2.51284	1.69711	-0.213092
27.6516	-18.9472	68.201	2.48267	1.67609	-0.224493
26.4927	-18.6272	65.2216	2.41617	1.64121	-0.181959
26.7795	-18.5971	66.6639	2.48606	1.67939	-0.191527
26.939	-18.4387	65.6083	2.49853	1.66467	-0.130415
26.665	-18.3725	64.9342	2.43273	1.62433	-0.150737
27.1253	-18.2903	65.9482	2.45904	1.62081	-0.159612
27.5794	-18.4674	67.3388	2.47425	1.64655	-0.229758
27.1593	-18.5339	66.3639	2.46993	1.62201	-0.201357
27.0436	-18.5776	65.9489	2.46813	1.66335	-0.232398
27.3742	-18.6497	66.1527	2.48206	1.65269	-0.148297
27.1871	-18.6626	66.2279	2.44342	1.64737	-0.205135
27.3055	-18.9173	66.0496	2.45146	1.65858	-0.197804
25.1272	-18.138	62.281	2.44154	1.6167	-0.13439
26.0935	-18.1087	64.4273	2.48998	1.6394	-0.188792
26.3942	-18.8966	65.0711	2.42101	1.64082	-0.229916
26.2455	-18.7154	64.0852	2.45371	1.65193	-0.181567
27.6912	-19.6184	66.3699	2.43085	1.68345	-0.214606
27.5172	-18.6649	66.3001	2.50237	1.64476	-0.172274
26.8114	-19.056	64.6605	2.3939	1.63812	-0.205992
26.3765	-18.2201	62.6062	2.44909	1.62074	-0.0918711
27.5109	-18.6786	65.0227	2.45783	1.63826	-0.137794
27.8309	-19.1822	65.923	2.4117	1.65749	-0.197448
28.2856	-19.6019	66.6779	2.41869	1.68666	-0.203643
28.7661	-19.8184	67.3998	2.40402	1.67752	-0.204755
27.4664	-18.8139	64.8486	2.40786	1.64225	-0.1675
27.401	-19.4689	64.4953	2.36545	1.65796	-0.16717
27.4161	-19.7186	64.311	2.32215	1.62664	-0.182365
26.521	-18.9173	62.8324	2.3572	1.60581	-0.158353
27.321	-19.2681	64.7019	2.40576	1.63596	-0.177399
28.3272	-19.1986	65.9019	2.4529	1.61205	-0.115571
26.9365	-18.6484	63.3085	2.42523	1.60046	-0.0713845
28.0671	-19.3805	65.3127	2.42811	1.63681	-0.105701
29.2298	-20.2104	67.9953	2.43159	1.65526	-0.171915
27.5776	-19.4719	64.4783	2.41125	1.63067	-0.131515
27.3275	-19.3635	64.7406	2.39725	1.63726	-0.169139
27.2236	-19.1024	63.2459	2.36635	1.60143	-0.126904
27.5171	-19.1822	64.0819	2.39846	1.6046	-0.105222
27.1188	-18.9862	63.9162	2.4331	1.64235	-0.0909319
28.006	-18.9859	65.2048	2.4493	1.61656	-0.0860929
28.1571	-19.4697	66.2459	2.40565	1.65422	-0.210996
27.5732	-19.5417	66.049	-2.75232	-1.91425	0.300518
27.4309	-18.9949	64.9626	2.44327	1.64664	-0.152843
26.8864	-18.8989	63.6152	2.40276	1.61797	-0.136215
26.6789	-19.245	65.0438	2.37453	1.63001	-0.261729
27.7394	-19.3703	67.2522	2.43801	1.65623	-0.26522
27.2369	-18.7117	65.4794	2.46714	1.65545	-0.1733
27.1788	-18.9015	65.353	2.4508	1.63843	-0.164428
27.6788	-19.3769	66.3854	2.41473	1.65605	-0.210841
27.1928	-19.4578	65.5669	2.37275	1.64012	-0.187496
28.2919	-19.5861	67.9812	2.4129	1.67031	-0.248289
27.8816	-19.4188	65.8475	2.40022	1.64409	-0.143942
26.5285	-19.1	64.6808	2.43526	1.66341	-0.132386
27.1162	-19.5633	65.2874	2.40401	1.67256	-0.150091
26.3043	-19.3544	63.9513	2.3806	1.65067	-0.130583
25.7455	-18.7673	62.8591	2.3756	1.62851	-0.111491
25.6821	-19.3007	63.2134	2.36578	1.65678	-0.134082
26.3999	-18.8448	65.0027	2.45083	1.66776	-0.178009
25.5779	-19.0204	63.2279	2.40323	1.67827	-0.173762
25.4932	-18.9729	63.0753	2.38859	1.65991	-0.176472
27.0153	-19.5133	67.3498	2.42416	1.71972	-0.331193
25.736	-19.3479	65.3049	-2.73142	-1.92006	0.297387
25.7672	-18.9268	65.6098	2.41392	1.67197	-0.291368
26.2085	-19.1647	65.7411	2.44183	1.66731	-0.179644
26.9602	-19.567	67.9715	2.43391	1.68194	-0.242198
26.9742	-19.7592	67.1021	-2.76176	-1.90272	0.224033
26.7207	-19.9545	68.101	-2.71865	-1.89228	0.248877
25.0867	-18.6478	64.5987	-2.75705	-1.88385	0.187075
24.3213	-18.8188	63.4477	-2.78743	-1.9351	0.200274
24.3061	-18.5244	64.353	2.428	1.65179	-0.198737
24.6712	-18.6277	64.5289	2.4123	1.64534	-0.170846
25.7427	-18.8592	66.7493	2.45509	1.69694	-0.169868
24.4289	-18.7115	65.1238	2.41954	1.65855	-0.192151
24.1693	-18.6988	64.985	2.37108	1.67832	-0.230875
24.3931	-18.9267	66.158	-2.70549	-1.88241	0.296531
24.2204	-18.7959	64.7249	2.40873	1.68444	-0.179933
23.8368	-18.802	65.6207	-2.70711	-1.89525	0.312933
22.6171	-18.5452	62.7346	2.3918	1.68374	-0.205514
22.659	-17.6402	62.0256	2.44225	1.65578	-0.113778
21.9746	-17.4361	60.9698	2.44684	1.6497	-0.0651054
22.8611	-18.4648	64.2023	2.35881	1.65666	-0.232434
23.5332	-18.0504	65.0812	2.42637	1.65694	-0.134019
23.0385	-18.0948	64.4998	-2.77149	-1.85657	0.14088
23.255	-17.9197	65.6225	-2.74817	-1.83572	0.194435
22.0084	-17.2499	62.9571	-2.78062	-1.82791	0.169221
23.5075	-18.1758	67.3267	2.42646	1.69422	-0.26259
22.8554	-17.8961	67.054	2.44894	1.68098	-0.277589
21.9136	-17.9105	64.3697	2.42347	1.68896	-0.211039
22.0551	-18.1024	65.5472	2.4383	1.68753	-0.244566
21.7723	-17.2563	64.4361	2.4748	1.6519	-0.17136
22.4936	-17.6472	67.2903	2.50667	1.70747	-0.235271
21.5384	-17.5977	65.4695	2.48545	1.7022	-0.210882
22.1254	-17.7317	68.2653	2.48896	1.71604	-0.2938
21.7566	-17.3856	67.6279	2.46551	1.6729	-0.229508
20.2623	-16.913	63.9503	2.39458	1.62563	-0.180157
20.63	-17.2234	65.4865	-2.74197	-1.88356	0.267863
20.5827	-17.3503	66.5383	2.3956	1.68219	-0.326866
20.9737	-17.2982	67.0758	2.43117	1.66886	-0.242803
20.471	-17.1622	67.6356	-2.70008	-1.85361	0.310321
20.9807	-16.9238	68.4339	2.51803	1.73214	-0.332646
19.8518	-16.9904	67.1697	2.43025	1.68903	-0.32809
19.3397	-16.3967	65.9159	2.47612	1.6808	-0.287602
18.6196	-15.6352	63.9323	2.49176	1.64552	-0.218099
18.4843	-16.134	63.7071	2.38732	1.63379	-0.234454
17.5936	-15.3947	63.0358	2.50983	1.61925	-0.118966
19.3083	-16.2807	67.331	-2.68447	-1.78503	0.225713
18.6449	-15.3075	65.176	-2.76136	-1.78765	0.15894
17.8518	-15.4219	65.3773	2.46854	1.65774	-0.248534
17.3613	-14.5282	65.3604	2.5434	1.66496	-0.260656
18.3418	-15.7713	68.4631	2.52054	1.71857	-0.316296
18.2035	-15.3069	68.37	2.51307	1.69852	-0.393185
17.0529	-15.4385	66.4292	-2.74535	-1.84839	0.350656
15.8018	-14.5817	64.0128	2.48479	1.65286	-0.284457
15.4469	-14.2998	63.7148	2.48967	1.61957	-0.23274
15.2038	-13.9678	63.0164	2.54459	1.62205	-0.131055
14.9291	-14.3385	62.6806	2.49853	1.64381	-0.127564
14.7749	-14.6533	65.0227	2.5177	1.68124	-0.313315
15.0038	-14.4322	64.2975	2.51796	1.68954	-0.264501
15.3347	-14.3278	64.7317	2.46721	1.64166	-0.168952
15.2356	-14.0983	67.3507	2.52053	1.67983	-0.329378
15.4653	-13.9903	68.0392	2.48691	1.66105	-0.38966
14.4458	-13.5282	65.1468	2.50949	1.63553	-0.233214
13.4982	-13.517	65.2752	2.46304	1.63113	-0.373207
14.6635	-13.4544	66.9004	-2.70312	-1.70625	0.242469
14.371	-13.8051	67.9852	-2.65703	-1.75412	0.42233
14.406	-13.8587	67.8602	-2.69862	-1.83112	0.433884
14.18	-13.2808	68.4948	-2.63203	-1.74779	0.437074
13.675	-13.1843	67.6696	-2.64419	-1.72944	0.355496
12.9384	-13.0823	66.6065	2.54157	1.66734	-0.234867
12.3844	-12.7972	64.8986	2.59936	1.67662	-0.199322
11.8655	-12.9712	67.8812	-2.63503	-1.71795	0.393137
10.6861	-12.4373	65.2285	2.38997	1.596	-0.404141
11.5433	-12.2595	66.8566	-2.69304	-1.7587	0.381471
11.2192	-11.7031	66.793	-2.61498	-1.63264	0.222254
9.98017	-11.0283	63.4185	2.55835	1.59195	-0.139993
9.3636	-11.0035	64.5997	2.53182	1.62267	-0.247514
9.71374	-10.8816	66.2643	2.60262	1.63765	-0.207233
10.7517	-10.8837	71.8616	-2.25008	-1.33586	0.41729
9.42168	-10.8076	68.4827	-2.52165	-1.57819	0.368543
10.1529	-10.8532	71.8244	-2.37637	-1.5176	0.588784
8.21305	-10.1512	67.6694	-2.59033	-1.62193	0.431085
8.20509	-10.0924	66.9734	2.45783	1.60017	-0.408805
7.958	-10.1685	67.3143	2.44757	1.59783	-0.515864
7.9916	-9.92829	68.7516	2.49893	1.62917	-0.56633
7.64739	-9.93059	67.9537	2.58519	1.66115	-0.456386
7.45965	-9.20062	69.0874	2.65249	1.65478	-0.598088
7.45515	-9.45908	68.1224	-2.56965	-1.63511	0.345327
6.48957	-8.91734	65.6671	2.57806	1.63243	-0.317457
6.18069	-8.51262	65.6847	2.66517	1.66448	-0.25174
5.45104	-8.09778	65.1698	2.63249	1.60126	-0.18964
5.27889	-8.57118	65.7186	2.57231	1.63675	-0.250285
5.5271	-8.38715	67.0881	2.61356	1.67542	-0.458355
5.91077	-7.94299	68.9214	2.65937	1.69535	-0.714032
3.96312	-7.14935	64.7504	-2.62106	-1.59392	0.168817
4.36437	-7.7435	68.5635	-2.61172	-1.65507	0.51076
3.97586	-7.45219	68.2925	-2.57037	-1.63712	0.623297
2.56843	-6.85415	66.003	-2.33517	-1.39896	0.472265
3.33507	-6.99156	69.284	2.62384	1.66769	-0.646644
3.49703	-6.53648	69.838	2.55084	1.60948	-0.77997
3.35722	-6.77206	69.3473	-2.5225	-1.59795	0.683335
3.09931	-6.48199	69.3529	-2.52961	-1.5749	0.527379
1.9494	-5.7226	63.0793	-2.58682	-1.54892	-0.0772199
2.09832	-5.91873	68.2438	-2.55158	-1.60677	0.380579
2.2885	-6.06189	69.0082	-2.50567	-1.5731	0.696392
2.09282	-5.94925	69.0943	2.6628	1.66081	-0.525785
1.19352	-5.53328	67.7678	-2.47555	-1.52158	0.280067
1.14342	-5.52239	68.4115	-2.60999	-1.60309	0.224592
1.50021	-5.79253	70.2597	2.56599	1.63305	-0.578434
1.44186	-5.11191	71.352	-2.53076	-1.55825	0.761653
0.812235	-5.48529	68.9259	-2.59795	-1.60105	0.486003
0.928602	-5.06714	69.4564	-2.47188	-1.5075	0.683718
0.437339	-4.78128	69.593	-2.48076	-1.49401	0.416266
-0.227116	-4.50922	68.9857	2.5955	1.6058	-0.620949
0.028446	-4.63261	69.1028	-2.63318	-1.62317	0.640736
-1.12196	-4.5003	66.0752	-2.50571	-1.51698	0.235433
-0.710088	-4.50746	68.5473	-2.4778	-1.49796	0.514963
-0.0691704	-4.55158	69.8421	-2.3596	-1.43179	0.763721
-0.237386	-4.18152	70.0387	-2.41336	-1.43926	0.750954
-1.58097	-4.11733	66.5592	2.59503	1.56875	-0.433573
-1.22613	-3.92226	67.2074	2.64129	1.58286	-0.198185
-1.75876	-3.90591	63.5285	-2.69686	-1.62522	-0.0811145
-1.92651	-3.18	68.9429	-2.48332	-1.4646	0.44088
-1.64845	-3.40557	68.4681	-2.48541	-1.47021	0.380711
-1.56563	-3.29468	66.367	-2.63282	-1.58889	0.013341
-2.10293	-2.97794	60.9041	2.70905	1.61652	0.255003
-2.12404	-3.03976	61.964	-2.71389	-1.6221	-0.222088
-1.45416	-2.77438	69.719	-2.43383	-1.44236	0.903951
-2.27682	-2.67121	69.7558	2.67777	1.62893	-0.812546
-2.49716	-3.21397	68.7604	-2.42796	-1.46398	0.630229
-2.99236	-2.34247	65.8503	2.70965	1.63424	-0.060746
-2.70384	-2.05736	69.4644	2.66599	1.60421	-0.47546
-3.03913	-2.30317	71.0328	-2.54452	-1.50163	0.609528
-2.84678	-2.13341	71.5401	2.63326	1.61289	-0.595421
-2.44641	-2.09336	72.6813	2.57502	1.59867	-0.619574
-2.14656	-1.48064	73.2743	2.60192	1.57101	-0.833552
-2.45124	-1.51142	71.8228	-2.52539	-1.49767	0.665676
-3.26375	-1.66287	70.6459	2.635	1.56717	-0.558966
-3.72381	-1.92675	70.0487	-2.56809	-1.55626	0.375829
-3.85727	-2.04374	68.3132	2.4954	1.51892	-0.42413
-3.5792	-2.26252	69.5836	-2.4583	-1.48587	0.557394
-3.24239	-1.85315	70.3237	-2.43255	-1.44166	0.708919
-3.63601	-2.03219	63.5533	-2.70374	-1.63587	-0.2289
-4.27385	-2.15248	69.7965	2.6092	1.59687	-0.414617
-4.50669	-2.42347	68.9743	-2.57509	-1.56561	0.399874
-5.05928	-1.94555	68.7912	-2.48703	-1.5222	0.293917
-4.69305	-2.06192	64.4652	-2.69488	-1.61422	-0.0385437
-4.71704	-1.64346	66.1891	2.54447	1.51565	-0.131448
-4.47009	-1.10294	71.1069	-2.57233	-1.52843	0.505163
-4.62655	-1.02361	70.8011	2.71101	1.61174	-0.615321
-4.9292	-1.69664	65.6196	2.54348	1.51171	-0.154253
-4.96476	-1.57801	66.5153	2.60059	1.53817	-0.20937
-4.60728	-1.79263	69.1114	-2.43953	-1.44085	0.592606
-4.94802	-1.3477	68.9546	-2.58926	-1.55354	0.36904
-4.66257	-1.3472	70.4468	-2.47479	-1.52072	0.512739
-4.40555	-1.29779	69.8182	-2.47756	-1.49459	0.639636
-4.24866	-1.50213	70.8417	-2.61253	-1.57	0.641107
-4.25067	-1.44481	68.6359	-2.50938	-1.4834	0.761271
-4.96911	-1.42691	69.1528	-2.65181	-1.60391	0.609919
-5.20603	-1.21836	69.4973	2.54381	1.56176	-0.556919
-5.18154	-1.29125	68.6783	2.56534	1.56549	-0.519948
-4.68527	-1.44953	69.7515	-2.72033	-1.69613	0.60332
-4.54142	-1.06587	69.7574	-2.50885	-1.49417	0.782395
-5.14025	-1.10052	69.5331	-2.55703	-1.50427	0.674722
-4.95793	-1.55038	70.0717	-2.50642	-1.51223	0.470876
-4.56252	-1.41877	71.5462	-2.49899	-1.50616	0.703146
-5.13828	-0.847825	70.4163	-2.55398	-1.50564	0.476497
-5.00484	-1.22173	69.2899	-2.61899	-1.61252	0.673876
-5.59216	-1.06935	68.0441	2.49988	1.53304	-0.579613
-5.33913	-0.624512	70.6084	2.63543	1.56481	-0.683947
-5.50501	-1.20275	69.5136	-2.61269	-1.5765	0.506355
-5.13441	-1.21846	70.9419	-2.52205	-1.48681	0.615488
-5.03815	-1.0246	71.6933	-2.55454	-1.51676	0.658844
-5.77643	-1.32411	69.5909	-2.57883	-1.52202	0.588158
-5.80956	-1.13407	69.5499	2.63242	1.56827	-0.520404
-5.49181	-1.42239	69.73	-2.58711	-1.57435	0.514999
-5.87698	-1.23836	69.6684	-2.54665	-1.50717	0.500015
-5.72848	-1.60354	69.0225	-2.54147	-1.51354	0.561028
-5.97271	-1.78129	65.5321	-2.67137	-1.63795	0.0657306
-5.76082	-1.74542	69.7795	2.65285	1.63602	-0.617223
-5.69357	-1.90953	68.1121	2.49852	1.59189	-0.534021
-5.70549	-1.87456	69.4226	2.52262	1.56682	-0.636165
-5.64274	-1.85996	69.3369	2.58084	1.61877	-0.546355
-5.84216	-1.90197	68.785	2.63929	1.65359	-0.479093
-6.3283	-2.10037	67.5598	-2.5769	-1.58477	0.361482
-6.31931	-2.22123	67.7404	2.63708	1.64789	-0.328533
-6.37055	-2.20553	67.2572	2.50383	1.58319	-0.483228
-6.37133	-1.74369	66.8133	2.5612	1.56966	-0.344688
-6.11719	-1.95092	66.7573	2.57737	1.59644	-0.434561
-5.9754	-2.29866	66.9062	2.47203	1.57791	-0.441715
-6.57945	-2.15198	65.2745	2.42338	1.5483	-0.294167
-6.47423	-2.21818	67.3276	-2.679	-1.67505	0.320838
-5.97398	-2.23517	69.0777	2.52766	1.63311	-0.520725
-5.98147	-2.46986	67.9495	2.49583	1.63037	-0.525825
-6.20499	-2.73351	65.9246	-2.63017	-1.6787	0.431842
-6.11232	-2.77169	68.0195	-2.6112	-1.68251	0.565307
-6.23279	-2.80395	67.4649	-2.64468	-1.72004	0.478961
-6.33298	-2.40797	61.9389	-2.53277	-1.6	-0.141921
-6.02714	-2.57834	67.1853	-2.48572	-1.56219	0.554994
-6.33058	-2.80882	66.4894	-2.60861	-1.67246	0.318984
-5.98088	-2.57554	61.7361	2.70955	1.74642	0.210942
-6.48612	-3.29893	67.4488	-2.53438	-1.64738	0.361751
-6.32514	-3.26182	66.7787	-2.49895	-1.61537	0.400482
-6.30642	-2.82693	66.8758	-2.50971	-1.58549	0.550483
-6.53114	-2.90145	65.1388	-2.56413	-1.66714	0.00946701
-6.56704	-3.38339	66.6633	2.51871	1.64343	-0.246646
-6.37635	-2.97714	60.4362	-2.56888	-1.63901	-0.119194
-6.73486	-3.10083	65.8461	-2.61829	-1.66379	0.238173
-6.45577	-3.31677	67.0273	-2.60202	-1.69809	0.350264
-6.51738	-3.29292	64.1401	-2.49717	-1.63233	0.0937181
-5.93951	-4.09497	63.8696	2.49557	1.68002	-0.110247
-6.41401	-4.2037	66.7404	2.59241	1.72183	-0.221311
-6.15071	-3.90015	68.9955	2.5073	1.68373	-0.368418
-6.12049	-4.32561	66.3591	2.4577	1.6741	-0.324239
-6.19974	-4.05043	69.0836	2.49582	1.68237	-0.565156
-6.37979	-4.36476	69.412	2.5284	1.68843	-0.373367
-6.44807	-4.14328	68.52	2.5301	1.67436	-0.569033
-6.13623	-4.46695	67.3051	-2.43877	-1.61562	0.705685
-5.87523	-4.81572	67.4131	-2.43682	-1.68784	0.785374
-7.49674	-5.37871	61.9262	-2.41105	-1.61574	0.17037
-6.9578	-5.45503	65.2154	-2.48847	-1.67986	0.428216
-6.65839	-5.2704	66.5321	2.52591	1.73735	-0.529133
-6.38826	-5.03847	62.9783	-2.48792	-1.70297	-0.0347364
-6.1397	-5.22321	66.1429	2.49754	1.72104	-0.583945
-6.81811	-5.69241	64.4437	2.52494	1.7424	-0.393573
-6.87893	-5.85165	65.0988	-2.5162	-1.74411	0.298702
-6.2981	-6.59723	63.8984	2.42098	1.72871	-0.348902
-6.60674	-6.19778	65.6644	2.48025	1.73359	-0.4864
-6.52682	-6.11619	65.798	2.55577	1.7704	-0.546443
-6.44199	-6.48735	65.4843	2.52808	1.81385	-0.42559
-6.0112	-6.49674	64.6799	2.46973	1.79528	-0.434056
-6.40885	-6.74004	64.7374	2.42935	1.76664	-0.408392
-6.31694	-6.90426	64.1766	-2.45585	-1.74999	0.543738
-6.19724	-7.08929	63.4031	-2.48592	-1.81087	0.279989
-6.30439	-6.83701	64.8304	-2.36361	-1.70088	0.473479
-6.27514	-6.96279	65.6275	-2.38561	-1.70169	0.542048
-5.93484	-7.43823	66.0025	-2.50287	-1.90148	0.512871
-6.13608	-6.89122	64.4817	-2.43882	-1.77245	0.44479
-6.07359	-7.19869	65.3006	-2.46199	-1.81779	0.494158
-6.03173	-7.02128	64.156	-2.46159	-1.77632	0.504496
-6.19023	-7.29052	64.0828	2.49013	1.83083	-0.276784
-6.09389	-7.41718	66.1791	-2.4262	-1.78073	0.55609
-6.38856	-7.78806	64.6349	-2.43436	-1.76985	0.313994
-6.16555	-7.97484	65.2845	-2.30871	-1.7328	0.676942
-6.78777	-8.05953	62.8726	-2.5137	-1.83991	0.524852
-6.86955	-7.84597	63.2552	2.3841	1.78074	-0.508958
-6.23989	-7.97527	64.9851	2.35402	1.81882	-0.742062
-6.94177	-8.62551	63.0135	2.32712	1.75524	-0.445139
-6.87491	-9.06473	62.4168	2.37308	1.81346	-0.293981
-7.10808	-8.89763	61.784	2.4121	1.82362	-0.145623
-6.78924	-8.90311	62.7037	2.35948	1.81951	-0.498565
-6.97857	-9.36407	62.3815	2.42565	1.86865	-0.337684
-6.80477	-9.27835	61.9914	-2.37103	-1.83348	0.577907
-6.63729	-9.4787	63.5655	-2.38502	-1.87083	0.487203
-6.77838	-9.92907	63.3551	-2.36131	-1.83532	0.350778
-7.25132	-10.1092	62.2199	-2.43436	-1.88942	0.0996627
-6.94703	-10.0329	64.3675	-2.41145	-1.91482	0.361365
-6.60473	-10.2913	65.4776	-2.37495	-1.87857	0.579419
-6.73272	-10.57	63.7938	-2.37538	-1.92686	0.508182
-6.83819	-10.33	64.0629	-2.36375	-1.92269	0.528882
-7.29227	-10.4231	60.4569	-2.41458	-1.83764	-0.0265903
-7.0857	-10.8703	63.7922	2.43755	1.90742	-0.314351
-6.58972	-10.7778	65.1287	2.4123	1.96529	-0.559879
-7.33775	-10.465	63.8519	2.31213	1.82341	-0.357539
-6.92616	-10.6581	65.0714	2.34676	1.90198	-0.537966
-7.14532	-10.3749	64.2079	2.31661	1.83713	-0.583307
-6.84048	-10.4525	63.6576	2.40387	1.92367	-0.72811
-7.27794	-10.802	63.8561	2.38678	1.91555	-0.59024
-6.43548	-10.8945	64.3613	2.42824	1.98368	-0.743672
-6.4063	-10.9531	64.95	2.36475	1.97466	-0.672429
-6.81172	-11.0592	65.3252	-2.29115	-1.90432	0.657245
-6.65325	-10.6291	64.0969	2.34537	1.93702	-0.599398
-6.42623	-11.1226	63.4668	-2.29642	-1.94959	0.708835
-6.78386	-11.841	63.1958	-2.32719	-2.00363	0.430481
-7.28649	-11.8485	61.1443	-2.33111	-1.96337	0.340732
-7.13867	-11.5532	62.3454	2.38542	1.97207	-0.386372
-6.61535	-11.6988	64.0479	-2.20037	-1.84129	0.665889
-7.5275	-11.7426	62.3138	-2.3416	-1.95229	0.449922
-7.42488	-11.82	61.9965	-2.419	-2.04519	0.418301
-7.20851	-12.1248	63.3247	2.28625	1.95126	-0.433343
-7.18293	-12.0643	62.3685	2.29834	1.94552	-0.542243
-7.19369	-12.4499	64.1871	2.32176	1.97595	-0.476536
-7.52777	-12.4051	62.0616	2.27456	1.9187	-0.345315
-6.84991	-12.1899	65.0782	2.35245	2.00458	-0.567805
-7.00792	-12.4069	63.5211	2.37987	2.04063	-0.425565
-7.12413	-12.0701	63.3045	2.39851	2.05958	-0.381232
-7.23769	-12.5594	64.2084	2.37116	2.04158	-0.431433
-7.15236	-12.1631	64.5309	2.39449	2.01538	-0.64844
-7.29679	-12.6451	63.1534	-2.34375	-1.99197	0.472774
-7.07835	-12.9085	63.5683	-2.2411	-1.94942	0.538911
-6.70271	-13.3482	63.9246	-2.30155	-2.05574	0.504946
-7.13352	-13.2079	63.707	-2.18402	-1.92511	0.457863
-7.46593	-12.9089	63.4217	2.4402	2.12168	-0.62653
-7.03941	-12.7736	62.2157	-2.16887	-1.91115	0.721104
-7.5717	-12.9962	62.9175	2.43251	2.1147	-0.542919
-7.37696	-12.9583	62.4454	-2.09931	-1.84144	0.540793
-7.24568	-13.0755	63.1269	-2.22848	-1.94937	0.498559
-7.49659	-13.2662	62.5253	2.34121	2.0593	-0.393075
-7.17712	-13.2249	63.8653	2.34255	2.10707	-0.686902
-7.60509	-13.1437	64.6216	2.37747	2.10622	-0.591324
-7.48578	-13.7945	64.7778	2.35718	2.08203	-0.487906
-7.26976	-13.7815	62.629	2.28106	2.01277	-0.487918
-7.21011	-13.6093	62.6611	-2.18945	-1.93375	0.616232
-7.20345	-13.4877	62.0347	-2.27695	-2.01132	0.523723
-7.50855	-14.0562	64.2129	2.33808	2.06655	-0.488522
-7.0918	-13.9761	65.1839	2.30844	2.07642	-0.701788
-7.25556	-14.0761	65.347	2.30705	2.08729	-0.545319
-7.12445	-14.0296	63.6688	-2.22274	-2.02532	0.595936
-7.42702	-14.0601	62.0553	2.30477	2.06854	-0.479878
-7.33929	-14.4675	62.7392	-2.21961	-2.04294	0.515849
-7.33908	-14.3258	62.2663	2.26251	2.0807	-0.407724
-7.96693	-14.2458	63.1739	2.29867	2.04917	-0.434653
-7.11067	-14.4277	64.6323	-2.23942	-2.09323	0.577305
-7.51105	-14.2139	64.0474	2.31097	2.08595	-0.604309
-7.7704	-14.4507	63.602	2.27426	2.0292	-0.516481
-7.52457	-14.6823	64.0203	2.38629	2.14449	-0.526561
-7.3673	-14.3271	64.0708	2.3542	2.16296	-0.548356
-7.50493	-14.8246	65.2596	-2.25316	-2.03461	0.501026
-7.4772	-14.9924	63.6355	2.38787	2.20787	-0.401018
-7.43155	-15.0015	64.6333	2.33362	2.14286	-0.416471
-7.58568	-14.8965	64.1804	2.33969	2.14803	-0.388745
-7.53649	-15.3095	63.8801	2.33035	2.16338	-0.263632
-7.48549	-14.9435	62.5834	-2.18471	-2.01655	0.314951
-7.44503	-14.8776	62.8308	2.33785	2.17024	-0.391452
-7.74099	-14.8312	63.2705	2.30784	2.1541	-0.386866
-7.17556	-14.9634	64.052	-2.14396	-2.05086	0.59345
-7.28991	-15.224	64.8687	-2.18088	-2.0848	0.514956
-7.44747	-15.1555	64.0021	-2.14266	-2.03523	0.564761
-7.74718	-15.0366	63.5375	-2.20929	-2.06737	0.525757
-7.3159	-15.0988	64.2399	2.23912	2.15726	-0.529666
-7.51805	-15.3568	63.3596	2.24764	2.14564	-0.433308
-7.38871	-15.3737	63.4962	2.24591	2.11706	-0.508155
-7.30404	-15.8467	63.534	2.23791	2.1363	-0.30778
-7.21691	-15.768	64.5573	2.25923	2.18039	-0.352243
-7.18445	-15.8057	63.4368	2.27715	2.21046	-0.489748
-7.12429	-15.6639	63.3219	2.23425	2.18254	-0.477422
-7.65188	-15.7119	63.3877	-2.18391	-2.10028	0.38433
-7.75415	-16.1039	63.9837	2.29894	2.23791	-0.4096
-7.26771	-15.9692	63.6779	2.28002	2.2219	-0.575411
-7.44753	-16.0619	64.6762	2.246	2.16458	-0.557522
-7.04158	-15.8384	65.8548	-2.07976	-2.08008	0.535082
-7.36026	-16.1974	64.1015	2.2645	2.25178	-0.438918
-7.05795	-15.0626	56.2996	-2.18484	-2.07666	-0.536214
-7.72215	-16.3802	63.6356	2.21842	2.17617	-0.371472
-7.56691	-15.8879	63.341	2.22193	2.16907	-0.484658
-6.80058	-16.0709	63.7285	-2.10643	-2.10026	0.631011
-6.71921	-15.8031	64.5517	2.20553	2.20623	-0.632805
-7.42623	-16.1771	66.2883	2.20359	2.18571	-0.591886
-7.15113	-16.1911	63.3021	2.23336	2.22363	-0.619782
-7.00829	-16.117	63.0216	2.25408	2.25102	-0.653241
-6.7362	-16.2251	64.8555	2.18343	2.19855	-0.618332
-7.00773	-16.3292	64.2332	-2.10119	-2.1074	0.546497
-6.92484	-16.0416	65.5184	2.23622	2.20318	-0.693599
-7.14517	-16.1032	65.5751	2.18936	2.17957	-0.549912
-7.07108	-16.2388	65.4845	2.16105	2.1732	-0.606871
-6.64103	-16.3127	65.6559	2.16582	2.21988	-0.668467
-7.08451	-16.4418	65.5279	2.21266	2.20395	-0.632637
-6.93309	-16.8751	66.4717	2.1969	2.27097	-0.560579
-6.87593	-16.7046	63.6683	-2.1111	-2.16918	0.465896
-7.05152	-16.9388	66.0606	2.26683	2.28741	-0.607065
-6.7278	-16.8041	65.1869	2.18419	2.24772	-0.540921
-7.37319	-16.945	65.0842	2.28903	2.27031	-0.481888
-7.13339	-16.5893	64.1496	2.11797	2.17706	-0.438682
-7.15503	-16.4187	65.1483	2.18454	2.18175	-0.531835
-7.09205	-16.5602	65.5814	2.19458	2.20175	-0.584198
-7.20865	-16.3111	65.4972	2.24422	2.22152	-0.612664
-7.31327	-16.776	64.8485	2.22799	2.22633	-0.463613
-7.41487	-17.0115	65.7978	2.24894	2.27373	-0.470223
-6.83339	-16.8194	64.1571	-2.05642	-2.11572	0.545405
-6.66743	-16.705	64.6427	2.19873	2.27021	-0.59058
-6.23211	-16.9575	64.7577	-2.04493	-2.12311	0.70113
-7.14646	-17.1471	65.933	2.21603	2.23923	-0.452703
-7.20621	-17.0317	64.81	2.24713	2.28535	-0.495508
-6.96459	-16.6893	65.6864	2.21533	2.24928	-0.561488
-7.02394	-16.9859	65.2326	2.22437	2.31951	-0.444393
-6.3108	-16.8801	65.3973	2.19861	2.284	-0.63706
-6.60855	-16.8501	65.0688	2.20734	2.25097	-0.697343
-7.017	-16.9486	65.0463	2.18999	2.22959	-0.507484
-6.97031	-17.1454	64.0445	2.18012	2.22688	-0.453872
-6.75199	-17.2081	64.5748	2.16742	2.26014	-0.517988
-7.02984	-17.0786	64.8622	2.29314	2.3113	-0.531228
-6.50166	-16.8722	65.9794	2.21264	2.26333	-0.64493
-6.53112	-17.5842	65.2848	2.2087	2.33649	-0.502801
-6.52408	-17.0849	65.2536	2.19454	2.26725	-0.514854
-5.86108	-16.6458	65.2954	-2.09409	-2.20476	0.636462
-6.50743	-17.3591	66.7033	2.17147	2.242	-0.558338
-6.49743	-17.3921	65.4614	2.12679	2.20599	-0.405257
-6.53478	-17.419	63.7558	2.19612	2.26789	-0.412251
-6.44097	-17.079	63.7332	2.15865	2.26522	-0.467616
-6.53895	-17.2482	64.477	2.16392	2.2776	-0.520643
-6.28732	-17.4939	65.5199	2.16044	2.26739	-0.545356
-6.10881	-17.6079	66.1513	2.19156	2.30921	-0.624075
-6.35119	-17.645	65.2507	2.17015	2.27595	-0.467841
-5.63163	-17.2961	64.1858	-2.07709	-2.19991	0.620583
-5.68315	-17.1455	64.6557	-2.01678	-2.13097	0.641119
-6.26855	-17.2576	65.2427	2.09991	2.19805	-0.395713
-5.78882	-17.5829	66.8996	2.13376	2.28791	-0.563286
-5.86627	-17.4559	66.723	-2.06253	-2.17827	0.600725
-5.87618	-17.7588	67.306	2.1567	2.29741	-0.620992
-5.80615	-17.5114	67.2839	2.15814	2.31197	-0.543482
-5.69046	-17.3068	66.5671	2.12701	2.27466	-0.569187
-6.0699	-17.6602	66.7747	2.17136	2.27823	-0.470171
-6.07814	-17.1547	65.6183	2.17765	2.27663	-0.53278
-5.29846	-17.5518	66.7013	-2.03863	-2.22634	0.623569
-5.55971	-17.6139	65.674	-2.03403	-2.21402	0.400323
-5.77697	-18.051	67.2303	-2.02545	-2.17696	0.387917
-5.53639	-17.894	65.9497	2.17791	2.30213	-0.389683
-5.41913	-17.6039	65.9603	-2.0436	-2.17519	0.431066
-4.91699	-17.4454	65.8965	-2.02474	-2.20251	0.601419
-5.00852	-17.6849	66.3328	-2.01683	-2.18116	0.532838
-4.65787	-17.6437	67.3166	-1.99634	-2.1575	0.583864
-4.86196	-17.6952	66.6728	-2.01503	-2.1762	0.555727
-4.79177	-17.8203	67.4988	2.15429	2.34392	-0.55783
-4.56176	-17.5966	65.4066	-2.02474	-2.24368	0.410939
-4.97332	-17.7476	65.7673	-1.99273	-2.14246	0.527292
-5.06443	-17.8427	64.6385	-2.05915	-2.21043	0.420001
-5.38168	-18.0151	65.3373	-2.00952	-2.12689	0.415779
-5.42139	-17.5887	64.6022	2.19248	2.31947	-0.490324
-5.55454	-17.7276	64.3892	2.16242	2.27638	-0.307345
-4.89553	-18.2452	66.8556	2.1738	2.34404	-0.368501
-4.45521	-17.7448	64.7078	-1.96337	-2.13534	0.562253
-4.87889	-17.9049	63.5201	-2.11156	-2.26978	0.2913
-5.03683	-17.8712	64.9898	-1.98428	-2.14713	0.380013
-4.73147	-17.7124	63.8997	-2.03766	-2.19829	0.382136
-4.28165	-18.2271	64.5235	-1.95467	-2.18237	0.411534
-4.68341	-17.6513	62.1636	-2.02483	-2.20597	0.335395
-4.60638	-17.9419	64.4174	2.07881	2.29194	-0.363682
-4.38634	-18.0424	64.2885	2.07449	2.31496	-0.370717
-4.40155	-18.0198	64.2963	2.14191	2.39961	-0.360101
-4.57148	-17.9389	63.2661	2.11915	2.38022	-0.156826
-4.14131	-17.9949	64.1512	2.16249	2.45283	-0.367778
-4.21661	-18.1838	64.4613	-2.02846	-2.25286	0.275248
-3.99401	-18.2015	64.8654	2.17464	2.5398	-0.390065
-3.62258	-18.1966	63.3349	2.03156	2.35658	-0.26175
-3.89804	-18.2925	65.7259	2.08083	2.358	-0.358318
-3.57901	-18.1803	66.0492	-1.90504	-2.19895	0.365837
-3.34933	-18.3649	66.5257	2.07037	2.37793	-0.41045
-3.18155	-17.9224	66.7523	2.02268	2.37697	-0.459438
-3.00633	-17.566	65.6181	2.01445	2.33332	-0.581799
-3.20077	-18.2664	63.7656	2.06772	2.40066	-0.284874
-2.94311	-18.1947	64.3651	-1.98407	-2.30289	0.322782
-2.76904	-18.2245	66.5087	2.07608	2.38725	-0.485541
-2.86851	-18.6167	66.7132	-1.9355	-2.24741	0.453664
-2.71666	-18.9749	67.1705	2.05546	2.38926	-0.407151
-2.76209	-16.8597	57.4953	-1.96144	-2.22879	-0.521124
-3.22062	-18.5017	67.0031	2.07391	2.38923	-0.34639
-2.73671	-18.5612	66.3029	2.0465	2.41854	-0.530747
-2.86337	-18.6659	67.3667	2.11782	2.44577	-0.431174
-2.77226	-18.1679	65.3674	-1.92932	-2.27147	0.541043
-2.58952	-18.6432	65.8839	2.05777	2.44105	-0.47956
-2.16185	-18.3873	65.4132	-1.88517	-2.2436	0.515622
-1.99479	-18.546	65.0455	-1.87707	-2.28334	0.51688
-1.85794	-18.6334	67.368	2.07142	2.46096	-0.6144
-1.78195	-18.5388	66.0204	-1.8146	-2.22947	0.510041
-1.19331	-18.2245	64.4221	-1.805	-2.2296	0.658974
-1.67653	-18.3977	66.5291	2.00755	2.4654	-0.527619
-1.42072	-18.5946	66.4647	-1.88345	-2.36907	0.516132
-1.43855	-18.4063	65.6044	1.95558	2.4391	-0.640473
-1.62871	-18.5089	66.2559	1.98258	2.44492	-0.479446
-1.55191	-18.7294	65.7431	2.06525	2.55178	-0.479276
-1.60837	-18.9107	65.8494	2.00066	2.45709	-0.369321
-1.01025	-19.1715	66.1091	2.02941	2.52345	-0.363436
-0.62949	-18.8921	64.7224	1.97719	2.51553	-0.402467
-0.772542	-18.6526	64.5644	1.99477	2.51983	-0.476212
-0.697817	-18.8143	65.2478	1.98668	2.53095	-0.496799
-0.924391	-18.9207	65.6557	2.11342	2.61455	-0.56324
-0.499925	-18.8826	66.6462	2.02366	2.52065	-0.450637
-0.579813	-18.9129	65.5596	1.97012	2.41977	-0.243908
-0.644425	-19.4062	64.3669	-1.80018	-2.21794	0.403862
-0.347233	-19.2763	65.3796	-1.78364	-2.27055	0.388048
-0.422229	-19.3999	66.0762	-1.86193	-2.34488	0.316686
0.155427	-19.3293	66.7759	-1.83404	-2.3328	0.390718
0.170532	-19.1714	65.2473	-1.85959	-2.37797	0.488377
-0.26847	-18.7038	63.0841	-1.95584	-2.47322	0.14757
-0.47285	-18.7248	63.0184	-1.90289	-2.38757	0.106902
0.492163	-19.0442	66.7093	1.93102	2.49626	-0.483288
0.446417	-19.0898	66.6716	1.97082	2.52839	-0.503658
0.703304	-19.3723	65.5443	1.9049	2.48839	-0.269359
0.633178	-18.6742	66.0718	1.96295	2.53758	-0.56032
0.50985	-19.011	66.4898	1.99124	2.57032	-0.529678
0.420285	-18.8867	64.3154	-1.80722	-2.35073	0.282826
0.861773	-19.1214	64.4747	1.99323	2.62627	-0.506342
1.18483	-19.1503	65.2426	-1.77832	-2.36788	0.39905
0.986995	-19.4493	64.7384	1.91684	2.50181	-0.145571
1.47733	-19.7274	69.01	-1.71626	-2.3014	0.36716
1.30175	-19.4061	66.066	1.94008	2.57042	-0.45901
0.936996	-19.1832	65.1589	-1.79204	-2.3083	0.471173
1.52143	-18.9447	65.8531	-1.73027	-2.31624	0.642474
1.23225	-19.0832	65.0169	-1.73478	-2.31408	0.555071
1.78758	-19.3561	66.2044	1.84506	2.48232	-0.594979
1.83841	-19.1723	65.1895	1.85911	2.49032	-0.459964
1.91225	-19.4858	64.7455	1.91215	2.52649	-0.239494
2.07869	-19.3186	65.5382	-1.733	-2.37038	0.509103
2.35014	-19.7585	65.4538	-1.75953	-2.42363	0.438436
2.31768	-19.6655	66.2814	1.89125	2.55954	-0.445051
2.23526	-19.4745	65.7254	-1.75244	-2.40346	0.439264
1.90579	-19.4264	63.257	-1.80264	-2.43829	0.244398
2.789	-19.9877	64.9861	1.87038	2.61887	-0.424332
3.08472	-19.5065	64.1667	-1.76154	-2.45024	0.338916
2.66744	-19.6849	64.1413	-1.74961	-2.38718	0.194157
3.09077	-19.8526	65.0435	-1.67785	-2.33883	0.357091
3.37034	-19.8909	64.4245	-1.69021	-2.36515	0.371452
3.83769	-19.8354	65.2509	-1.77946	-2.49547	0.394882
3.45769	-19.8216	65.5723	-1.72981	-2.43649	0.444572
3.30621	-19.828	63.3598	-1.72023	-2.36555	0.00790797
3.23332	-19.393	60.4191	1.90225	2.55276	0.201948
3.29859	-19.8682	65.2241	-1.71809	-2.36814	0.309876
3.22065	-19.9927	64.2684	1.87035	2.58626	-0.258541
3.66638	-19.6592	65.5313	-1.68625	-2.35623	0.487797
3.65099	-19.266	59.6413	-1.83374	-2.53904	-0.215914
4.11422	-19.7576	63.3399	1.86253	2.56287	-0.0866255
4.27093	-19.837	64.8967	1.7861	2.51547	-0.302752
4.25746	-19.6972	64.5605	1.84341	2.61071	-0.456709
4.17394	-19.4705	64.1125	1.8337	2.60359	-0.358756
4.16996	-19.5419	63.2588	1.80109	2.5411	-0.181614
4.14048	-19.8332	60.5981	1.8004	2.52278	0.133927
4.11452	-20.0731	61.8617	1.83774	2.58631	0.0102482
4.21957	-19.9077	64.4234	-1.65499	-2.3308	0.390861
4.62327	-20.0283	65.2091	-1.58443	-2.27963	0.434636
5.21691	-20.2527	65.9674	1.84233	2.70617	-0.409521
4.92689	-19.4364	59.0428	1.79078	2.50591	0.300474
5.73469	-19.6446	65.3414	-1.57773	-2.33679	0.653373
4.86447	-18.8734	57.6132	-1.74157	-2.43042	-0.418385
4.7688	-19.8365	63.3915	1.82497	2.66163	-0.42159
5.77202	-20.1503	65.3444	1.78714	2.66712	-0.447169
6.29518	-20.2056	64.7627	-1.63501	-2.48963	0.535175
6.22613	-20.274	64.8074	-1.64423	-2.45556	0.452848
6.38272	-20.7541	65.52	1.828	2.69641	-0.346801
6.559	-20.3557	64.995	-1.66814	-2.52117	0.205206
7.04076	-20.4013	63.5534	1.71153	2.59541	-0.0440428
6.90452	-20.4418	65.8076	-1.5121	-2.28043	0.486
6.67897	-19.9748	61.1793	-1.73611	-2.56695	-0.17446
7.32637	-20.2926	65.8213	-1.55024	-2.43648	0.47445
7.20911	-20.3176	65.063	-1.4948	-2.39224	0.324199
7.10392	-20.2014	62.0467	1.77485	2.68104	0.17639
7.64263	-20.745	66.0153	1.70536	2.69045	-0.326967
7.55699	-20.0883	63.8174	-1.51668	-2.3438	0.457332
7.59861	-20.4249	64.4541	-1.58692	-2.44678	0.257871
7.59581	-20.4413	64.2669	-1.62398	-2.47632	0.148352
8.01727	-20.0536	62.5733	-1.71114	-2.61406	0.0271501
8.25679	-20.111	62.3291	-1.64193	-2.55693	-0.0488873
8.11643	-20.3035	63.6806	1.68902	2.61272	-0.120573
8.60181	-20.213	65.8635	1.75131	2.75513	-0.602894
8.31341	-19.8381	60.9163	-1.65361	-2.55232	-0.123305
8.65812	-19.7313	62.0519	1.7971	2.75224	0.288007
8.37092	-20.2601	64.4729	1.6876	2.65553	-0.234156
9.35204	-20.3802	64.1281	1.70786	2.66553	-0.0290602
9.6334	-20.121	63.3034	1.69407	2.69478	0.0590727
9.69592	-19.8519	62.148	-1.61467	-2.58	-0.135749
9.51301	-20.0367	62.3816	1.72144	2.73341	0.0846191
9.30204	-20.2489	63.7401	-1.51485	-2.45086	0.328416
9.81519	-19.9696	63.2649	-1.59756	-2.55901	0.0269589
9.95088	-20.8548	67.4441	-1.50704	-2.44687	0.370962
10.1032	-20.4082	64.9209	-1.42928	-2.44334	0.494558
10.01	-20.1755	64.636	1.69183	2.78775	-0.405751
10.1288	-20.1808	63.6488	1.6742	2.6188	-0.0356607
10.7842	-20.6126	65.9393	1.64196	2.73441	-0.329227
11.3167	-20.7636	66.8327	1.62452	2.73885	-0.616447
10.7479	-20.7279	64.3593	1.67327	2.68321	-0.00742956
9.97341	-18.892	59.2594	-1.54868	-2.35377	-0.417131
10.6641	-19.5322	60.4544	-1.49585	-2.38717	-0.233392
11.3212	-20.3667	65.2565	1.60475	2.66405	-0.274784
11.4294	-20.1888	63.7357	1.57943	2.66202	-0.146179
11.4066	-20.4302	65.0003	1.62585	2.73085	-0.237315
11.8778	-20.4792	65.7588	1.61331	2.71172	-0.409499
11.476	-20.4955	64.6428	1.6135	2.67241	-0.28675
12.0716	-20.4274	65.1291	-1.5251	-2.57732	0.35267
12.4467	-20.3785	63.6615	1.61502	2.79311	-0.216279
12.7197	-20.3648	65.1502	-1.4158	-2.47711	0.397877
13.2503	-20.8301	67.0694	-1.44456	-2.53642	0.401734
13.4324	-20.5357	65.905	-1.35682	-2.40761	0.471573
12.6843	-20.4747	65.2207	-1.4151	-2.42312	0.524016
13.2474	-20.081	64.1253	-1.34205	-2.37678	0.503024
12.8652	-19.9739	63.0744	-1.51701	-2.65091	0.23867
13.2239	-20.2702	64.168	1.57872	2.72979	-0.25337
14.2455	-20.2924	66.5571	1.6184	2.80732	-0.452433
14.3812	-19.8875	64.3019	-1.45105	-2.60739	0.345758
13.38	-19.3522	59.0171	-1.55013	-2.61543	-0.223416
14.3571	-20.4414	62.8838	1.6223	2.82477	-0.170544
14.9698	-19.8535	62.2377	1.54154	2.79761	-0.09301
15.3945	-19.9717	63.1664	-1.47801	-2.65782	0.0259324
15.7282	-19.6734	61.4792	1.50079	2.69711	0.0306547
15.4363	-19.9589	62.4219	1.53254	2.70604	-0.0159018
16.319	-19.9568	63.9875	1.50447	2.72284	-0.1227
16.2982	-19.8227	62.0573	-1.47121	-2.66834	0.0223772
16.2586	-19.989	62.092	1.54598	2.776	0.0447766
16.1944	-19.8278	61.5503	-1.4659	-2.66069	-0.0660583
16.137	-19.7754	61.5993	-1.42818	-2.62725	0.016405
16.8734	-19.7038	62.5313	-1.40994	-2.61955	0.0636235
16.9328	-19.4977	60.5899	1.48321	2.80037	0.0815564
17.232	-19.9246	62.7404	1.47301	2.79986	-0.116138
16.8535	-19.7743	60.9705	-1.50907	-2.7763	-0.00134123
16.7556	-19.307	59.2584	-1.49057	-2.75949	-0.0893417
16.9887	-19.4311	59.4302	1.51334	2.77616	0.0711463
17.5814	-19.2527	59.6886	1.46318	2.76444	0.0990713
17.5761	-19.1252	58.4296	-1.51362	-2.81161	-0.17076
17.8363	-19.4238	61.4012	1.46368	2.75292	-0.0805699
18.5828	-19.5776	61.8545	1.48176	2.83138	-0.124213
17.9791	-19.5822	60.2997	1.51308	2.80324	0.0586258
18.9177	-19.7534	62.2776	1.4239	2.82488	-0.218455
18.4085	-19.2715	60.1331	1.3876	2.75297	-0.0726812
18.7631	-19.5146	61.9857	1.4634	2.79346	-0.170915
18.3109	-19.216	60.2621	1.45831	2.78431	-0.0885506
18.512	-19.3562	60.5299	1.43083	2.76783	-0.0913614
19.3628	-19.2763	61.2121	-1.387	-2.6517	-0.0756578
19.7511	-19.2339	60.5752	1.36564	2.76981	-0.00115904
19.8937	-19.0333	61.7997	-1.37137	-2.81939	0.118331
19.827	-18.7692	60.4704	-1.36082	-2.83793	0.135283
19.6692	-19.0335	60.0735	1.39593	2.75093	0.00547462
20.2449	-18.8073	61.6702	1.38873	2.74081	-0.0447628
20.7526	-18.8218	60.9348	-1.38775	-2.84441	0.0213967
21.3647	-18.7537	63.1074	-1.3266	-2.77936	0.163035
22.2469	-19.162	65.2186	-1.31278	-2.79888	0.269842
21.681	-19.2396	63.2834	-1.32652	-2.76346	0.177444
21.1136	-19.2901	61.5396	1.45898	2.83139	0.0456239
21.4487	-18.9286	61.7128	-1.32229	-2.67355	0.0352711
21.7312	-18.7861	62.1607	1.39012	2.82269	-0.14339
22.4807	-18.6133	63.8958	1.35095	2.92547	-0.571358
22.4774	-18.5196	62.7036	1.35189	2.82013	-0.14069
22.9588	-18.9217	63.623	1.3808	2.90394	-0.13139
23.1979	-18.4584	62.6381	1.33852	2.86295	-0.114883
24.065	-18.8198	64.2647	-1.29412	-2.79879	0.182496
23.1994	-18.7091	61.5092	-1.27654	-2.7748	0.108907
23.7272	-19.0118	63.3226	-1.27777	-2.68385	0.143564
23.3329	-18.9163	61.6162	-1.3081	-2.7802	0.134651
24.476	-18.7916	63.0828	-1.26177	-2.82881	0.230108
24.1132	-18.5442	62.0725	1.29842	2.89152	-0.163159
24.2442	-18.3832	61.275	1.30391	2.85405	0.0206715
24.6841	-18.2739	62.47	-1.27731	-2.78781	0.0310283
24.6922	-18.4652	62.1279	1.31369	2.89251	-0.0721187
24.3164	-18.3323	60.9873	1.29238	2.85076	-0.0980653
24.3728	-17.6209	60.2819	-1.28282	-2.83632	0.0503532
24.7617	-18.2802	62.8869	1.37771	2.92726	-0.161986
25.1208	-18.4229	62.982	1.33082	2.84879	-0.181778
25.319	-18.2809	61.7546	1.3548	2.8933	-0.0352086
25.9072	-17.8498	61.6939	1.24605	2.83932	-0.182896
25.5209	-18.3196	61.1493	1.31805	2.82936	-0.0329859
26.1218	-17.9222	61.8406	1.27659	2.90243	-0.121339
25.2112	-17.8753	58.7042	1.25744	2.83992	0.0548272
25.9865	-17.9762	61.5954	1.34577	2.89944	-0.110275
26.8234	-17.4686	60.6	1.24024	2.88578	-0.0715495
26.6931	-17.1835	59.5353	1.29965	2.9279	-0.000397396
27.0438	-17.2386	60.09	1.23361	2.85227	0.0257625
26.8478	-17.324	59.6235	1.25834	2.89907	-0.05279
29.0539	-17.016	62.5482	1.16035	2.87556	-0.100376
28.6375	-17.3259	62.0407	1.22518	2.88495	-0.106609
29.5625	-17.6059	63.2487	-1.21007	-2.82613	0.130422
28.8343	-16.8691	60.7055	-1.17201	-2.9187	0.152157
28.9544	-17.2356	61.1176	1.21378	2.87031	-0.00297527
29.5684	-16.6594	61.1451	1.15615	2.86273	-0.0340987
29.0165	-16.8161	60.1047	1.19794	2.87077	-0.00268426
30.8205	-17.0155	62.272	-1.18882	-2.90181	0.109371
31.3079	-16.8828	63.1771	1.17764	2.92817	-0.149461
31.6055	-16.2853	63.9073	1.19566	2.91213	-0.170428
31.2297	-16.097	60.4593	1.09693	2.90647	-0.10155
32.326	-16.438	61.6738	1.16681	2.91265	-0.0275597
32.2335	-16.2828	61.101	1.16257	2.93596	-0.0656193
32.0066	-15.5056	60.0659	-1.14311	-2.8977	0.0799828
33.6457	-16.0131	62.0439	1.10205	2.88449	-0.0861109
32.9404	-15.7594	60.4214	1.15601	2.92015	-0.0073876
32.7163	-15.4143	59.8277	1.12625	2.88956	0.0236039
33.5366	-15.9078	61.6764	1.10433	2.88716	-0.0633216
33.0623	-15.9327	59.3603	1.15586	2.92615	0.048778
34.3388	-15.3502	60.1625	-1.12434	-2.9722	-0.0168689
35.1047	-15.6866	61.8748	-1.12562	-2.96077	0.0769237
35.0956	-15.2644	61.5469	1.06769	2.90647	-0.0938235
35.1852	-15.3891	61.3774	-1.10829	-2.9696	0.0619461
35.7187	-14.907	61.8685	1.02619	2.89957	-0.107396
36.3786	-14.7822	61.8789	1.03599	3.00082	-0.118597
35.5636	-14.7861	60.7781	1.03665	2.91335	-0.0783365
36.7056	-14.5861	61.8896	-1.02489	-2.98826	0.160563
36.1079	-14.7376	61.6203	1.09766	2.96372	-0.0894134
36.0549	-14.74	61.1073	1.04022	2.92541	-0.114828
37.3468	-14.7555	62.6624	-1.04529	-2.98934	0.115318
38.209	-14.7778	62.8565	1.03339	2.96305	-0.0526611
37.8103	-14.6773	62.1964	1.01136	2.91444	-0.0554754
36.7314	-14.4033	60.3239	1.02334	2.89556	-0.0991253
35.6423	-14.4293	58.1711	1.06891	2.87107	0.0278316
37.3202	-14.4928	60.4687	-1.0558	-2.97196	0.0223739
38.0549	-14.5557	61.0034	-1.04988	-2.91971	-0.0340523
38.2384	-14.0272	61.755	1.00989	2.94013	-0.135049
38.5581	-14.2367	61.9328	0.985059	2.95645	-0.136237
39.0575	-13.9101	61.9757	1.02171	2.94094	-0.0716003
39.8082	-13.7853	62.4753	1.00518	2.94393	-0.0482878
40.4085	-13.8534	62.5808	0.949902	2.94536	-0.0905267
38.5402	-13.86	60.0092	0.932641	2.89621	-0.0872506
39.1245	-13.6844	60.1814	1.00058	2.91964	-0.00255585
39.1109	-13.6862	59.6076	0.934475	2.88127	-0.00683409
38.7278	-13.4332	59.2731	-1.00608	-3.07263	0.044948
39.6801	-13.4339	61.1531	0.956208	2.88287	-0.0870447
40.9177	-13.4501	62.5131	0.930985	2.94706	-0.153865
41.0525	-13.0547	60.6289	-0.959586	-3.04943	0.054942
41.4888	-12.7654	61.164	-0.955383	-3.02752	0.0842551
42.8752	-12.8766	62.3093	-0.9433	-2.95766	0.0837699
42.3384	-12.6802	62.2177	0.965627	2.96642	-0.100125
43.0916	-12.6729	61.6038	0.9508	2.9493	0.00276174
44.4067	-12.4017	62.6404	-0.947899	-2.98206	0.0582096
44.1808	-11.9924	62.7198	0.956201	2.99921	-0.129336
44.0591	-12.4205	62.3386	-0.905658	-3.02615	0.141052
43.8258	-11.791	61.7165	-0.90153	-3.04289	0.166506
45.7722	-11.382	64.1356	0.916757	2.92383	-0.0301375
46.755	-11.1542	64.4864	0.89444	2.96738	-0.0368336
46.9955	-11.3171	63.6038	0.886408	2.978	-0.0181826
46.2096	-11.4354	62.5825	0.830282	2.94736	-0.0661319
46.1404	-11.3617	61.7785	0.837472	2.95374	-0.065586
47.2857	-10.911	64.0079	0.88071	2.96424	-0.135692
48.6615	-10.301	64.5742	0.85009	2.99134	-0.0861515
47.8249	-10.3955	62.6956	0.86797	2.95105	0.00712516
47.5305	-9.88371	62.24	0.858643	2.97073	0.0129724
47.9653	-10.3062	62.6882	0.774635	2.97673	-0.130259
49.0727	-10.0985	64.0181	0.837015	2.99791	-0.0924785
48.8944	-9.93173	63.4591	-0.835135	-3.11715	0.0912829
49.4327	-10.0057	63.131	-0.821869	-3.13987	0.0318645
49.7653	-9.86943	64.3121	0.775549	2.92713	-0.0176364
50.4336	-9.9512	64.6559	0.784151	2.9592	-0.110392
50.6111	-9.74036	64.9154	0.780379	2.9833	-0.121275
50.3066	-9.29887	63.6697	0.762539	3.01349	-0.119716
50.4905	-9.3243	63.4699	0.760101	2.98346	-0.0607277
51.8176	-9.52156	65.1286	0.823299	2.99869	-0.0454319
50.623	-9.15226	63.8449	0.725095	2.91453	-0.132029
52.5471	-9.0942	65.8824	0.782954	2.94462	-0.120764
52.1595	-8.95067	64.7359	0.855198	2.99913	0.00686288
52.1145	-8.96603	64.2255	0.755902	2.97443	-0.0771924
51.4966	-8.59848	63.5934	0.824031	2.99234	-0.0116581
51.7834	-8.79392	63.6445	0.81988	2.95512	0.00678069
52.6627	-8.03297	64.8595	0.807099	2.9736	-0.00970763
52.26	-7.90341	63.6471	0.72267	2.96928	-0.0657399
52.6118	-8.48703	63.2287	0.794228	2.99827	0.00638856
53.1738	-8.09754	63.8824	0.784724	3.02943	-0.0851456
51.3324	-7.74202	61.0868	-0.796837	-3.1103	-0.0188144
54.3527	-6.83735	64.7465	-0.724075	-3.12918	0.0755532
55.2958	-7.26571	65.9262	0.775395	3.00232	-0.0120507
53.9269	-7.33637	64.5081	0.709685	2.94707	-0.0685611
54.8007	-7.43229	64.6668	0.759174	2.98426	-0.00452679
55.9227	-6.97099	66.4195	0.752268	3.02242	-0.0412198
55.6369	-7.12127	65.4413	0.668421	2.97289	-0.108722
54.2577	-7.0337	63.2964	0.687703	2.97191	-0.0484017
56.4973	-6.56271	65.8879	0.682494	2.98281	-0.0661192
56.3692	-6.49444	65.6139	0.669921	2.97892	-0.0305053
54.5876	-6.40475	63.357	0.722146	2.9689	-0.0176185
56.0355	-6.50755	64.2736	0.622461	2.96148	-0.0674626
57.4045	-6.00377	65.2764	0.745155	3.02271	0.0201925
56.7352	-5.92882	64.8018	0.708967	2.99422	-0.0384569
57.1706	-5.5937	65.4583	0.750906	3.0014	-0.0206248
58.1883	-5.33208	65.7118	0.759874	3.02306	0.0115232
56.2405	-5.4905	63.5859	0.637548	2.93257	-0.012852
58.1697	-5.59984	65.4617	0.656631	2.95681	0.00540846
56.6428	-5.48759	63.8787	0.590842	2.95199	-0.0907919
56.3001	-5.58466	62.6864	0.617534	2.90133	0.0123027
59.9519	-4.7182	66.5222	0.677679	2.96033	-0.000350376
60.4639	-4.78868	67.058	0.610516	3.00608	-0.104635
57.8303	-4.76294	64.1041	0.605999	2.95168	-0.0585289
59.8817	-4.78207	66.4622	0.614897	2.96871	-0.0845718
60.794	-4.07617	67.3654	0.63744	2.99746	-0.0564481
60.3683	-3.69669	65.8325	0.627848	3.0161	-0.0306149
59.7746	-3.8311	65.0079	-0.706017	-3.12452	-0.0106966
60.0918	-3.67955	65.4093	0.68218	3.00184	-0.0005783
61.3666	-3.30772	66.4825	0.644679	3.02096	-0.0338438
61.2103	-3.14184	65.9987	0.624079	3.01386	-0.0543768
61.5652	-3.45802	66.0918	0.604574	2.99499	-0.0407218
62.9673	-3.13156	67.8707	0.596789	2.98677	-0.048226
60.4315	-3.36222	64.7146	0.632905	2.96907	0.00455862
62.3079	-3.2596	66.2614	0.582725	2.98079	-0.0317264
62.1066	-3.13326	65.371	0.63917	3.00223	0.0522687
63.7785	-2.58911	67.6642	0.59898	3.01157	-0.046056
63.2939	-2.65581	66.444	0.615449	3.00021	0.0196561
63.3529	-2.49566	66.6243	0.587572	2.98571	-0.00990575
64.6289	-2.34505	67.6687	0.597662	2.99221	-0.0298994
62.0444	-2.4775	64.6518	0.573916	2.96027	-0.00160565
63.9418	-1.80524	66.4532	0.59363	3.01129	-0.0232513
64.0993	-1.7134	67.2074	0.581798	2.96856	-0.0408407
63.8841	-1.82726	66.1846	0.523547	2.95375	-0.0798136
65.166	-1.61592	67.5508	0.536032	2.99415	-0.0989265
67.4357	-1.02288	69.511	0.493459	2.99792	-0.123165
68.2798	-1.03504	70.6354	0.506355	3.02631	-0.159328
65.9723	-1.21889	67.6152	0.629675	3.00488	0.0318238
64.6384	-1.3276	66.0249	0.589121	2.9585	0.02255
65.3886	-1.2425	65.9906	0.54518	2.96495	0.029023
64.6332	-0.957145	65.3737	0.573959	2.93854	0.0387901
65.1685	-0.895543	66.0001	0.557126	2.97749	-0.0250452
65.1322	-0.534581	65.693	0.587244	2.95536	0.0379785
65.9611	-0.111367	66.0359	0.612579	2.97525	0.0944279
66.5443	-0.39949	67.0432	0.579075	2.97628	-0.00474083
67.1284	-0.266213	67.1076	0.57058	2.97677	0.0259522
67.6731	-0.30707	68.1155	0.523793	2.98958	-0.0706131
67.0709	0.0377743	66.5686	0.595651	2.99772	0.0694143
69.223	0.467542	69.1151	0.56702	3.04278	-0.0292161
68.6202	0.294145	67.8276	0.544765	2.98264	0.0069572
69.7601	0.91009	68.9187	0.560805	3.03022	0.00090103
68.7013	0.496951	67.5957	0.541586	3.00848	-0.000733911
68.547	0.567634	67.1366	0.523952	2.99139	0.00210951
69.6357	0.969602	68.5967	0.530179	2.99871	-0.0444354
67.434	0.517788	66.2946	0.534651	2.94629	0.00300418
69.5213	0.86372	67.7234	0.579058	2.95118	0.0843885
69.3506	0.945706	67.6018	0.566504	2.97802	0.0378271
69.0901	0.861299	67.1661	0.623146	2.99425	0.0619651
71.6388	1.40216	69.9534	0.532742	3.00007	-0.0433568
72.4636	1.47732	70.2945	0.497372	2.97283	-0.0286711
70.304	1.11957	68.3378	0.531483	2.9706	-0.0175412
71.3234	1.38038	68.8035	0.489469	2.96597	-0.0284431
70.6286	1.69971	68.0301	0.519766	2.95927	0.0138756
71.1918	1.62462	68.705	0.460594	2.95736	-0.0388152
70.4118	1.7512	67.9734	0.516519	2.96975	-0.0207388
71.6959	1.88889	68.8135	0.493947	2.9691	-0.0102864
72.6936	2.17137	69.2526	0.48034	2.94692	-0.0152472
72.3715	2.20079	68.943	0.488285	2.95107	-0.00666368
70.7758	2.00915	66.9982	0.554441	2.96752	0.0369033
71.9872	2.52472	68.057	0.527238	2.97692	0.0404448
73.0126	2.91184	68.7971	0.527923	2.99799	0.0128441
71.9309	2.75911	68.1549	0.564933	2.96159	0.0451225
72.3379	2.60359	68.2097	0.523263	2.92972	0.0409693
74.2182	3.12565	69.9253	0.448029	2.95021	-0.0110864
75.7222	3.50928	71.1774	0.531603	2.98449	0.0308342
73.083	2.77164	68.8473	0.493051	2.95124	-0.00480658
73.1717	2.83749	68.3215	0.50918	2.93737	0.0293832
72.7681	2.75321	67.9775	0.552643	2.994	0.0344651
74.7886	3.3309	69.4368	0.457385	2.96437	0.00260092
75.3238	3.54937	70.207	0.465245	2.96569	-0.00930367
74.4197	3.25845	69.2427	0.505101	2.95039	-0.00210962
75.0458	3.47759	69.4777	0.473963	2.94058	0.0273242
76.1988	4.15772	70.261	0.535141	2.96082	0.0522641
75.8559	3.58572	69.7022	0.540829	2.96187	0.0659841
76.5998	4.05616	70.2	-0.565822	-3.22529	-0.042536
75.7866	4.16218	69.4728	-0.611068	-3.21141	-0.0988915
76.5303	4.45362	70.5001	-0.579423	-3.21514	-0.0330438
76.9074	4.28762	70.4741	0.486245	2.96031	-0.0157403
76.838	4.21678	70.0884	-0.520075	-3.28094	-0.017405
76.1827	3.93992	69.4824	-0.535659	-3.27488	-0.00917845
74.7736	3.83212	68.4291	0.492105	2.92533	0.0130005
76.4834	4.34066	70.1579	-0.557452	-3.26931	0.0131008
75.579	4.25764	68.7913	0.46736	2.92178	-0.0024471
76.2439	4.42516	69.2342	0.47672	2.94691	0.0118548
77.0826	4.59286	69.683	0.426793	2.91779	0.0200839
78.3666	4.82321	71.1409	0.478828	2.93296	0.0103978
79.6755	5.2471	72.132	0.507362	2.96177	-0.00561581
79.4034	5.22075	72.0562	0.497491	2.95492	0.0032363
78.127	5.17945	70.6033	0.465301	2.93833	0.0364636
78.8863	5.56589	70.8296	0.507808	2.95011	0.036932
77.8098	4.99043	69.848	0.500743	2.95055	0.0329017
77.0599	4.85318	68.9523	0.484864	2.92522	0.0517616
77.1253	4.80126	68.9618	0.472513	2.92099	0.0317287
76.6264	4.77753	68.1562	0.468423	2.94825	0.0158255
77.8313	5.02443	69.3553	0.456852	2.92772	0.0048494
79.3507	5.54262	71.2149	0.495007	2.95213	-0.0412798
81.1176	6.13465	72.7841	0.453465	2.93364	-0.0528538
80.2785	5.92437	71.8124	0.504637	2.93669	0.0014458
80.5261	5.92319	71.6838	-0.546277	-3.25758	-0.0064893
77.9699	5.37651	69.9028	0.47572	2.91045	-0.0218344
80.3789	5.90804	70.8091	0.441296	2.95802	-0.0180445
78.7132	5.67139	69.3221	0.471037	2.93558	0.0287861
81.6424	5.96526	71.2997	-0.542617	-3.27742	-0.0522024
80.2874	6.00612	70.1207	0.476276	2.90967	0.0698269
83.3069	7.13202	72.7765	0.420238	2.94035	-0.00639169
81.0258	6.55022	70.8494	0.413674	2.93997	-0.00443581
80.3485	6.50999	69.9493	0.483521	2.96051	0.0295826
82.116	6.98664	71.3443	0.471479	2.95888	0.00139044
82.8146	7.37675	71.7665	0.526787	2.9694	0.0468953
81.5067	6.86603	70.4247	-0.580995	-3.19404	-0.0339011
83.3124	7.26127	71.8381	-0.557589	-3.21449	-0.00969199
83.2221	7.31927	71.9386	0.53029	2.97557	0.0205674
