0.61
0.61664
0.6254
0.63334
0.6417
0.65007
0.65842
0.66667
0.67512
0.68336
0.69168
0.70302
0.70839
0.71879
0.72498
0.73439
0.74195
0.75016
0.75831
0.76663
0.77508
0.78341
0.79173
0.80029
0.80846
0.81667
0.82786
0.83339
0.84344
0.84999
0.86032
0.86674
0.87509
0.88354
0.89178
0.9
0.90833
0.91673
0.92494
0.93334
0.9417
0.95271
0.95827
0.96827
0.97512
0.98408
0.99167
1.0002
1.0084
1.0167
1.0249
1.0334
1.0417
1.05
1.0583
1.0667
1.0775
1.0834
1.0931
1.1001
1.1086
1.1167
1.125
1.1334
1.1417
1.15
1.1583
1.1668
1.1751
1.1834
1.1917
1.2024
1.2083
1.2179
1.225
1.2336
1.2417
1.2503
1.2583
1.2667
1.275
1.2833
1.2916
1.3024
1.3107
1.3166
1.3272
1.3333
1.3429
1.3499
1.3583
1.3667
1.3751
1.3833
1.3916
1.4
1.4084
1.4169
1.425
1.4333
1.4417
1.4518
1.4582
1.468
1.4749
1.4833
1.4916
1.5
1.5165
1.5417
1.5499
1.5583
1.5666
1.5833
1.5924
1.602
1.6082
1.6166
1.6249
1.6334
1.6417
1.65
1.6583
1.6666
1.675
1.6833
1.6916
1.7016
1.7083
1.7173
1.7249
1.7338
1.7416
1.75
1.7582
1.7666
1.7752
1.7833
1.7916
1.7999
1.8112
1.8167
1.8266
1.8333
1.8421
1.85
1.8583
1.8667
1.875
1.8833
1.8916
1.9
1.9083
1.9165
1.925
1.936
1.9417
1.9512
2
2.0166
2.0333
2.0447
2.0609
2.0833
2.0916
2.1
2.1083
2.1166
2.1251
2.1333
2.2584
2.2667
2.3667
2.375
2.3835
2.3917
2.4
2.4084
2.4193
2.4253
2.4351
2.4418
2.4504
2.4584
2.4666
2.475
2.4834
2.4917
2.5
2.5083
2.5167
2.525
2.5333
2.544
2.55
2.5599
2.5667
2.5751
2.5833
2.592
2.6
2.6084
2.6167
2.625
2.6334
2.6417
2.65
2.6584
2.6691
2.675
2.6844
2.6917
2.7
2.7082
2.7167
2.725
2.7333
2.7416
2.7499
2.7584
2.7667
2.778
2.7833
2.7937
2.8
2.8095
2.8166
2.8253
2.8334
2.8416
2.8499
2.8584
2.8667
2.875
2.8834
2.8917
2.903
2.9083
2.9185
2.9249
2.9343
2.9417
2.9501
2.9584
2.9667
2.9751
2.9833
2.9916
3.0001
3.0083
3.0167
3.0277
3.0334
3.0433
3.0501
3.0591
3.0667
3.0749
3.0833
3.0917
3.1
3.1084
3.1175
3.1251
3.1333
3.1417
3.1526
3.1583
3.168
3.1751
3.184
3.1917
3.1999
3.2085
3.2166
3.225
3.2333
3.2418
3.2499
3.2585
3.2666
3.2775
3.2834
3.2927
3.3
3.3087
3.3167
3.325
3.3333
3.3418
3.35
3.3584
3.3666
3.3749
3.3863
3.3917
3.4021
3.4083
3.4176
3.425
3.4337
3.4417
3.45
3.4584
3.4668
3.475
3.4833
3.4916
3.5
3.5112
3.5166
3.5267
3.5333
3.5425
3.5501
3.5584
3.5667
3.575
3.5834
3.5917
3.6
3.6083
3.6168
3.6249
3.6361
3.6418
3.6517
3.6583
3.6672
3.6751
3.684
3.6916
3.7
3.7083
3.7168
3.725
3.7335
3.7417
3.7501
3.761
3.7667
3.7765
3.7833
3.792
3.8001
3.8083
3.8167
3.825
3.8334
3.8419
3.8501
3.8583
3.8668
3.8753
3.8857
3.8916
3.9013
3.9087
3.9168
3.925
3.9338
3.942
3.9501
3.9584
3.9668
3.9751
3.9834
3.9917
4.0001
4.0106
4.0167
4.0261
4.0334
4.0417
4.0499
4.0584
4.0668
4.0751
4.0834
4.0916
4.1001
4.1083
4.1168
4.1249
4.1353
4.1417
4.1508
4.1583
4.1671
4.1751
4.1832
4.1917
4.2
4.2084
4.2167
4.2249
4.2333
4.2418
4.2499
4.2602
4.2667
4.2759
4.2833
4.2918
4.2999
4.3084
4.3166
4.3249
4.3335
4.3417
4.35
4.3583
4.3696
4.375
4.385
4.3917
4.4056
4.4127
4.4211
4.4299
4.4388
4.4467
4.455
4.4633
4.4712
4.4795
4.4833
4.4944
4.4999
4.5095
4.5167
4.5252
4.5333
4.5416
4.55
4.5583
4.5667
4.5749
4.5834
4.5915
4.6033
4.6083
4.6193
4.625
4.6345
4.6417
4.6503
4.6582
4.6667
4.675
4.6834
4.6917
4.7
4.7083
4.7166
4.728
4.7333
4.7441
4.7499
4.7592
4.7667
4.7752
4.7833
4.7916
4.8
4.8084
4.8166
4.825
4.8334
4.8417
4.8528
4.8583
4.8689
4.8751
4.8841
4.8916
4.9001
4.9084
4.9166
4.925
4.9333
4.9417
4.95
4.9583
4.9667
4.9778
4.9834
4.9936
5
5.009
5.0166
5.0249
5.0334
5.0417
5.05
5.0583
5.0666
5.075
5.0834
5.0917
5.1026
5.1083
5.1183
5.1249
5.1337
5.1417
5.15
5.1583
5.1667
5.175
5.1833
5.1918
5.1999
5.2084
5.2167
5.2274
5.2333
5.2439
5.25
5.2588
5.2667
5.2749
5.2834
5.2916
5.3001
5.3084
5.3169
5.3251
5.3384
5.3463
5.3574
5.3633
5.3724
5.376
5.3834
5.3915
5.3999
5.4083
5.4207
5.43
5.4388
5.4466
5.45
5.4609
5.4667
5.4768
5.4874
5.4968
5.5048
5.513
5.5209
5.5302
5.5376
5.5466
5.5549
5.5629
5.5717
5.5795
5.591
5.5971
5.606
5.6133
5.6227
5.6299
5.6384
5.6459
5.6544
5.6632
5.6715
5.6749
5.6833
5.6917
5.7001
5.711
5.7166
5.7265
5.7333
5.7427
5.75
5.7583
5.7667
5.7751
5.7836
5.7917
5.8
5.8083
5.8167
5.825
5.8361
5.8416
5.8515
5.8583
5.8673
5.8751
5.8833
5.8917
5.9
5.9084
5.9167
5.925
5.9333
5.9447
5.95
5.9605
5.9667
5.9762
5.9833
5.9921
6
6.0083
6.0166
6.0333
6.0417
6.05
6.0583
6.07
6.0749
6.0853
6.0916
6.1011
6.1084
6.1169
6.125
6.1333
6.1417
6.15
6.1583
6.1667
6.175
6.1833
6.1945
6.1999
6.2102
6.2167
6.2257
6.2333
6.2418
6.25
6.2584
6.2667
6.275
6.2834
6.2917
6.3
6.3083
6.3193
6.3249
6.3349
6.3417
6.3505
6.3584
6.367
6.375
6.3833
6.3917
6.4
6.4084
6.4166
6.4251
6.4333
6.449
6.455
6.4647
6.4717
6.4805
6.4883
6.497
6.5051
6.5135
6.5217
6.5301
6.5384
6.5472
6.5572
6.5625
6.5728
6.5789
6.5844
6.5915
6.6002
6.6083
6.6208
6.6291
6.6376
6.6457
6.654
6.6632
6.6713
6.6816
6.6872
6.6977
6.704
6.7144
6.7208
6.7294
6.7382
6.747
6.7548
6.7633
6.7729
6.7802
6.7882
6.7968
6.808
6.8127
6.8233
6.8292
6.8343
6.8415
6.8502
6.8582
6.8666
6.875
6.8832
6.8916
6.9
6.9084
6.9166
6.928
6.933
6.9432
6.95
6.9591
6.9667
6.975
6.9834
6.9917
7.0002
7.0084
7.0167
7.0251
7.0334
7.0417
7.0526
7.0583
7.0682
7.075
7.0841
7.0917
7.1001
7.1085
7.1167
7.1251
7.1334
7.1417
7.1503
7.1615
7.1667
7.1773
7.1834
7.1929
7.2
7.2088
7.2167
7.225
7.2334
7.2416
7.2501
7.2584
7.2667
7.2751
7.2864
7.2917
7.3022
7.3084
7.3177
7.3251
7.3336
7.3416
7.3499
7.3585
7.3667
7.375
7.3833
7.3917
7.4
7.4112
7.4168
7.4268
7.4334
7.4425
7.45
7.4585
7.4666
7.4749
7.4833
7.4917
7.5
7.5084
7.5168
7.5249
7.536
7.5417
7.5517
7.5583
7.5673
7.575
7.5838
7.592
7.6
7.6084
7.6166
7.63
7.6389
7.6469
7.6554
7.6661
7.6682
7.6762
7.6832
7.6921
7.7
7.7125
7.7216
7.7301
7.7383
7.7458
7.755
7.7638
7.7709
7.779
7.7907
7.7967
7.8059
7.8123
7.8219
7.8298
7.8384
7.8466
7.8549
7.8633
7.8719
7.8799
7.8883
7.8997
7.9052
7.9155
7.9215
7.9312
7.9384
7.9467
7.9549
7.9632
7.9716
7.9802
7.9882
7.9969
8.0055
8.0132
8.0216
8.03
8.0399
8.0466
8.056
8.0625
8.0713
8.0799
8.0877
8.0966
8.1051
8.1134
8.1218
8.13
8.1385
8.1444
8.1499
8.1599
8.1666
8.1771
8.1844
8.1961
8.2002
8.2134
8.2168
8.2251
8.2333
8.2416
8.2501
8.2584
8.2692
8.275
8.2851
8.2917
8.3008
8.3083
8.3167
8.3251
8.3334
8.3417
8.3501
8.3583
8.3667
8.375
8.3833
8.394
8.3999
8.4097
8.4166
8.4257
8.4332
8.4416
8.45
8.4583
8.4667
8.4753
8.4833
8.4917
8.5034
8.5084
8.5188
8.5251
8.5344
8.5418
8.5503
8.5584
8.5667
8.5752
8.5834
8.5919
8.6001
8.6083
8.6167
8.6249
8.6334
8.6438
8.65
8.6593
8.6667
8.6756
8.6833
8.6917
8.7
8.7084
8.7167
8.725
8.7334
8.7419
8.7528
8.7584
8.7683
8.7751
8.784
8.7919
8.8
8.8084
8.8167
8.825
8.8332
8.8418
8.85
8.8583
8.8666
8.8777
8.8833
8.8931
8.8999
8.9088
8.9167
8.925
8.9333
8.9417
8.95
8.9585
8.9667
8.975
8.9834
8.9919
9.0027
9.0083
9.018
9.025
9.0339
9.0417
9.0502
9.0588
9.0667
9.0751
9.0833
9.0918
9.0999
9.1084
9.1165
9.1272
9.1332
9.1426
9.1499
9.1583
9.1666
9.1749
9.1832
9.1916
9.1999
9.2083
9.2166
9.2249
9.2333
9.2416
9.2517
9.2582
9.2674
9.275
9.2835
9.2917
9.3
9.3083
9.3166
9.325
9.3333
9.3416
9.35
9.3583
9.3667
9.3767
9.3851
9.3924
9.4
9.4087
9.4166
9.4252
9.4333
9.4417
9.4501
9.4583
9.4666
9.4749
9.4833
9.4917
9.5015
9.5084
9.5173
9.5249
9.5333
9.5417
9.55
9.5583
9.5666
9.65
9.6582
9.6666
9.675
9.6833
9.6917
9.7
9.7083
9.7167
9.7249
9.7359
9.7419
9.7512
9.7583
9.7668
9.775
9.7833
9.7916
9.7999
9.8083
9.8332
9.8446
10.718
10.725
10.734
10.742
10.75
10.758
10.767
10.775
10.783
10.792
10.8
10.809
10.817
10.827
10.833
10.843
10.85
10.859
10.867
10.875
10.883
10.892
10.9
10.908
10.917
10.925
10.933
10.942
10.953
10.958
10.968
10.975
10.984
10.992
11
11.008
11.017
11.025
11.033
11.042
11.05
11.058
11.067
11.077
11.083
11.093
11.1
11.109
11.117
11.125
11.133
11.142
11.15
11.158
11.167
11.175
11.186
11.192
11.202
11.208
11.218
11.225
11.234
11.242
11.25
11.258
11.267
11.275
11.283
11.292
11.3
11.311
11.317
11.327
11.333
11.342
11.35
11.358
11.367
11.375
11.383
11.392
11.4
11.408
11.417
11.425
11.436
11.442
11.451
11.458
11.467
11.475
11.484
11.492
11.5
11.508
11.517
11.525
11.533
11.542
11.55
11.561
11.567
11.577
11.583
11.592
11.6
11.609
11.617
11.625
11.633
11.642
11.65
11.658
11.667
11.675
11.685
11.692
11.701
11.709
11.717
11.725
11.734
11.742
11.75
11.759
11.767
11.775
11.783
11.792
11.8
11.811
11.817
11.826
11.833
11.842
11.85
11.858
11.867
11.875
11.883
11.892
11.9
11.908
11.917
11.925
11.935
11.942
11.951
11.958
11.967
11.975
11.983
11.992
12
12.008
12.017
12.025
12.033
12.042
12.05
12.06
12.067
12.076
12.083
12.092
12.1
12.108
12.117
12.125
12.133
12.142
12.15
12.158
12.169
12.175
12.185
12.192
12.2
12.208
12.216
12.225
12.233
12.242
12.25
12.258
12.267
12.275
12.283
12.294
12.3
12.31
12.317
12.325
12.333
12.342
12.351
12.358
12.367
12.375
12.383
12.392
12.403
12.408
12.419
12.425
12.434
12.442
12.45
12.458
12.467
12.475
12.483
12.492
12.5
12.508
12.517
12.525
12.533
12.544
12.55
12.559
12.567
12.575
12.583
12.592
12.6
12.608
12.617
12.625
12.633
12.642
12.653
12.658
12.669
12.675
12.684
12.692
12.7
12.709
12.717
12.725
12.733
12.742
12.75
12.758
12.767
12.778
12.783
12.793
12.8
12.809
12.817
12.825
12.833
12.842
12.85
12.858
12.867
12.875
12.883
12.892
12.902
12.908
12.918
12.925
12.934
12.942
12.95
12.959
12.967
12.975
12.983
12.992
13
13.011
13.018
13.027
13.033
13.043
13.05
13.058
13.067
13.075
13.083
13.092
13.1
13.109
13.117
13.125
13.136
13.142
13.152
13.159
13.168
13.175
13.184
13.192
13.2
13.209
13.217
13.225
13.233
13.242
13.25
13.261
13.267
13.277
13.283
13.293
13.3
13.308
13.317
13.325
13.333
13.342
13.35
13.358
13.367
13.375
13.386
13.392
13.401
13.408
13.417
13.425
13.433
13.442
13.45
13.458
13.467
13.475
13.483
13.492
13.5
13.511
13.517
13.526
13.533
13.542
13.55
13.558
13.567
13.575
13.583
13.592
13.6
13.608
13.617
13.625
13.635
13.642
13.651
13.658
13.667
13.675
13.683
13.692
13.7
13.708
13.717
13.725
13.733
13.745
13.75
13.76
13.767
13.776
13.783
13.792
13.8
13.808
13.817
13.825
13.833
13.842
13.85
13.858
13.87
13.875
13.885
13.892
13.901
13.908
13.917
13.925
13.933
13.942
13.95
13.958
13.967
13.975
13.983
13.994
14
14.01
14.017
14.026
14.033
14.042
14.05
14.058
14.067
14.075
14.083
14.092
14.1
14.108
14.119
14.125
14.135
14.142
14.15
14.158
14.167
14.175
14.183
14.192
14.2
14.208
14.217
14.225
14.233
14.244
14.25
14.259
14.267
14.275
14.283
14.292
14.3
14.308
14.317
14.325
14.333
14.342
14.35
14.358
14.369
14.375
14.385
14.392
14.4
14.408
14.416
14.425
14.433
14.442
14.45
14.459
14.467
14.475
14.483
14.493
14.5
14.509
14.517
14.525
14.533
14.542
14.55
14.558
14.567
14.575
14.583
14.592
14.6
14.608
14.618
14.625
14.634
14.642
14.65
14.658
14.667
14.675
14.683
14.692
14.7
14.708
14.717
14.728
14.733
14.743
14.75
14.759
14.767
14.775
14.783
14.792
14.8
14.808
14.817
14.825
14.833
14.842
14.853
14.858
14.868
14.875
14.883
14.892
14.9
14.908
14.916
14.925
14.933
14.942
14.95
14.958
14.967
14.978
14.983
14.993
15
15.009
15.017
15.025
15.033
15.042
15.05
15.058
15.067
15.075
15.083
15.092
15.102
15.108
15.117
15.125
15.133
15.142
15.15
15.158
15.167
15.175
15.183
15.192
15.2
15.211
15.217
15.227
15.233
15.242
15.25
15.259
15.267
15.275
15.283
15.292
15.3
15.308
15.317
15.325
15.336
15.342
15.352
15.358
15.367
15.375
15.383
15.392
15.4
15.408
15.417
15.425
15.433
15.442
15.45
15.461
15.467
15.477
15.483
15.492
15.5
15.508
15.517
15.525
15.533
15.542
15.55
15.558
15.567
15.575
15.586
15.592
15.601
15.608
15.617
15.625
15.633
15.642
15.65
15.658
15.667
15.675
15.683
15.695
15.7
15.71
15.717
15.726
15.733
15.742
15.75
15.758
15.767
15.775
15.783
15.792
15.8
15.808
15.817
15.825
15.835
15.842
15.851
15.858
15.867
15.875
15.883
15.892
15.9
15.908
15.917
15.925
15.933
15.944
15.95
15.96
15.967
15.976
15.983
15.992
16
16.008
16.017
16.025
16.033
16.042
16.05
16.058
16.069
16.075
16.085
16.092
16.101
16.108
16.117
16.125
16.133
16.142
16.15
16.158
16.167
16.175
16.183
16.194
16.2
16.21
16.217
16.226
16.233
16.242
16.25
16.258
16.267
16.275
16.283
16.292
16.303
16.308
16.319
16.325
16.334
16.342
16.35
16.358
16.367
16.375
16.383
16.392
16.4
16.408
16.417
16.428
16.433
16.444
16.45
16.459
16.467
16.475
16.483
16.492
16.5
16.509
16.517
16.525
16.533
16.542
16.553
16.558
16.568
16.575
16.584
16.592
16.6
16.608
16.617
16.625
16.633
16.642
16.65
16.658
16.667
16.678
16.683
16.693
16.7
16.709
16.717
16.725
16.733
16.742
16.75
16.758
16.767
16.775
16.783
16.792
16.802
16.808
16.818
16.825
16.834
16.842
16.85
16.858
16.867
16.875
16.883
16.892
16.9
16.908
16.917
16.927
16.933
16.943
16.95
16.958
16.967
16.975
16.983
16.992
17
17.008
17.017
17.025
17.033
17.042
17.052
17.058
17.068
17.075
17.083
17.092
17.1
17.108
17.117
17.125
17.133
17.142
17.15
17.158
17.167
17.177
17.183
17.193
17.2
17.208
17.217
17.225
17.233
17.242
17.25
17.258
17.267
17.275
17.283
17.292
17.301
17.308
17.317
17.325
17.333
17.342
17.35
17.358
17.367
17.375
17.383
17.392
17.4
17.411
17.417
17.426
17.433
17.442
17.45
17.458
17.467
17.475
17.483
17.492
17.5
17.508
17.517
17.525
17.536
17.542
17.551
17.558
17.567
17.575
17.583
17.592
17.6
17.608
17.617
17.625
17.633
17.645
17.65
17.66
17.667
17.676
17.683
17.692
17.7
17.708
17.717
17.725
17.733
17.742
17.75
17.758
17.77
17.775
17.785
17.792
17.801
17.808
17.817
17.825
17.833
17.842
17.85
17.858
17.867
17.875
17.883
17.895
17.9
17.91
17.917
17.925
17.933
17.942
17.95
17.958
17.967
17.975
17.983
17.992
18
18.008
18.019
18.025
18.035
18.042
18.051
18.058
18.067
18.075
18.083
18.092
18.1
18.108
18.117
18.125
18.133
18.144
18.15
18.16
18.167
18.175
18.183
18.192
18.2
18.208
18.217
18.225
18.233
18.242
18.253
18.258
18.269
18.285
18.292
18.308
18.317
18.325
18.342
18.358
18.378
18.383
18.4
18.409
18.417
18.425
18.433
18.442
18.45
18.458
18.467
18.475
18.483
18.492
18.503
18.508
18.518
18.525
18.534
18.542
18.55
18.558
18.567
18.575
18.583
18.592
18.6
18.608
18.617
18.627
18.633
18.643
18.65
18.659
18.667
18.675
18.683
18.692
18.7
18.708
18.717
18.725
18.733
18.742
18.752
18.758
18.768
18.775
18.784
18.792
18.8
18.808
18.817
18.825
18.833
18.842
18.85
18.867
18.877
18.883
18.893
18.9
18.909
18.917
18.925
18.933
18.942
18.95
18.958
18.967
18.975
18.986
18.992
19.002
19.008
19.018
19.025
19.034
19.042
19.05
19.058
19.067
19.075
19.083
19.092
19.1
19.112
19.117
19.127
19.133
19.142
19.15
19.158
19.167
19.175
19.183
19.192
19.2
19.208
19.217
19.225
19.239
19.242
19.252
19.258
19.267
19.275
19.283
19.292
19.3
19.308
19.317
19.325
19.333
19.342
19.35
19.361
19.367
19.376
19.383
19.392
19.4
19.409
19.417
19.425
19.433
19.442
19.45
19.458
19.467
19.475
19.486
19.492
19.501
19.508
19.517
19.525
19.533
19.542
19.55
19.558
19.567
19.575
19.583
19.592
19.6
19.611
19.617
19.626
19.633
19.642
19.65
19.658
19.667
19.675
19.683
19.692
19.7
19.708
19.717
19.725
19.736
19.742
19.751
19.758
19.767
19.775
19.783
19.792
19.8
19.808
19.817
19.825
19.833
19.842
19.85
19.86
19.867
19.876
19.883
19.892
19.9
19.908
19.917
19.925
19.933
19.942
19.95
19.958
19.97
19.975
19.985
19.992
20.001
20.008
20.017
20.025
20.033
20.042
20.05
20.058
20.067
20.075
20.083
20.094
20.1
20.11
20.117
20.125
20.133
20.142
20.15
20.158
20.167
20.175
20.183
20.192
20.2
20.208
20.219
20.225
20.235
20.242
20.25
20.258
20.267
20.275
20.283
20.292
20.3
20.308
20.317
20.328
20.333
20.344
20.35
20.359
20.367
20.375
20.383
20.392
20.4
20.408
20.417
20.425
20.433
20.442
20.453
20.458
20.47
20.475
20.484
20.492
20.5
20.509
20.517
20.525
20.533
20.542
20.55
20.558
20.567
20.578
20.584
20.593
20.6
20.61
20.617
20.625
20.633
20.642
20.65
20.658
20.667
20.675
20.683
20.692
20.702
20.708
20.718
20.725
20.734
20.742
20.75
20.758
20.767
20.775
20.783
20.792
20.8
20.808
20.817
20.827
20.834
20.843
20.85
20.858
20.867
20.875
20.883
20.892
20.9
20.908
20.917
20.925
20.936
20.942
20.952
20.958
20.968
20.975
20.984
20.992
21
21.008
21.017
21.025
21.033
21.042
21.05
21.061
21.067
21.077
21.083
21.093
21.1
21.109
21.117
21.125
21.133
21.142
21.15
21.158
21.167
21.175
21.186
21.192
21.202
21.208
21.218
21.225
21.233
21.242
21.25
21.258
21.267
21.275
21.283
21.292
21.3
21.311
21.317
21.327
21.333
21.342
21.35
21.358
21.367
21.375
21.383
21.392
21.4
21.408
21.417
21.425
21.436
21.442
21.451
21.458
21.467
21.475
21.483
21.492
21.5
21.508
21.517
21.525
21.533
21.545
21.55
21.561
21.567
21.576
21.583
21.592
21.6
21.609
21.617
21.625
21.633
21.642
21.65
21.658
21.67
21.675
21.685
21.692
21.701
21.708
21.717
21.725
21.733
21.742
21.75
21.758
21.767
21.775
21.783
21.794
21.8
21.81
21.817
21.826
21.833
21.842
21.85
21.858
21.867
21.875
21.883
21.892
21.9
21.908
21.919
21.925
21.935
21.942
21.951
21.958
21.967
21.975
21.983
21.992
22
22.008
22.017
22.025
22.033
22.044
22.05
22.059
22.067
22.075
22.083
22.092
22.1
22.108
22.117
22.125
22.133
22.142
22.15
22.158
22.169
22.175
22.184
22.192
22.2
22.208
22.217
22.225
22.233
22.242
22.25
22.258
22.267
22.275
22.283
22.293
22.3
22.31
22.317
22.325
22.333
22.342
22.35
22.358
22.367
22.375
22.383
22.392
22.4
22.408
22.418
22.425
22.434
22.442
22.45
22.458
22.467
22.475
22.483
22.492
22.5
22.508
22.517
22.528
22.533
22.543
22.55
22.559
22.567
22.575
22.584
22.592
22.6
22.608
22.617
22.625
22.633
22.642
22.652
22.658
22.668
22.675
22.684
22.692
22.7
22.708
22.717
22.725
22.733
22.742
22.75
22.761
22.767
22.777
22.783
22.793
22.8
22.809
22.817
22.825
22.833
22.842
22.85
22.858
22.867
22.875
22.886
22.892
22.902
22.908
22.917
22.925
22.934
22.942
22.95
22.958
22.967
22.975
22.983
22.992
23
23.011
23.017
23.027
23.033
23.043
23.05
23.059
23.067
23.075
23.083
23.092
23.1
23.108
23.117
23.125
23.136
23.142
23.152
23.158
23.167
23.175
23.183
23.192
23.2
23.208
23.217
23.225
23.233
23.242
23.25
23.261
23.267
23.277
23.283
23.292
23.3
23.309
23.317
23.325
23.333
23.342
23.35
23.358
23.367
23.375
23.385
23.392
23.401
23.408
23.417
23.425
23.433
23.442
23.45
23.458
23.467
23.475
23.483
23.495
23.5
23.51
23.517
23.526
23.533
23.542
23.55
23.558
23.567
23.575
23.583
23.592
23.6
23.608
23.619
23.625
23.635
23.642
23.651
23.66
23.667
23.675
23.683
23.692
23.7
23.708
23.717
23.725
23.733
23.744
23.75
23.76
23.767
23.776
23.783
23.792
23.8
23.808
23.817
23.825
23.833
23.842
23.85
23.858
23.869
23.875
23.885
23.892
23.901
23.908
23.917
23.925
23.933
23.942
23.95
23.959
23.967
23.975
23.984
23.994
24
24.01
24.017
24.026
24.033
24.042
24.05
24.058
24.067
24.075
24.084
24.092
24.103
24.108
24.119
24.125
24.134
24.142
24.15
24.158
24.167
24.175
24.183
24.192
24.2
24.208
24.217
24.228
24.234
24.244
24.25
24.26
24.267
24.275
24.283
24.292
24.3
24.309
24.317
24.325
24.333
24.342
24.353
24.358
24.369
24.375
24.384
24.392
24.4
24.408
24.417
24.425
24.433
24.442
24.45
24.458
24.467
24.478
24.483
24.494
24.5
24.509
24.517
24.525
24.533
24.542
24.55
24.558
24.567
24.575
24.583
24.592
24.603
24.608
24.618
24.625
24.634
24.642
24.65
24.659
24.667
24.675
24.683
24.692
24.7
24.708
24.717
24.728
24.733
24.743
24.75
24.758
24.767
24.775
24.783
24.792
24.8
24.808
24.817
24.825
24.833
24.842
24.852
24.858
24.867
24.875
24.884
24.892
24.9
24.908
24.917
24.925
24.933
24.942
24.95
24.958
24.967
24.977
24.983
24.992
25
25.009
25.017
25.025
25.033
25.042
25.05
25.058
25.067
25.075
25.083
25.092
25.101
25.108
25.117
25.125
25.133
25.142
25.15
25.158
25.167
25.175
25.183
25.192
25.2
25.211
25.217
25.227
25.233
25.242
25.25
25.258
25.267
25.275
25.283
25.292
25.3
25.308
25.32
25.325
25.336
25.342
25.351
25.358
25.367
25.375
25.383
25.392
25.4
25.408
25.417
25.425
25.433
25.445
25.45
25.461
25.467
25.476
25.483
25.492
25.5
25.508
25.517
25.525
25.533
25.542
25.55
25.558
25.57
25.575
25.586
25.592
25.601
25.608
25.617
25.625
25.633
25.642
25.65
25.658
25.667
25.675
25.683
25.694
25.7
25.71
25.717
25.726
25.733
25.742
25.75
25.758
25.767
25.775
25.783
25.792
25.8
25.808
25.819
25.825
25.835
25.842
25.851
25.858
25.867
25.875
25.883
25.892
25.9
25.908
25.917
25.925
25.933
25.944
25.95
25.96
25.967
25.975
25.983
25.992
26
26.008
26.017
26.025
26.033
26.042
26.053
26.058
26.069
26.075
26.085
26.092
26.1
26.108
26.117
26.125
26.133
26.142
26.15
26.158
26.167
26.178
26.183
26.193
26.2
26.21
26.217
26.225
26.233
26.242
26.25
26.258
26.267
26.275
26.283
26.292
26.303
26.308
26.318
26.325
26.334
26.342
26.35
26.358
26.367
26.375
26.383
26.392
26.4
26.408
26.417
26.428
26.433
26.443
26.45
26.459
26.467
26.475
26.483
26.492
26.5
26.508
26.517
26.525
26.533
26.542
26.552
26.558
26.568
26.575
26.584
26.592
26.6
26.608
26.617
26.625
26.633
26.642
26.65
26.661
26.667
26.678
26.683
26.693
26.7
26.709
26.717
26.725
26.733
26.742
26.75
26.758
26.767
26.775
26.786
26.792
26.802
26.808
26.818
26.825
26.833
26.842
26.85
26.858
26.867
26.875
26.883
26.892
26.9
26.911
26.917
26.927
26.933
26.942
26.95
26.959
26.967
26.975
26.983
26.992
27
27.008
27.017
27.025
27.036
27.042
27.052
27.058
27.067
27.075
27.084
27.092
27.1
27.108
27.117
27.125
27.133
27.142
27.15
27.161
27.167
27.176
27.183
27.192
27.2
27.209
27.217
27.225
27.233
27.242
27.25
27.258
27.267
27.275
27.286
27.292
27.301
27.308
27.317
27.325
27.333
27.342
27.35
27.358
27.367
27.375
27.383
27.392
27.4
27.41
27.417
27.426
27.433
27.442
27.45
27.458
27.467
27.475
27.483
27.492
27.5
27.508
27.517
27.525
27.535
27.542
27.551
27.558
27.567
27.575
27.583
27.592
27.6
27.609
27.617
27.625
27.633
27.642
27.65
27.66
27.667
27.676
27.683
27.692
27.7
27.708
27.717
27.725
27.734
27.742
27.75
27.758
27.77
27.775
27.785
27.792
27.801
27.808
27.817
27.825
27.833
27.842
27.85
27.859
27.867
27.875
27.883
27.894
27.9
27.91
27.917
27.926
27.933
27.942
27.95
27.958
27.967
27.975
27.983
27.992
28.003
28.008
28.019
28.025
28.034
28.042
28.05
28.058
28.067
28.075
28.083
28.092
28.1
28.108
28.117
28.128
28.133
28.144
28.15
28.159
28.167
28.175
28.183
28.192
28.2
28.208
28.217
28.225
28.233
28.242
28.253
28.258
28.269
28.275
28.284
28.292
28.3
28.309
28.317
28.325
28.333
28.342
28.35
28.358
28.367
28.378
28.383
28.393
28.4
28.409
28.417
28.425
28.433
28.442
28.45
28.458
28.467
28.475
28.483
28.492
28.503
28.508
28.518
28.525
28.534
28.542
28.55
28.558
28.567
28.575
28.583
28.592
28.6
28.612
28.617
28.627
28.633
28.643
28.65
28.659
28.667
28.675
28.683
28.692
28.7
28.708
28.717
28.725
28.736
28.742
28.752
28.758
28.768
28.775
28.784
28.792
28.8
28.808
28.817
28.825
28.833
28.842
28.85
28.861
28.867
28.877
28.883
28.893
28.9
28.909
28.917
28.925
28.933
28.942
28.95
28.958
28.967
28.975
28.986
28.992
29.002
29.008
29.018
29.025
29.033
29.042
29.05
29.058
29.067
29.075
29.083
29.092
29.1
29.111
29.117
29.126
29.133
29.142
29.15
29.158
29.167
29.175
29.183
29.192
29.2
29.208
29.22
29.225
29.236
29.242
29.251
29.258
29.267
29.275
29.283
29.292
29.3
29.308
29.317
29.325
29.334
29.345
29.35
29.361
29.367
29.376
29.383
29.392
29.4
29.408
29.417
29.425
29.434
29.442
29.45
29.459
29.47
29.475
29.485
29.492
29.501
29.509
29.517
29.525
29.533
29.542
29.55
29.558
29.567
29.575
29.583
29.594
29.6
29.61
29.617
29.626
29.633
29.642
29.65
29.658
29.667
29.675
29.683
29.692
29.7
29.708
29.719
29.725
29.735
29.742
29.751
29.758
29.767
29.775
29.784
29.792
29.8
29.808
29.817
29.825
29.833
29.844
29.85
29.86
29.867
29.875
29.883
29.892
29.9
29.908
29.917
29.928
29.936
29.944
29.95
29.958
29.969
29.975
29.984
29.992
30
30.008
30.017
30.025
30.033
30.042
30.05
30.058
30.067
30.075
30.083
30.093
30.1
30.109
30.117
30.125
30.133
30.142
30.15
30.158
30.167
30.175
30.183
30.192
30.2
30.208
30.218
30.225
30.234
30.242
30.25
30.258
30.267
30.275
30.283
30.292
30.3
30.308
30.317
30.328
30.333
30.343
30.35
30.359
30.367
30.375
30.383
30.392
30.4
30.408
30.417
30.425
30.433
30.442
30.453
30.459
30.468
30.475
30.484
30.492
30.5
30.508
30.517
30.525
30.533
30.542
30.55
30.562
30.567
30.578
30.583
30.593
30.6
30.609
30.617
30.625
30.633
30.642
30.65
30.658
30.667
30.675
30.686
30.692
30.702
30.708
30.718
30.725
30.734
30.742
30.75
30.758
30.767
30.775
30.783
30.792
30.8
30.811
30.817
30.827
30.833
30.843
30.85
30.859
30.867
30.875
30.883
30.892
30.9
30.908
30.917
30.925
30.936
30.942
30.952
30.958
30.967
30.975
30.983
30.992
31
31.008
31.017
31.025
31.033
31.042
31.05
31.061
31.067
31.077
31.083
31.092
31.1
31.108
31.117
31.125
31.133
31.142
31.15
31.159
31.17
31.177
31.186
31.192
31.202
31.209
31.217
31.225
31.233
31.242
31.25
31.259
31.267
31.275
31.283
31.295
31.3
31.311
31.317
31.326
31.333
31.342
31.35
31.358
31.367
31.375
31.383
31.392
31.4
31.408
31.42
31.425
31.435
31.442
31.451
31.459
31.467
31.475
31.483
31.492
31.5
31.509
31.517
31.525
31.533
31.545
31.55
31.56
31.567
31.576
31.583
31.592
31.6
31.608
31.617
31.625
31.633
31.642
31.65
31.658
31.669
31.675
31.685
31.692
31.701
31.708
31.717
31.725
31.734
31.742
31.75
31.759
31.767
31.775
31.784
31.794
31.8
31.81
31.817
31.826
31.833
31.844
31.852
31.858
31.867
31.876
31.884
31.892
31.9
31.91
31.919
31.925
31.935
31.942
31.95
31.958
31.967
31.975
31.983
31.992
32
32.008
32.017
32.028
32.033
32.044
32.05
32.059
32.067
32.075
32.083
32.092
32.1
32.108
32.117
32.125
32.133
32.142
32.153
32.158
32.168
32.175
32.184
32.192
32.2
32.208
32.217
32.225
32.233
32.242
32.25
32.258
32.267
32.278
32.284
32.293
32.3
32.309
32.317
32.325
32.333
32.342
32.35
32.358
32.367
32.375
32.384
32.392
32.402
32.408
32.418
32.425
32.434
32.442
32.45
32.458
32.467
32.475
32.483
32.492
32.5
32.508
32.517
32.527
32.533
32.543
32.55
32.558
32.567
32.575
32.583
32.592
32.6
32.609
32.617
32.625
32.633
32.642
32.652
32.658
32.668
32.675
32.684
32.692
32.7
32.708
32.717
32.725
32.733
32.742
32.75
32.758
32.767
32.777
32.783
32.792
32.8
32.809
32.817
32.825
32.833
32.842
32.85
32.858
32.867
32.875
32.886
32.892
32.902
32.908
32.917
32.925
32.933
32.942
32.95
32.958
32.967
32.976
32.983
32.992
33
33.011
33.017
33.026
33.033
33.042
33.05
33.058
33.067
33.075
33.083
33.092
33.1
33.108
33.12
33.125
33.136
33.142
33.151
33.158
33.167
33.175
33.183
33.192
33.2
33.208
33.217
33.225
33.233
33.245
33.25
33.261
33.267
33.276
33.283
33.292
33.3
33.308
33.317
33.325
33.333
33.342
33.35
33.358
33.37
33.375
33.386
33.392
33.401
33.408
33.42
33.426
33.434
33.442
33.45
33.458
33.467
33.475
33.483
33.495
33.5
33.51
33.517
33.526
33.534
33.542
33.55
33.558
33.567
33.575
33.583
33.592
33.6
33.608
33.619
33.625
33.635
33.642
33.651
33.658
33.667
33.675
33.683
33.692
33.7
33.709
33.717
33.728
33.733
33.744
33.75
33.76
33.767
33.775
33.784
33.792
33.8
33.808
33.817
33.825
33.833
33.842
33.853
33.858
33.869
33.876
33.885
33.892
33.9
33.908
33.917
33.925
33.933
33.942
33.95
33.958
33.967
33.978
33.983
33.994
34
34.01
34.017
34.025
34.033
34.042
34.05
34.058
34.067
34.075
34.083
34.092
34.103
34.108
34.119
34.125
34.134
34.142
34.15
34.158
34.167
34.175
34.183
34.192
34.2
34.208
34.217
34.228
34.233
34.243
34.25
34.259
34.267
34.275
34.283
34.292
34.3
34.308
34.317
34.325
34.333
34.342
34.352
34.358
34.368
34.375
34.384
34.392
34.4
34.408
34.417
34.425
34.434
34.442
34.45
34.461
34.467
34.477
34.483
34.493
34.5
34.509
34.517
34.525
34.533
34.542
34.55
34.558
34.567
34.575
34.586
34.592
34.603
34.608
34.617
34.625
34.633
34.642
34.65
34.658
34.667
34.675
34.683
34.692
34.7
34.711
34.717
34.727
34.733
34.742
34.75
34.758
34.767
34.775
34.783
34.792
34.8
34.808
34.817
34.825
34.836
34.842
34.851
34.858
34.867
34.875
34.883
34.892
34.9
34.908
34.917
34.925
34.933
34.942
34.95
34.961
34.967
34.976
34.983
34.992
35
35.009
35.017
35.025
35.033
35.042
35.05
35.059
35.067
35.075
35.086
35.092
35.101
35.108
35.117
35.125
35.134
35.142
35.15
35.158
35.167
35.175
35.183
35.192
35.2
35.21
35.217
35.226
35.233
35.242
35.25
35.258
35.267
35.275
35.283
35.292
35.3
35.308
35.317
35.325
35.335
35.342
35.351
35.358
35.367
35.375
35.383
35.392
35.4
35.408
35.417
35.425
35.433
35.445
35.45
35.46
35.467
35.476
35.483
35.492
35.5
35.508
35.517
35.525
35.533
35.542
35.55
35.558
35.57
35.575
35.585
35.592
35.601
35.617
35.625
35.633
35.642
35.65
35.658
35.667
35.678
35.683
35.695
35.7
35.71
35.717
35.725
35.733
35.742
35.75
35.758
35.767
35.775
35.784
35.792
35.8
35.808
35.819
35.825
35.835
35.842
35.85
35.858
35.867
35.875
35.883
35.892
35.9
35.908
35.917
35.928
35.933
35.944
35.95
35.959
35.967
35.975
35.983
35.992
36
36.008
36.017
36.025
36.033
36.042
36.053
36.058
36.069
36.075
36.084
36.092
36.1
36.108
36.117
36.125
36.133
36.142
36.15
36.158
36.167
36.178
36.183
36.193
36.2
36.209
36.217
36.225
36.233
36.242
36.25
36.258
36.267
36.275
36.283
36.292
36.303
36.308
36.318
36.325
36.334
36.342
36.35
36.358
36.367
36.375
36.383
36.392
36.4
36.411
36.417
36.427
36.433
36.443
36.45
36.459
36.467
36.48
36.488
36.492
36.5
36.508
36.517
36.527
36.541
36.547
36.557
36.563
36.573
36.577
36.588
36.597
36.605
36.613
36.617
36.625
36.633
36.642
36.65
36.661
36.667
36.677
36.683
36.693
36.7
36.709
36.717
36.725
36.733
36.742
36.75
36.758
36.767
36.775
36.786
36.792
36.802
36.808
36.818
36.825
36.834
36.842
36.85
36.858
36.867
36.875
36.883
36.892
36.9
36.911
36.917
36.926
36.933
36.942
36.95
36.958
36.967
36.975
36.983
36.992
37
37.008
37.02
37.025
37.036
37.042
37.051
37.058
37.068
37.075
37.083
37.092
37.1
37.108
37.117
37.125
37.133
37.145
37.15
37.16
37.167
37.176
37.183
37.192
37.2
37.208
37.217
37.225
37.233
37.242
37.25
37.258
37.27
37.275
37.285
37.292
37.301
37.31
37.317
37.325
37.333
37.342
37.35
37.358
37.367
37.375
37.383
37.394
37.4
37.41
37.417
37.425
37.433
37.442
37.45
37.458
37.467
37.475
37.483
37.492
37.5
37.509
37.519
37.525
37.535
37.542
37.551
37.558
37.567
37.575
37.583
37.592
37.6
37.608
37.617
37.625
37.633
37.644
37.65
37.66
37.667
37.675
37.683
37.692
37.7
37.708
37.717
37.725
37.733
37.742
37.75
37.758
37.769
37.775
37.784
37.792
37.8
37.808
37.817
37.825
37.833
37.842
37.85
37.858
37.867
37.875
37.883
37.894
37.9
37.909
37.917
37.925
37.933
37.942
37.95
37.958
37.967
37.975
37.983
37.992
38
38.008
38.019
38.025
38.034
38.042
38.05
38.058
38.067
38.075
38.083
38.092
38.1
38.108
38.117
38.128
38.133
38.143
38.15
38.159
38.167
38.175
38.183
38.192
38.2
38.208
38.217
38.225
38.237
38.242
38.253
38.258
38.268
38.275
38.284
38.292
38.3
38.309
38.317
38.325
38.333
38.342
38.35
38.361
38.367
38.377
38.383
38.393
38.4
38.409
38.417
38.425
38.433
38.442
38.45
38.458
38.467
38.475
38.487
38.492
38.502
38.508
38.518
38.525
38.534
38.542
38.55
38.558
38.567
38.575
38.583
38.592
38.6
38.611
38.617
38.627
38.633
38.642
38.65
38.659
38.667
38.675
38.683
38.692
38.7
38.708
38.717
38.725
38.736
38.742
38.752
38.759
38.767
38.775
38.784
38.792
38.8
38.808
38.817
38.825
38.833
38.842
38.85
38.861
38.867
38.877
38.883
38.892
38.9
38.908
38.917
38.925
38.933
38.942
38.95
38.958
38.97
38.975
38.985
38.992
39.002
39.008
39.017
39.025
39.034
39.042
39.05
39.058
39.067
39.075
39.083
39.095
39.1
39.11
39.117
39.126
39.133
39.142
39.15
39.158
39.167
39.175
39.183
39.197
39.2
39.208
39.22
39.225
39.235
39.242
39.252
39.258
39.267
39.275
39.283
39.292
39.3
39.308
39.317
39.325
39.338
39.344
39.35
39.36
39.367
39.376
39.383
39.392
39.4
39.408
39.417
39.425
39.433
39.442
39.45
39.458
39.469
39.475
39.485
39.492
39.501
39.508
39.517
39.525
39.533
39.542
39.55
39.558
39.567
39.578
39.583
39.594
39.6
39.61
39.617
39.626
39.633
39.642
39.65
39.658
39.667
39.675
39.683
39.692
39.7
39.708
39.719
39.725
39.735
39.742
39.75
39.758
39.767
39.775
39.783
39.793
39.802
39.809
39.817
39.83
39.833
39.843
39.85
39.859
39.867
39.875
39.883
39.892
39.9
39.908
39.917
39.925
39.933
39.942
39.953
39.958
39.968
39.975
39.984
39.992
40
40.008
40.017
40.025
40.033
40.042
40.05
40.058
40.067
40.077
40.083
40.093
40.1
40.109
40.117
40.125
40.133
40.142
40.15
40.158
40.167
40.175
40.183
40.192
40.203
40.208
40.218
40.225
40.233
40.244
40.25
40.259
40.267
40.275
40.283
40.292
40.3
40.309
40.317
40.327
40.333
40.343
40.35
40.359
40.367
40.375
40.383
40.392
40.4
40.408
40.417
40.425
40.433
40.442
40.452
40.458
40.468
40.475
40.484
40.492
40.5
40.508
40.517
40.525
40.533
40.542
40.55
40.558
40.567
40.577
40.583
40.597
40.605
40.614
40.617
40.625
40.633
40.642
40.65
40.658
40.667
40.675
40.686
40.692
40.702
40.709
40.717
40.725
40.733
40.742
40.75
40.758
40.767
40.775
40.783
40.792
40.8
40.811
40.817
40.827
40.833
40.842
40.85
40.858
40.867
40.875
40.883
40.892
40.9
40.908
40.92
40.925
40.936
40.942
40.951
40.958
40.967
40.975
40.983
40.992
41
41.008
41.017
41.025
41.033
41.045
41.05
41.061
41.067
41.076
41.083
41.092
41.105
41.113
41.117
41.125
41.133
41.142
41.15
41.158
41.17
41.175
41.186
41.192
41.201
41.213
41.222
41.226
41.238
41.242
41.25
41.258
41.266
41.275
41.283
41.294
41.3
41.31
41.317
41.326
41.333
41.342
41.35
41.358
41.367
41.375
41.388
41.393
41.405
41.41
41.424
41.43
41.436
41.447
41.452
41.463
41.468
41.48
41.485
41.494
41.505
41.513
41.522
41.526
41.534
41.549
41.555
41.565
41.572
41.58
41.584
41.597
41.605
41.614
41.622
41.627
41.638
41.643
41.655
41.661
41.671
41.677
41.687
41.694
41.702
41.711
41.719
41.726
41.742
41.747
41.752
41.76
41.767
41.778
41.783
41.794
41.8
41.81
41.817
41.825
41.833
41.842
41.85
41.858
41.867
41.875
41.884
41.892
41.903
41.909
41.918
41.925
41.934
41.942
41.95
41.958
41.967
41.975
41.988
41.993
42
42.014
42.022
42.029
42.033
42.044
42.05
42.059
42.067
42.075
42.083
42.091
42.1
42.108
42.117
42.125
42.137
42.142
42.152
42.158
42.168
42.175
42.184
42.192
42.2
42.208
42.217
42.225
42.233
42.242
42.25
42.261
42.267
42.277
42.284
42.293
42.3
42.309
42.317
42.33
42.338
42.347
42.352
42.361
42.367
42.375
42.386
42.392
42.402
42.408
42.418
42.425
42.434
42.442
42.45
42.458
42.467
42.475
42.483
42.492
42.5
42.511
42.517
42.527
42.533
42.543
42.55
42.559
42.567
42.575
42.583
42.592
42.6
42.608
42.617
42.625
42.636
42.642
42.651
42.658
42.667
42.675
42.683
42.692
42.7
42.708
42.717
42.725
42.733
42.742
42.75
42.761
42.767
42.777
42.783
42.792
42.8
42.809
42.817
42.825
42.833
42.842
42.85
42.858
42.867
42.875
42.885
42.892
42.901
42.908
42.917
42.925
42.933
42.942
42.95
42.958
42.967
42.975
42.983
42.993
43
43.011
43.017
43.026
43.033
43.044
43.05
43.059
43.067
43.075
43.083
43.092
43.1
43.108
43.117
43.128
43.137
43.142
43.151
43.158
43.167
43.175
43.183
43.192
43.2
43.208
43.217
43.225
43.233
43.242
43.25
43.26
43.267
43.276
43.283
43.292
43.3
43.309
43.317
43.325
43.333
43.342
43.35
43.358
43.37
43.375
43.385
43.392
43.4
43.408
43.417
43.425
43.433
43.442
43.45
43.458
43.467
43.475
43.483
43.494
43.5
43.51
43.519
43.525
43.533
43.542
43.55
43.558
43.567
43.575
43.583
43.592
43.604
43.608
43.619
43.625
43.634
43.642
43.65
43.658
43.667
43.675
43.683
43.692
43.7
43.708
43.717
43.728
43.733
43.744
43.75
43.759
43.767
43.775
43.783
43.792
43.8
43.809
43.817
43.825
43.833
43.842
43.853
43.859
43.869
43.875
43.884
43.892
43.9
43.909
43.917
43.925
43.933
43.942
43.95
43.959
43.967
43.978
43.983
43.993
44
44.009
44.017
44.026
44.033
44.042
44.05
44.058
44.067
44.075
44.087
44.092
44.103
44.108
44.118
44.125
44.133
44.142
44.15
44.159
44.167
44.177
44.183
44.192
44.2
44.211
44.217
44.227
44.233
44.243
44.25
44.258
44.267
44.275
44.283
44.292
44.3
44.308
44.317
44.325
44.336
44.342
44.352
44.358
44.368
44.375
44.384
44.392
44.4
44.408
44.417
44.425
44.433
44.442
44.45
44.462
44.467
44.477
44.483
44.493
44.5
44.508
44.517
44.525
44.533
44.542
44.55
44.558
44.567
44.575
44.586
44.592
44.601
44.608
44.618
44.625
44.634
44.642
44.65
44.659
44.667
44.675
44.684
44.692
44.7
44.711
44.717
44.726
44.733
44.742
44.75
44.758
44.767
44.775
44.783
44.792
44.8
44.808
44.82
44.825
44.836
44.842
44.851
44.858
44.867
44.875
44.883
44.892
44.9
44.909
44.917
44.925
44.933
44.945
44.952
44.961
44.967
44.976
44.983
44.992
45
45.008
45.017
45.025
45.033
45.042
45.05
45.058
45.07
45.075
45.085
45.092
45.101
45.108
45.117
45.125
45.133
45.142
45.15
45.158
45.167
45.175
45.183
45.195
45.2
45.21
45.217
45.226
45.233
45.242
45.25
45.258
45.267
45.275
45.283
45.292
45.3
45.308
45.319
45.325
45.335
45.342
45.35
45.358
45.367
45.375
45.383
45.392
45.4
45.408
45.417
45.425
45.433
45.444
45.45
45.459
45.467
45.476
45.483
45.492
45.5
45.508
45.517
45.525
45.533
45.542
45.55
45.558
45.569
45.575
45.584
45.592
45.6
45.608
45.617
45.625
45.633
45.642
45.65
45.658
45.667
45.675
45.683
45.694
45.7
45.709
45.717
45.725
45.733
45.742
45.75
45.76
45.767
45.775
45.783
45.792
45.8
45.808
45.818
45.825
45.834
45.842
45.85
45.858
45.867
45.875
45.883
45.892
45.9
45.908
45.917
45.928
45.933
45.943
45.95
45.959
45.967
45.975
45.983
45.992
46
46.009
46.017
46.025
46.036
46.042
46.053
46.058
46.068
46.075
46.084
46.092
46.1
46.109
46.117
46.125
46.133
46.142
46.15
46.158
46.167
46.177
46.183
46.193
46.2
46.209
46.217
46.227
46.233
46.242
46.25
46.258
46.267
46.275
46.286
46.292
46.302
46.309
46.318
46.325
46.334
46.342
46.35
46.358
46.367
46.375
46.383
46.392
46.4
46.411
46.417
46.427
46.433
46.442
46.45
46.458
46.467
46.475
46.483
46.492
46.5
46.508
46.517
46.525
46.536
46.542
46.552
46.558
46.567
46.575
46.583
46.592
46.6
46.608
46.617
46.625
46.633
46.642
46.65
46.661
46.667
46.677
46.683
46.692
46.7
46.708
46.717
46.725
46.733
46.742
46.75
46.758
46.767
46.775
46.785
46.792
46.802
46.808
46.817
46.825
46.833
46.842
46.85
46.858
46.867
46.875
46.883
46.895
46.9
46.91
46.917
46.926
46.933
46.942
46.95
46.958
46.967
46.975
46.983
46.992
47
47.008
47.019
47.025
47.035
47.042
47.051
47.058
47.067
47.075
47.083
47.092
47.1
47.108
47.116
47.125
47.133
47.145
47.15
47.16
47.167
47.176
47.183
47.192
47.2
47.208
47.217
47.225
47.233
47.242
47.25
47.258
47.269
47.275
47.285
47.292
47.301
47.308
47.317
47.325
47.333
47.342
47.35
47.358
47.367
47.378
47.383
47.394
47.4
47.41
47.417
47.426
47.433
47.442
47.45
47.458
47.467
47.475
47.483
47.492
47.503
47.508
47.519
47.525
47.534
47.542
47.55
47.558
47.567
47.575
47.583
47.592
47.6
47.608
47.617
47.628
47.633
47.643
47.65
47.659
47.667
47.675
47.683
47.692
47.7
47.708
47.717
47.725
47.733
47.742
47.753
47.758
47.768
47.775
47.784
47.792
47.8
47.808
47.817
47.825
47.833
47.842
47.85
47.858
47.867
47.877
47.883
47.893
47.9
47.909
47.917
47.926
47.933
47.942
47.95
47.958
47.967
47.975
47.983
47.992
48.003
48.008
48.018
48.025
48.033
48.042
48.05
48.059
48.067
48.075
48.083
48.092
48.1
48.11
48.119
48.128
48.133
48.143
48.15
48.159
48.167
48.175
48.183
48.192
48.2
48.208
48.217
48.225
48.233
48.242
48.252
48.258
48.268
48.275
48.284
48.292
48.3
48.308
48.317
48.325
48.333
48.342
48.35
48.358
48.367
48.377
48.383
48.392
48.4
48.408
48.417
48.425
48.433
48.442
48.45
48.458
48.467
48.475
48.486
48.492
48.501
48.508
48.517
48.525
48.533
48.542
48.55
48.558
48.567
48.575
48.583
48.592
48.6
48.611
48.617
48.626
48.633
48.642
48.65
48.658
48.667
48.675
48.683
48.692
48.7
48.708
48.72
48.725
48.736
48.742
48.751
48.758
48.767
48.775
48.783
48.793
48.8
48.808
48.817
48.825
48.833
48.842
48.85
48.86
48.867
48.876
48.883
48.892
48.9
48.908
48.917
48.925
48.933
48.942
48.95
48.958
48.969
48.975
48.985
48.992
49.001
49.009
49.017
49.025
49.033
49.042
49.05
49.058
49.067
49.075
49.083
49.094
49.1
49.11
49.117
49.125
49.133
49.142
49.15
49.158
49.167
49.175
49.183
49.192
49.2
49.208
49.219
49.225
49.235
49.242
49.25
49.258
49.267
49.275
49.283
49.292
49.3
49.308
49.317
49.328
49.333
49.344
49.35
49.359
49.367
49.375
49.383
49.392
49.4
49.408
49.417
49.425
49.433
49.442
49.453
49.458
49.468
49.475
49.484
49.492
49.5
49.508
49.517
49.525
49.533
49.542
49.55
49.558
49.567
49.578
49.583
49.593
49.6
49.609
49.617
49.625
49.633
49.642
49.65
49.658
49.667
49.675
49.683
49.692
49.703
49.708
49.718
49.725
49.734
49.742
49.75
49.758
49.767
49.775
49.783
49.792
49.8
49.808
49.817
49.828
49.833
49.843
49.85
49.859
49.867
49.875
49.883
49.892
49.9
49.908
49.917
49.925
49.937
49.942
49.952
49.958
49.968
49.975
49.984
49.992
50
50.008
50.017
50.025
50.033
50.042
50.05
50.059
50.067
50.077
50.083
50.093
50.1
50.109
50.117
50.125
50.133
50.142
50.15
50.158
50.167
50.175
50.186
50.194
50.202
50.208
50.218
50.225
50.233
50.242
50.25
50.258
50.267
50.275
50.283
50.292
50.3
50.311
50.317
50.327
50.333
50.342
50.35
50.359
50.367
50.377
50.384
50.392
50.4
50.408
50.417
50.425
50.436
50.442
50.451
50.458
50.467
50.475
50.483
50.492
50.5
50.508
50.517
50.525
50.533
50.542
50.55
50.561
50.567
50.576
50.583
50.592
50.6
50.608
50.617
50.625
50.633
50.642
50.65
50.658
50.667
50.675
50.685
50.692
50.701
50.708
50.717
50.725
50.733
50.742
50.75
50.758
50.767
50.775
50.783
50.792
50.8
50.81
50.817
50.826
50.833
50.842
50.85
50.858
50.867
50.875
50.883
50.892
50.9
50.908
50.917
50.925
50.935
50.942
50.951
50.958
50.967
50.975
50.983
50.992
51
51.008
51.017
51.025
51.033
51.042
51.05
51.06
51.067
51.075
51.083
51.092
51.1
51.108
51.117
51.125
51.133
51.142
51.15
51.158
51.169
51.175
51.185
51.192
51.2
51.208
51.217
51.225
51.233
51.242
51.25
51.258
51.267
51.278
51.283
51.294
51.3
51.309
51.317
51.325
51.333
51.342
51.35
51.358
51.367
51.375
51.383
51.392
51.403
51.408
51.419
51.425
51.434
51.442
51.45
51.458
51.467
51.475
51.483
51.492
51.5
51.508
51.517
51.528
51.533
51.544
51.55
51.559
51.567
51.575
51.583
51.592
51.6
51.608
51.617
51.625
51.635
51.644
51.653
51.658
51.668
51.675
51.684
51.692
51.7
51.708
51.717
51.725
51.733
51.742
51.75
51.758
51.767
51.777
51.783
51.793
51.8
51.809
51.817
51.825
51.833
51.842
51.85
51.858
51.867
51.875
51.884
51.892
51.902
51.908
51.918
51.925
51.934
51.942
51.95
51.958
51.967
51.975
51.984
51.992
52
52.014
52.018
52.027
52.033
52.043
52.05
52.059
52.067
52.075
52.083
52.092
52.1
52.109
52.117
52.125
52.136
52.142
52.152
52.158
52.168
52.175
52.184
52.192
52.2
52.208
52.217
52.225
52.233
52.242
52.25
52.261
52.267
52.277
52.283
52.293
52.3
52.308
52.317
52.325
52.333
52.342
52.35
52.358
52.367
52.375
52.386
52.392
52.401
52.408
52.417
52.425
52.434
52.442
52.45
52.458
52.467
52.475
52.483
52.492
52.5
52.511
52.517
52.526
52.534
52.542
52.55
52.559
52.567
52.575
52.583
52.592
52.6
52.608
52.62
52.625
52.636
52.642
52.651
52.658
52.667
52.675
52.683
52.692
52.7
52.708
52.717
52.725
52.734
52.744
52.75
52.76
52.767
52.776
52.783
52.792
52.8
52.809
52.817
52.825
52.833
52.842
52.85
52.858
52.869
52.875
52.885
52.892
52.901
52.909
52.917
52.925
52.933
52.942
52.95
52.958
52.967
52.975
52.983
52.994
53
53.01
53.017
53.025
53.033
53.042
53.05
53.058
53.067
53.075
53.083
53.092
53.1
53.108
53.119
53.125
53.135
53.142
53.15
53.158
53.167
53.175
53.186
53.192
53.2
53.208
53.217
53.225
53.233
53.244
53.25
53.259
53.267
53.275
53.283
53.292
53.3
53.308
53.317
53.325
53.333
53.342
53.35
53.358
53.369
53.375
53.385
53.392
53.4
53.408
53.417
53.425
53.433
53.442
53.45
53.458
53.467
53.475
53.483
53.493
53.5
53.509
53.517
53.525
53.533
53.542
53.55
53.558
53.567
53.575
53.583
53.592
53.603
53.608
53.618
53.625
53.634
53.642
53.65
53.658
53.667
53.675
53.683
53.692
53.7
53.708
53.717
53.728
53.733
53.743
53.75
53.759
53.767
53.775
53.783
53.792
53.8
53.808
53.817
53.825
53.836
53.842
53.852
53.858
53.868
53.875
53.884
53.892
53.9
53.908
53.917
53.925
53.933
53.942
53.95
53.961
53.967
53.977
53.983
53.993
54
54.009
54.017
54.025
54.033
54.042
54.05
54.058
54.067
54.075
54.086
54.092
54.102
54.108
54.117
54.125
54.133
54.142
54.15
54.158
54.167
54.175
54.183
54.192
54.2
54.211
54.217
54.227
54.233
54.242
54.25
54.258
54.267
54.275
54.283
54.292
54.3
54.308
54.317
54.325
54.336
54.342
54.351
54.358
54.367
54.375
54.383
54.392
54.4
54.408
54.417
54.425
54.433
54.442
54.45
54.461
54.467
54.477
54.483
54.492
54.5
54.509
54.517
54.525
54.534
54.542
54.55
54.558
54.57
54.575
54.586
54.592
54.601
54.608
54.617
54.625
54.633
54.642
54.65
54.658
54.667
54.675
54.683
54.694
54.7
54.71
54.717
54.726
54.733
54.742
54.75
54.758
54.767
54.775
54.783
54.792
54.8
54.808
54.819
54.825
54.835
54.842
54.851
54.858
54.867
54.875
54.884
54.892
54.9
54.909
54.917
54.925
54.933
54.944
54.95
54.96
54.967
54.976
54.983
54.992
55
55.008
55.017
55.025
55.033
55.042
55.05
55.058
55.069
55.075
55.085
55.092
55.101
55.108
55.117
55.125
55.133
55.142
55.15
55.158
55.167
55.178
55.183
55.194
55.2
55.209
55.217
55.225
55.233
55.242
55.25
55.258
55.267
55.275
55.283
55.292
55.3
55.308
55.319
55.325
55.334
55.343
55.35
55.358
55.367
55.375
55.383
55.392
55.4
55.408
55.417
55.428
55.433
55.443
55.45
55.459
55.467
55.475
55.483
55.492
55.5
55.508
55.517
55.525
55.533
55.542
55.553
55.558
55.568
55.575
55.584
55.592
55.6
55.608
55.617
55.625
55.633
55.642
55.65
55.658
55.667
55.677
55.683
55.693
55.7
55.709
55.717
55.725
55.733
55.742
55.75
55.758
55.767
55.775
55.783
55.792
55.802
55.808
55.818
55.825
55.834
55.842
55.85
55.858
55.867
55.875
55.883
55.892
55.9
55.908
55.917
55.927
55.933
55.942
55.95
55.958
55.967
55.975
55.983
55.992
56
56.008
56.017
56.025
56.033
56.042
56.052
56.058
56.067
56.075
56.083
56.092
56.1
56.108
56.117
56.125
56.133
56.142
56.15
56.161
56.167
56.177
56.183
56.192
56.2
56.209
56.217
56.225
56.233
56.242
56.25
56.258
56.267
56.275
56.286
56.292
56.302
56.308
56.317
56.325
56.333
56.342
56.35
56.358
56.367
56.375
56.383
56.392
56.4
56.411
56.417
56.426
56.433
56.442
56.45
56.458
56.467
56.475
56.483
56.492
56.5
56.508
56.52
56.525
56.536
56.542
56.551
56.558
56.567
56.575
56.583
56.592
56.6
56.608
56.617
56.625
56.633
56.645
56.65
56.661
56.667
56.676
56.683
56.692
56.7
56.708
56.717
56.725
56.733
56.742
56.75
56.758
56.769
56.775
56.785
56.792
56.801
56.809
56.817
56.825
56.833
56.842
56.85
56.858
56.867
56.875
56.883
56.894
56.9
56.91
56.917
56.925
56.933
56.942
56.95
56.958
56.967
56.975
56.983
56.992
57
57.008
57.019
57.025
57.035
57.042
57.05
57.058
57.067
57.075
57.083
57.092
57.1
57.108
57.117
57.128
57.134
57.144
57.15
57.16
57.166
57.175
57.183
57.192
57.2
57.208
57.217
57.225
57.233
57.242
57.253
57.258
57.269
57.275
57.285
57.292
57.3
57.308
57.317
57.325
57.333
57.342
57.35
57.358
57.367
57.378
57.383
57.393
57.4
57.409
57.417
57.426
57.433
57.442
57.45
57.458
57.467
57.475
57.483
57.492
57.503
57.508
57.518
57.525
57.534
57.542
57.55
57.558
57.567
57.575
57.583
57.592
57.6
57.609
57.617
57.627
57.633
57.643
57.65
57.659
57.667
57.675
57.683
57.692
57.7
57.708
57.717
57.725
57.737
57.742
57.752
57.758
57.768
57.775
57.784
57.792
57.8
57.809
57.817
57.825
57.833
57.842
57.85
57.861
57.867
57.877
57.883
57.893
57.9
57.909
57.917
57.925
57.934
57.942
57.95
57.959
57.967
57.975
57.986
57.992
58.002
58.008
58.017
58.025
58.034
58.042
58.05
58.06
58.067
58.075
58.083
58.092
58.1
58.111
58.117
58.127
58.134
58.143
58.15
58.158
58.167
58.175
58.183
58.192
58.2
58.208
58.217
58.225
58.236
58.242
58.251
58.258
58.267
58.275
58.284
58.292
58.3
58.309
58.317
58.325
58.333
58.342
58.35
58.361
58.367
58.376
58.383
58.392
58.4
58.408
58.417
58.425
58.433
58.442
58.45
58.458
58.467
58.475
58.485
58.492
58.501
58.508
58.517
58.525
58.533
58.542
58.55
58.558
58.567
58.575
58.583
58.592
58.6
58.611
58.617
58.626
58.633
58.642
58.65
58.658
58.667
58.675
58.683
58.692
58.7
58.708
58.717
58.725
58.735
58.744
58.751
58.758
58.767
58.775
58.783
58.792
58.8
58.808
58.817
58.825
58.833
58.845
58.85
58.86
58.867
58.875
58.883
58.892
58.9
58.909
58.917
58.925
58.933
58.942
58.95
58.958
58.969
58.975
58.985
58.992
59
59.008
59.017
59.025
59.033
59.042
59.05
59.058
59.067
59.078
59.083
59.094
59.1
59.109
59.117
59.125
59.133
59.142
59.15
59.158
59.167
59.175
59.183
59.192
59.203
59.208
59.219
59.225
59.234
59.242
59.251
59.258
59.267
59.275
59.286
59.294
59.302
59.308
59.317
59.328
59.333
59.343
59.35
59.359
59.367
59.375
59.383
59.392
59.4
59.408
59.417
59.425
59.433
59.442
59.453
59.46
59.468
59.475
59.484
59.494
59.5
59.508
59.517
59.525
59.533
59.542
59.55
59.558
59.567
59.578
59.583
59.593
59.6
59.609
59.619
59.627
59.633
59.642
59.65
59.658
59.667
59.675
59.683
59.692
59.702
59.708
59.718
59.725
59.733
59.742
59.75
59.758
59.767
59.775
59.783
59.792
59.8
59.811
59.817
59.827
59.833
59.843
59.85
59.859
59.867
59.875
59.883
59.892
59.9
59.908
59.917
59.925
59.936
59.942
59.952
59.959
59.968
59.975
59.984
59.992
60
60.009
60.017
60.025
60.033
60.042
60.05
60.061
60.067
60.076
60.083
60.093
60.1
60.108
60.117
60.125
60.133
60.142
60.15
60.158
60.167
60.175
60.186
60.192
60.201
60.208
60.217
60.225
60.233
60.242
60.25
60.259
60.267
60.275
60.283
60.292
60.3
60.311
60.317
60.326
60.333
60.342
60.35
60.358
60.367
60.375
60.383
60.392
60.4
60.408
60.42
60.425
60.435
60.442
60.451
60.458
60.467
60.475
60.483
60.492
60.5
60.508
60.517
60.525
60.533
60.545
60.55
60.56
60.567
60.576
60.583
60.592
60.6
60.608
60.617
60.625
60.633
60.642
60.65
60.658
60.669
60.675
60.685
60.692
60.701
60.708
60.717
60.725
60.733
60.742
60.75
60.758
60.767
60.775
60.783
60.794
60.8
60.81
60.817
60.825
60.833
60.842
60.85
60.858
60.867
60.875
60.883
60.892
60.9
60.908
60.919
60.925
60.935
60.942
60.95
60.958
60.967
60.975
60.983
60.992
61
61.008
61.017
61.025
61.033
61.044
61.05
61.059
61.067
61.075
61.083
61.092
61.1
61.108
61.117
61.125
61.133
61.142
61.15
61.158
61.168
61.175
61.184
61.192
61.2
61.208
61.217
61.225
61.233
61.242
61.25
61.258
61.267
61.275
61.283
61.293
61.3
61.309
61.317
61.325
61.333
61.342
61.35
61.358
61.367
61.375
61.383
61.392
61.403
61.408
61.418
61.425
61.434
61.442
61.45
61.458
61.467
61.475
61.483
61.492
61.5
61.508
61.517
61.528
61.533
61.543
61.55
61.559
61.567
61.575
61.583
61.592
61.6
61.608
61.617
61.625
61.636
61.642
61.652
61.658
61.668
61.675
61.684
61.692
61.7
61.708
61.717
61.725
61.733
61.742
61.752
61.761
61.767
61.777
61.783
61.793
61.8
61.809
61.817
61.825
61.833
61.842
61.85
61.858
61.867
61.875
61.886
61.892
61.902
61.908
61.917
61.925
61.933
61.942
61.95
61.958
61.967
61.975
61.983
61.992
62
62.011
62.017
62.027
62.033
62.042
62.05
62.058
62.067
62.075
62.083
62.092
62.1
62.108
62.117
62.125
62.136
62.142
62.152
62.158
62.167
62.175
62.184
62.192
62.2
62.208
62.217
62.225
62.233
62.242
62.25
62.261
62.267
62.277
62.283
62.292
62.3
62.308
62.317
62.325
62.333
62.342
62.35
62.358
62.37
62.375
62.385
62.392
62.401
62.408
62.417
62.425
62.433
62.442
62.45
62.458
62.467
62.475
62.483
62.494
62.5
62.51
62.517
62.526
62.533
62.542
62.55
62.558
62.567
62.575
62.583
62.592
62.6
62.609
62.619
62.625
62.635
62.642
62.651
62.658
62.667
62.675
62.683
62.692
62.7
62.708
62.717
62.725
62.733
62.744
62.75
62.76
62.769
62.778
62.786
62.794
62.8
62.808
62.817
62.825
62.833
62.842
62.85
62.858
62.869
62.875
62.885
62.892
62.9
62.909
62.917
62.925
62.933
62.942
62.95
62.958
62.967
62.978
62.983
62.994
63
63.01
63.017
63.026
63.034
63.042
63.05
63.058
63.067
63.075
63.083
63.092
63.103
63.109
63.119
63.125
63.134
63.142
63.15
63.158
63.167
63.175
63.183
63.192
63.2
63.208
63.217
63.228
63.233
63.244
63.25
63.259
63.267
63.275
63.283
63.292
63.3
63.308
63.317
63.325
63.333
63.342
63.353
63.358
63.368
63.375
63.384
63.392
63.4
63.408
63.417
63.425
63.433
63.442
63.45
63.459
63.467
63.477
63.483
63.493
63.5
63.508
63.517
63.525
63.533
63.542
63.55
63.558
63.567
63.575
63.583
63.592
63.602
63.608
63.618
63.625
63.633
63.642
63.65
63.658
63.667
63.675
63.683
63.692
63.7
63.708
63.717
63.727
63.734
63.743
63.75
63.758
63.767
63.775
63.783
63.792
63.8
63.808
63.817
63.825
63.833
63.842
63.852
63.858
63.867
63.875
63.883
63.892
63.9
63.908
63.917
63.925
63.933
63.942
63.95
63.961
63.967
63.977
63.983
63.992
64
64.009
64.017
64.025
64.033
64.042
64.05
64.058
64.067
64.075
64.086
64.092
64.101
64.108
64.117
64.125
64.133
64.142
64.15
64.158
64.167
64.175
64.183
64.195
64.2
64.211
64.217
64.226
64.233
64.242
64.25
64.258
64.267
64.275
64.283
64.292
64.3
64.308
64.32
64.325
64.336
64.342
64.351
64.358
64.367
64.375
64.383
64.392
64.4
64.408
64.417
64.425
64.433
64.445
64.45
64.46
64.467
64.476
64.483
64.492
64.5
64.508
64.517
64.525
64.533
64.542
64.55
64.558
64.569
64.575
64.585
64.592
64.601
64.609
64.617
64.625
64.633
64.642
64.65
64.658
64.667
64.675
64.683
64.694
64.7
64.71
64.717
64.725
64.733
64.742
64.75
64.758
64.767
64.775
64.783
64.792
64.8
64.808
64.819
64.825
64.835
64.842
64.85
64.858
64.867
64.875
64.883
64.892
64.9
64.908
64.917
64.928
64.933
64.944
64.95
64.96
64.967
64.975
64.983
64.992
65
65.008
65.017
65.025
65.033
65.042
65.053
65.058
65.069
65.075
65.084
65.092
65.1
65.108
65.117
65.125
65.133
65.142
65.15
65.158
65.167
65.178
65.183
65.193
65.2
65.209
65.217
65.225
65.233
65.242
65.25
65.258
65.267
65.275
65.283
65.292
65.303
65.308
65.318
65.325
65.334
65.342
65.35
65.358
65.367
65.375
65.383
65.392
65.4
65.408
65.417
65.427
65.433
65.443
65.45
65.459
65.467
65.475
65.483
65.492
65.5
65.508
65.517
65.525
65.536
65.542
65.552
65.558
65.568
65.575
65.584
65.592
65.6
65.608
65.617
65.625
65.633
65.642
65.65
65.661
65.667
65.677
65.683
65.693
65.7
65.709
65.717
65.725
65.733
65.742
65.75
65.758
65.767
65.775
65.786
65.792
65.802
65.808
65.817
65.825
65.833
65.842
65.85
65.858
65.867
65.875
65.883
65.892
65.9
65.911
65.917
65.927
65.933
65.942
65.95
65.959
65.967
65.975
65.983
65.992
66
66.008
66.017
66.025
66.036
66.042
66.051
66.058
66.067
66.075
66.086
66.094
66.1
66.108
66.117
66.128
66.136
66.144
66.15
66.161
66.167
66.176
66.183
66.192
66.2
66.208
66.217
66.225
66.233
66.242
66.25
66.258
66.267
66.275
66.285
66.292
66.301
66.308
66.317
66.325
66.333
66.342
66.35
66.359
66.367
66.375
66.383
66.392
66.4
66.41
66.417
66.426
66.433
66.442
66.45
66.458
66.467
66.475
66.483
66.492
66.5
66.508
66.519
66.525
66.535
66.542
66.551
66.558
66.567
66.575
66.583
66.592
66.6
66.608
66.617
66.625
66.633
66.645
66.65
66.66
66.667
66.676
66.683
66.692
66.7
66.708
66.717
66.725
66.733
66.742
66.75
66.758
66.77
66.775
66.785
66.792
66.8
66.808
66.817
66.825
66.833
66.842
66.85
66.858
66.867
66.878
66.883
66.894
66.9
66.909
66.917
66.925
66.933
66.942
66.95
66.958
66.967
66.975
66.983
66.992
67.003
67.008
67.019
67.025
67.034
67.042
67.051
67.058
67.067
67.075
67.083
67.092
67.1
67.108
67.117
67.128
67.133
67.144
67.15
67.159
67.167
67.175
67.183
67.192
67.2
67.208
67.216
67.225
67.233
67.242
67.252
67.258
67.269
67.275
67.289
67.294
67.303
67.31
67.317
67.325
67.333
67.342
67.35
67.358
67.367
67.377
67.383
67.393
67.4
67.409
67.417
67.425
67.433
67.442
67.45
67.458
67.467
67.475
67.483
67.492
67.502
67.508
67.518
67.525
67.533
67.542
67.55
67.558
67.567
67.575
67.583
67.592
67.6
67.612
67.617
67.627
67.633
67.643
67.65
67.659
67.667
67.675
67.683
67.692
67.7
67.708
67.717
67.725
67.736
67.742
67.752
67.758
67.768
67.775
67.783
67.792
67.8
67.808
67.817
67.825
67.833
67.842
67.85
67.861
67.867
67.877
67.883
67.893
67.9
67.908
67.917
67.925
67.933
67.942
67.95
67.958
67.967
67.975
67.986
67.992
68.002
68.008
68.017
68.025
68.033
68.042
68.05
68.058
68.067
68.075
68.083
68.095
68.1
68.111
68.117
68.126
68.133
68.142
68.15
68.158
68.167
68.175
68.183
68.192
68.2
68.208
68.217
68.225
68.235
68.242
68.251
68.258
68.267
68.275
68.283
68.292
68.3
68.308
68.317
68.325
68.333
68.345
68.35
68.36
68.367
68.376
68.383
68.392
68.4
68.408
68.417
68.425
68.433
68.442
68.45
68.458
68.47
68.475
68.485
68.492
68.501
68.508
68.517
68.525
68.533
68.542
68.55
68.558
68.567
68.575
68.583
68.596
68.6
68.611
68.617
68.626
68.633
68.642
68.65
68.658
68.667
68.675
68.683
68.692
68.7
68.708
68.719
68.725
68.735
68.742
68.75
68.758
68.767
68.775
68.783
68.792
68.8
68.808
68.817
68.825
68.833
68.844
68.85
68.859
68.867
68.875
68.883
68.892
68.9
68.908
68.917
68.925
68.933
68.942
68.95
68.958
68.968
68.975
68.984
68.992
69
69.008
69.017
69.025
69.033
69.042
69.05
69.058
69.067
69.075
69.083
69.093
69.1
69.109
69.117
69.125
69.133
69.142
69.15
69.158
69.167
69.175
69.183
69.192
69.2
69.208
69.218
69.225
69.234
69.242
69.25
69.258
69.267
69.275
69.283
69.292
69.3
69.309
69.317
69.328
69.333
69.343
69.35
69.359
69.367
69.375
69.383
69.392
69.4
69.408
69.417
69.425
69.436
69.442
69.452
69.458
69.468
69.475
69.484
69.492
69.5
69.508
69.517
69.525
69.533
69.542
69.55
69.561
69.567
69.577
69.583
69.592
69.6
69.609
69.617
69.625
69.633
69.642
69.65
69.658
69.667
69.675
69.686
69.692
69.702
69.708
69.717
69.725
69.734
69.742
69.75
69.758
69.767
69.775
69.783
69.792
69.8
69.811
69.817
69.827
69.833
69.842
69.85
69.858
69.867
69.875
69.883
69.892
69.9
69.908
69.917
69.925
69.936
69.942
69.952
69.958
69.967
69.975
69.983
69.992
70
70.008
70.017
70.025
70.033
70.045
70.05
70.061
70.067
70.077
70.083
70.092
70.1
70.108
70.117
70.125
70.133
70.142
70.15
70.158
70.17
70.175
70.185
70.192
70.201
70.208
70.217
70.225
70.234
70.242
70.25
70.258
70.267
70.275
70.283
70.294
70.3
70.31
70.317
70.326
70.333
70.342
70.35
70.358
70.367
70.375
70.383
70.392
70.4
70.408
70.419
70.425
70.435
70.442
70.451
70.458
70.467
70.475
70.483
70.492
70.5
70.508
70.517
70.525
70.533
70.544
70.55
70.56
70.567
70.576
70.583
70.592
70.6
70.608
70.617
70.625
70.633
70.642
70.653
70.658
70.669
70.675
70.685
70.692
70.7
70.708
70.717
70.725
70.733
70.742
70.75
70.758
70.767
70.778
70.783
70.794
70.8
70.809
70.817
70.825
70.833
70.842
70.85
70.858
70.867
70.875
70.883
70.892
70.903
70.908
70.918
70.925
70.934
70.942
70.95
70.958
70.967
70.975
70.983
70.992
71
71.008
71.017
71.028
71.033
71.043
71.05
71.059
71.067
71.075
71.083
71.092
71.1
71.108
71.117
71.125
71.133
71.142
71.153
71.158
71.168
71.175
71.184
71.192
71.203
71.211
71.22
71.227
71.233
71.242
71.25
71.258
71.267
71.277
71.283
71.293
71.3
71.308
71.317
71.325
71.333
71.342
71.35
71.358
71.367
71.375
71.383
71.392
71.402
71.408
71.418
71.425
71.433
71.442
71.45
71.458
71.467
71.475
71.483
71.492
71.5
71.508
71.517
71.527
71.533
71.542
71.55
71.559
71.567
71.575
71.583
71.592
71.6
71.608
71.617
71.625
71.633
71.642
71.652
71.658
71.667
71.675
71.683
71.692
71.7
71.708
71.717
71.725
71.733
71.742
71.75
71.761
71.767
71.776
71.783
71.792
71.8
71.808
71.817
71.825
71.833
71.842
71.85
71.858
71.867
71.875
71.886
71.892
71.901
71.908
71.917
71.925
71.933
71.942
71.95
71.958
71.967
71.975
71.983
71.995
72
72.011
72.017
72.026
72.033
72.042
72.05
72.058
72.067
72.075
72.083
72.092
72.1
72.108
72.12
72.125
72.136
72.142
72.151
72.158
72.167
72.175
72.183
72.192
72.2
72.209
72.217
72.225
72.233
72.244
72.25
72.26
72.267
72.276
72.283
72.292
72.3
72.308
72.317
72.325
72.333
72.342
72.35
72.358
72.369
72.375
72.385
72.392
72.4
72.408
72.417
72.425
72.433
72.442
72.45
72.458
72.467
72.475
72.483
72.494
72.5
72.51
72.517
72.525
72.533
72.542
72.55
72.558
72.567
72.575
72.583
72.592
72.603
72.608
72.619
72.625
72.635
72.642
72.65
72.658
72.667
72.675
72.683
72.692
72.7
72.708
72.717
72.725
72.733
72.744
72.75
72.76
72.767
72.775
72.783
72.792
72.8
72.808
72.817
72.825
72.833
72.842
72.853
72.858
72.868
72.875
72.884
72.892
72.9
72.908
72.917
72.925
72.933
72.942
72.95
72.958
72.967
72.978
72.983
72.993
73
73.009
73.017
73.025
73.033
73.042
73.05
73.058
73.067
73.075
73.083
73.092
73.102
73.108
73.119
73.126
73.134
73.143
73.15
73.159
73.167
73.175
73.183
73.192
73.2
73.208
73.217
73.228
73.233
73.243
73.25
73.259
73.267
73.275
73.283
73.292
73.3
73.308
73.317
73.325
73.336
73.342
73.352
73.358
73.368
73.375
73.383
73.392
73.4
73.408
73.417
73.425
73.433
73.442
73.45
73.461
73.467
73.477
73.483
73.492
73.5
73.509
73.517
73.525
73.533
73.542
73.55
73.558
73.567
73.575
73.586
73.592
73.602
73.608
73.617
73.625
73.633
73.642
73.65
73.658
73.667
73.675
73.683
73.692
73.7
73.711
73.717
73.727
73.733
73.742
73.75
73.758
73.767
73.775
73.783
73.792
73.8
73.808
73.817
73.825
73.836
73.842
73.851
73.858
73.867
73.875
73.883
73.892
73.9
73.908
73.917
73.925
73.933
73.942
73.95
73.961
73.967
73.977
73.983
73.992
74
74.009
74.017
74.025
74.033
74.042
74.05
74.058
74.067
74.075
74.085
74.092
74.101
74.108
74.117
74.125
74.133
74.142
74.15
74.158
74.167
74.175
74.183
74.192
74.2
74.21
74.217
74.226
74.233
74.242
74.25
74.258
74.267
74.275
74.283
74.292
74.3
74.308
74.319
74.325
74.335
74.342
74.351
74.358
74.367
74.375
74.383
74.392
74.4
74.408
74.417
74.425
74.433
74.444
74.45
74.46
74.467
74.475
74.483
74.491
74.5
74.51
74.517
74.525
74.533
74.542
74.553
74.558
74.569
74.575
74.585
74.592
74.601
74.609
74.617
74.625
74.633
74.642
74.65
74.658
74.667
74.678
74.683
74.694
74.7
74.709
74.717
74.725
74.733
74.742
74.75
74.758
74.767
74.775
74.783
74.792
74.803
74.808
74.819
74.825
74.834
74.842
74.85
74.858
74.867
74.875
74.883
74.892
74.9
74.908
74.917
74.928
74.933
74.944
74.95
74.959
74.967
74.975
74.983
74.992
75
75.008
75.017
75.025
75.033
75.042
75.053
75.058
75.069
75.075
75.084
75.092
75.1
75.109
75.117
75.125
75.133
75.142
75.15
75.158
75.167
75.178
75.183
75.193
75.2
75.209
75.217
75.225
75.233
75.242
75.25
75.258
75.267
75.275
75.286
75.292
75.302
75.308
75.318
75.325
75.333
75.342
75.35
75.358
75.367
75.375
75.383
75.392
75.4
75.411
75.417
75.427
75.433
75.443
75.45
75.459
75.467
75.476
75.483
75.492
75.5
75.508
75.519
75.53
75.541
75.543
75.557
75.563
75.572
75.575
75.583
75.592
75.6
75.608
75.617
75.625
75.633
75.642
75.65
75.661
75.667
75.677
75.683
75.693
75.7
75.708
75.717
75.725
75.733
75.742
75.75
75.758
75.767
75.775
75.786
75.792
75.801
75.808
75.817
75.825
75.833
75.842
75.85
75.858
75.867
75.875
75.883
75.895
75.9
75.911
75.917
75.926
75.933
75.942
75.95
75.958
75.967
75.975
75.983
75.992
76
76.008
76.02
76.025
76.036
76.042
76.051
76.058
76.067
76.075
76.083
76.092
76.1
76.108
76.117
76.125
76.133
76.145
76.15
76.16
76.167
76.176
76.183
76.192
76.2
76.208
76.217
76.225
76.233
76.242
76.25
76.258
76.269
76.275
76.285
76.292
76.3
76.308
76.317
76.325
76.333
76.342
76.35
76.359
76.367
76.375
76.383
76.394
76.4
76.41
76.417
76.425
76.433
76.442
76.45
76.458
76.467
76.475
76.483
76.492
76.5
76.508
76.519
76.525
76.535
76.542
76.55
76.558
76.567
76.575
76.583
76.592
76.6
76.608
76.617
76.625
76.633
76.644
76.65
76.659
76.667
76.675
76.683
76.692
76.7
76.708
76.717
76.725
76.733
76.742
76.75
76.758
76.769
76.775
76.784
76.792
76.8
76.808
76.817
76.825
76.833
76.842
76.85
76.858
76.867
76.875
76.883
76.893
76.9
76.909
76.917
76.925
76.933
76.942
76.95
76.958
76.967
76.975
76.983
76.992
77.003
77.008
77.018
77.025
77.034
77.042
77.05
77.058
77.067
77.075
77.083
77.092
77.1
77.108
77.117
77.128
77.133
77.143
77.15
77.158
77.167
77.175
77.183
77.192
77.2
77.208
77.217
77.225
77.237
77.242
77.253
77.258
77.268
77.275
77.284
77.292
77.3
77.308
77.317
77.325
77.333
77.342
77.35
77.361
77.367
77.377
77.383
77.392
77.4
77.409
77.417
77.425
77.433
77.442
77.45
77.458
77.467
77.475
77.486
77.492
77.502
77.508
77.517
77.525
77.533
77.542
77.55
77.558
77.567
77.575
77.583
77.592
77.6
77.611
77.617
77.627
77.633
77.642
77.65
77.658
77.667
77.675
77.683
77.692
77.7
77.708
77.717
77.725
77.736
77.742
77.751
77.758
77.767
77.775
77.783
77.792
77.8
77.808
77.817
77.825
77.833
77.845
77.85
77.861
77.867
77.876
77.883
77.892
77.9
77.908
77.917
77.925
77.933
77.942
77.95
77.958
77.967
77.975
77.985
77.992
78.001
78.008
78.017
78.025
78.033
78.042
78.05
78.058
78.067
78.075
78.083
78.095
78.1
78.11
78.117
78.126
78.133
78.142
78.15
78.158
78.167
78.175
78.183
78.192
78.2
78.208
78.219
78.225
78.235
78.242
78.251
78.258
78.267
78.275
78.283
78.292
78.3
78.308
78.317
78.325
78.333
78.344
78.35
78.36
78.367
78.376
78.383
78.392
78.4
78.408
78.417
78.425
78.433
78.442
78.453
78.458
78.469
78.475
78.485
78.492
78.5
78.509
78.517
78.525
78.533
78.542
78.55
78.558
78.567
78.578
78.583
78.594
78.6
78.61
78.617
78.625
78.633
78.642
78.65
78.658
78.667
78.675
78.683
78.692
78.703
78.708
78.718
78.725
78.734
78.742
78.75
78.758
78.767
78.775
78.783
78.792
78.8
78.808
78.817
78.828
78.833
78.843
78.85
78.859
78.867
78.875
78.883
78.892
78.9
78.908
78.917
78.925
78.933
78.942
78.952
78.958
78.968
78.975
78.984
78.992
79
79.01
79.017
79.025
79.033
79.042
79.05
79.058
79.067
79.077
79.083
79.093
79.1
79.108
79.117
79.125
79.133
79.142
79.15
79.158
79.167
79.175
79.183
79.192
79.202
79.208
79.218
79.225
79.233
79.242
79.25
79.258
79.267
79.275
79.283
79.292
79.3
79.308
79.317
79.327
79.333
79.342
79.35
79.358
79.367
79.375
79.383
79.392
79.4
79.408
79.417
79.425
79.433
79.442
79.452
79.458
79.467
79.475
79.483
79.492
79.5
79.508
79.517
79.525
79.533
79.542
79.55
79.561
79.567
79.576
79.583
79.592
79.6
79.609
79.617
79.625
79.633
79.642
79.65
79.658
79.667
79.675
79.686
79.692
79.701
79.708
79.717
79.725
79.733
79.742
79.75
79.758
79.767
79.775
79.783
79.795
79.8
79.811
79.817
79.826
79.833
79.842
79.85
79.858
79.867
79.875
79.883
79.892
79.9
79.908
79.919
79.925
