0.67
0.68
0.68
0.69
0.69
0.7
0.7
0.71
0.71
0.72
0.72
0.73
0.73
0.74
0.74
0.75
0.75
0.76
0.77
0.78
0.79
0.79
0.8
0.81
0.81
0.83
0.84
0.85
0.86
0.87
0.89
0.9
0.91
0.92
0.93
0.95
0.96
0.97
0.97
0.98
0.98
0.99
1
1
1.01
1.02
1.02
1.03
1.04
1.05
1.05
1.07
1.08
1.09
1.1
1.11
1.13
1.14
1.15
1.16
1.17
1.23
1.24
1.25
1.26
1.26
1.27
1.29
1.3
1.31
1.32
1.33
1.35
1.36
1.36
1.37
1.57
1.58
1.59
1.6
1.61
1.61
1.63
1.64
1.65
1.66
1.67
1.67
1.68
1.69
1.73
1.75
1.76
1.77
1.77
1.78
1.79
1.81
1.82
1.83
1.83
1.84
1.85
1.85
1.99
2
2.01
2.01
2.02
2.03
2.05
2.06
2.07
2.07
2.08
2.09
2.14
2.15
2.15
2.17
2.18
2.19
2.2
2.21
2.23
2.24
2.25
2.25
2.26
2.27
2.28
2.29
2.29
2.3
2.3
2.31
2.33
2.34
2.35
2.36
2.37
2.39
2.39
2.4
2.4
2.41
2.41
2.42
2.42
2.43
2.44
2.45
2.46
2.47
2.48
2.49
2.51
2.52
2.53
2.54
2.55
2.55
2.57
2.58
2.59
2.6
2.61
2.62
2.63
2.63
2.64
2.64
2.65
2.65
2.66
2.66
2.67
2.68
2.69
2.69
2.7
2.7
2.71
2.71
2.72
2.72
2.73
2.73
2.74
2.74
2.75
2.75
2.76
2.76
2.77
2.78
2.79
2.79
2.8
2.8
2.81
2.81
2.82
2.82
2.83
2.85
2.86
2.86
2.87
2.87
2.88
2.88
2.89
2.89
2.91
2.92
2.93
2.94
2.95
2.95
2.97
2.98
2.99
3
3.01
3.28
3.29
3.29
3.4
3.41
3.43
3.44
3.45
3.45
3.46
3.46
3.53
3.55
3.56
3.57
3.59
3.6
3.61
3.61
3.62
3.63
3.65
3.66
3.67
3.68
3.68
3.69
3.71
3.72
3.73
3.74
3.75
3.75
3.77
3.78
3.79
3.8
3.81
3.83
3.84
3.85
3.86
3.87
3.87
3.88
3.88
3.89
3.89
3.9
3.9
3.91
3.93
3.94
3.95
3.96
3.97
3.99
4
4.01
4.01
4.02
4.03
4.04
4.05
4.05
4.06
4.06
4.07
4.07
4.08
4.08
4.09
4.1
4.11
4.11
4.12
4.12
4.13
4.13
4.14
4.15
4.15
4.16
4.16
4.17
4.17
4.18
4.18
4.19
4.19
4.2
4.2
4.21
4.21
4.22
4.22
4.23
4.23
4.24
4.25
4.26
4.27
4.28
4.29
4.3
4.3
4.31
4.31
4.32
4.32
4.33
4.33
4.34
4.34
4.35
4.35
4.37
4.38
4.39
4.39
4.4
4.41
4.41
4.42
4.42
4.43
4.44
4.45
4.45
4.46
4.46
4.47
4.47
4.48
4.48
4.49
4.49
4.5
4.5
4.51
4.51
4.52
4.52
4.53
4.53
4.54
4.54
4.55
4.55
4.56
4.56
4.57
4.57
4.58
4.58
4.59
4.59
4.6
4.6
4.61
4.61
4.62
4.62
4.63
4.63
4.64
4.64
4.65
4.65
4.66
4.66
4.67
4.67
4.68
4.68
4.69
4.69
4.7
4.7
4.71
4.71
4.72
4.72
4.73
4.73
4.74
4.74
4.75
4.75
4.76
4.76
4.77
4.77
4.78
4.78
4.79
4.79
4.8
4.8
4.81
4.81
4.82
4.82
4.83
4.83
4.84
4.84
4.85
4.85
4.86
4.86
4.87
4.87
4.88
4.88
4.89
4.89
4.9
4.9
4.91
4.91
4.92
4.92
4.93
4.93
4.94
4.94
4.95
4.95
4.96
4.96
4.97
4.97
4.98
4.98
4.99
4.99
5
5
5.01
5.01
5.02
5.02
5.03
5.03
5.04
5.04
5.05
5.07
5.08
5.09
5.1
5.11
5.11
5.13
5.14
5.15
5.16
5.17
5.18
5.19
5.19
5.2
5.2
5.21
5.21
5.22
5.22
5.23
5.24
5.25
5.25
5.26
5.27
5.28
5.29
5.29
5.3
5.31
5.32
5.33
5.33
5.34
5.35
5.35
5.36
5.36
5.37
5.37
5.38
5.38
5.39
5.39
5.4
5.4
5.41
5.41
5.42
5.42
5.43
5.43
5.44
5.44
5.45
5.45
5.46
5.46
5.47
5.47
5.48
5.48
5.49
5.49
5.5
5.5
5.51
5.51
5.52
5.52
5.53
5.53
5.54
5.54
5.55
5.55
5.56
5.56
5.57
5.57
5.58
5.58
5.59
5.59
5.6
5.61
5.63
5.64
5.65
5.66
5.67
5.67
5.68
5.68
5.69
5.69
5.7
5.7
5.71
5.72
5.72
5.73
5.74
5.75
5.75
5.76
5.76
5.77
5.77
5.78
5.78
5.79
5.79
5.8
5.8
5.81
5.81
5.82
5.82
5.83
5.83
5.84
5.84
5.85
5.85
5.86
5.86
5.87
5.87
5.88
5.88
5.89
5.89
5.9
5.9
5.91
5.91
5.92
5.92
5.93
5.93
5.94
5.94
5.95
5.97
5.98
5.99
6
6.01
6.01
6.03
6.04
6.05
6.06
6.07
6.07
6.09
6.1
6.11
6.12
6.12
6.13
6.15
6.16
6.17
6.17
6.18
6.18
6.19
6.2
6.2
6.21
6.22
6.22
6.23
6.23
6.24
6.24
6.25
6.25
6.26
6.26
6.27
6.27
6.28
6.28
6.29
6.29
6.3
6.3
6.31
6.31
6.32
6.32
6.33
6.33
6.34
6.34
6.35
6.35
6.36
6.36
6.37
6.37
6.38
6.38
6.39
6.39
6.4
6.4
6.41
6.41
6.42
6.42
6.43
6.43
6.44
6.44
6.45
6.45
6.46
6.46
6.47
6.47
6.48
6.48
6.49
6.49
6.5
6.5
6.51
6.51
6.52
6.52
6.53
6.53
6.54
6.54
6.55
6.55
6.56
6.56
6.57
6.57
6.58
6.58
6.59
6.59
6.6
6.6
6.61
6.61
6.62
6.62
6.63
6.72
6.73
6.73
6.74
6.74
6.75
6.75
6.76
6.76
6.77
6.77
6.78
6.78
6.79
6.8
6.81
6.82
6.82
6.83
6.84
6.85
6.85
6.86
6.86
6.87
6.87
6.88
6.88
6.89
6.89
6.9
6.91
6.91
6.92
6.92
6.93
6.93
6.94
6.94
6.95
6.97
6.98
6.99
7
7.01
7.03
7.04
7.05
7.05
7.06
7.07
7.09
7.1
7.11
7.11
7.13
7.14
7.15
7.16
7.16
7.17
7.19
7.2
7.2
7.21
7.21
7.22
7.23
7.25
7.26
7.27
7.27
7.28
7.29
7.29
7.31
7.32
7.33
7.34
7.35
7.35
7.37
7.38
7.39
7.4
7.41
7.43
7.44
7.45
7.45
7.46
7.47
7.48
7.48
7.49
7.5
7.5
7.51
7.51
7.52
7.52
7.53
7.53
7.54
7.54
7.55
7.55
7.56
7.56
7.57
7.57
7.58
7.58
7.59
7.59
7.6
7.6
7.61
7.61
7.62
7.62
7.63
7.63
7.64
7.64
7.65
7.65
7.66
7.67
7.67
7.68
7.68
7.69
7.69
7.7
7.7
7.71
7.71
7.72
7.72
7.73
7.73
7.74
7.74
7.75
7.75
7.76
7.76
7.77
7.77
7.78
7.78
7.79
7.79
7.8
7.8
7.81
7.81
7.82
7.82
7.83
7.84
7.85
7.85
7.86
7.87
7.88
7.88
7.89
7.89
7.9
7.9
7.91
7.91
7.92
7.92
7.93
7.93
7.94
7.94
7.95
7.95
7.96
7.96
7.97
7.97
7.98
7.98
7.99
7.99
8
8
8.01
8.01
8.02
8.02
8.03
8.03
8.04
8.04
8.05
8.05
8.06
8.06
8.07
8.07
8.08
8.08
8.09
8.09
8.1
8.1
8.11
8.11
8.12
8.12
8.13
8.13
8.14
8.14
8.15
8.15
8.16
8.16
8.17
8.17
8.18
8.19
8.19
8.2
8.2
8.21
8.21
8.22
8.22
8.23
8.23
8.24
8.24
8.25
8.26
8.26
8.27
8.27
8.28
8.28
8.29
8.3
8.31
8.31
8.32
8.32
8.33
8.33
8.34
8.34
8.35
8.35
8.36
8.37
8.37
8.38
8.38
8.39
8.41
8.47
8.48
8.49
8.49
8.5
8.51
8.52
8.56
8.78
8.79
8.8
8.8
8.81
8.81
8.82
8.82
8.83
8.84
21.66
21.67
21.67
21.68
21.68
21.69
21.69
21.7
21.7
21.71
21.72
21.73
21.73
21.74
21.74
21.75
21.75
21.76
21.76
21.77
21.78
21.79
21.79
21.8
21.8
21.81
21.81
21.82
21.82
21.83
21.84
21.85
21.85
21.86
21.86
21.87
21.87
21.88
21.88
21.89
21.89
21.9
21.9
21.91
21.91
21.92
21.92
21.93
21.93
21.94
21.94
21.95
21.95
21.96
21.96
21.97
21.97
21.98
21.98
21.99
21.99
22
22
22.01
22.03
22.04
22.05
22.06
22.07
22.07
22.09
22.1
22.1
22.11
22.12
22.13
22.15
22.16
22.17
22.17
22.18
22.19
22.2
22.21
22.22
22.22
22.23
22.23
22.25
22.26
22.27
22.28
22.29
22.31
22.32
22.33
22.4
22.41
22.41
22.43
22.44
22.56
22.57
22.57
22.58
22.58
22.59
22.95
22.96
22.96
22.97
22.97
22.98
22.98
22.99
22.99
23
23
23.01
23.01
23.02
23.02
23.03
23.03
23.04
23.04
23.05
23.05
23.06
23.06
23.07
23.07
23.08
23.08
23.09
23.09
23.1
23.1
23.11
23.11
23.12
23.12
23.13
23.13
23.14
23.14
23.15
23.15
23.16
23.16
23.17
23.17
23.18
23.18
23.19
23.19
23.2
23.2
23.21
23.21
23.22
23.22
23.23
23.23
23.24
23.24
23.25
23.25
23.26
23.26
23.27
23.27
23.28
23.58
23.59
23.6
23.6
23.61
23.61
23.62
23.62
23.63
23.64
23.65
23.65
23.66
23.66
23.67
23.73
23.74
23.74
23.75
23.75
23.76
23.76
23.77
23.77
23.78
23.78
23.79
23.79
23.8
23.8
23.81
23.81
23.82
23.82
23.83
23.83
23.84
23.84
23.85
23.85
23.86
23.86
23.87
23.87
23.88
23.88
23.89
23.89
23.9
23.9
23.91
23.91
23.92
23.92
23.93
23.93
23.94
23.94
23.95
23.95
23.96
23.96
23.97
23.97
23.98
23.98
23.99
23.99
24
24
24.01
24.01
24.02
24.02
24.03
24.03
24.04
24.04
24.05
24.05
24.06
24.06
24.07
24.07
24.08
24.08
24.09
24.09
24.1
24.1
24.11
24.11
24.12
24.12
24.13
24.13
24.14
24.14
24.15
24.15
24.16
24.16
24.17
24.17
24.18
24.18
24.19
24.19
24.2
24.2
24.21
24.21
24.22
24.22
24.23
24.23
24.24
24.24
24.25
24.25
24.26
24.26
24.27
24.27
24.28
24.28
24.29
24.29
24.3
24.3
24.31
24.31
24.32
24.33
24.33
24.34
24.34
24.35
24.35
24.36
24.36
24.37
24.37
24.38
24.39
24.4
24.41
24.41
24.42
24.43
24.44
24.45
24.46
24.46
24.47
24.48
24.48
24.49
24.49
24.5
24.5
24.51
24.51
24.52
24.52
24.53
24.53
24.54
24.54
24.55
24.55
24.56
24.56
24.57
24.57
24.58
24.58
24.59
24.59
24.6
24.6
24.61
24.61
24.62
24.62
24.63
24.63
24.64
24.64
24.65
24.65
24.66
24.66
24.67
24.67
24.68
24.68
24.69
24.69
24.7
24.7
24.71
24.71
24.72
24.72
24.73
24.73
24.74
24.74
24.75
24.75
24.76
24.76
24.77
24.77
24.78
24.78
24.79
24.79
24.8
24.8
24.81
24.81
24.82
24.82
24.83
24.83
24.84
24.84
24.85
24.85
24.86
24.86
24.87
24.87
24.88
24.88
24.89
24.89
24.9
24.9
24.91
24.91
24.92
24.92
24.93
24.93
24.94
24.94
24.95
24.95
24.96
24.97
24.99
25
25.01
25.02
25.03
25.03
25.04
25.05
25.05
25.06
25.07
25.08
25.08
25.09
25.11
25.12
25.13
25.13
25.15
25.16
25.72
25.73
25.73
25.74
25.74
25.75
25.75
25.76
25.76
25.77
25.77
25.78
25.78
25.79
25.79
25.8
25.8
25.81
25.81
25.82
25.82
25.83
25.83
25.84
25.84
25.85
25.85
25.86
25.86
25.87
25.87
25.88
25.88
25.89
25.89
25.9
25.9
25.91
25.92
25.92
25.93
25.93
25.94
25.94
25.95
25.95
25.97
25.98
25.99
25.99
26
26
26.01
26.01
26.02
26.03
26.04
26.04
26.05
26.06
26.06
26.07
26.08
26.08
26.09
26.09
26.1
26.11
26.12
26.13
26.13
26.14
26.14
26.15
26.15
26.16
26.16
26.17
26.17
26.18
26.18
26.19
26.19
26.2
26.2
26.21
26.21
26.22
26.22
26.23
26.23
26.24
26.24
26.25
26.25
26.26
26.26
26.27
26.27
26.28
26.28
26.29
26.29
26.3
26.3
26.31
26.31
26.32
26.32
26.33
26.33
26.34
26.34
26.35
26.35
26.36
26.36
26.37
26.37
26.38
26.38
26.39
26.39
26.4
26.4
26.41
26.41
26.42
26.42
26.43
26.43
26.44
26.44
26.45
26.45
26.46
26.46
26.47
26.47
26.48
26.48
26.49
26.49
26.5
26.5
26.51
26.51
26.52
26.52
26.53
26.53
26.54
26.54
26.55
26.55
26.56
26.56
26.57
26.57
26.58
26.58
26.59
26.59
26.6
26.6
26.61
26.61
26.62
26.62
26.63
26.63
26.64
26.64
26.65
26.65
26.66
26.66
26.67
26.67
26.68
26.68
26.69
26.69
26.7
26.7
26.71
26.71
26.72
26.72
26.73
26.73
26.74
26.74
26.75
26.77
26.78
26.79
26.79
26.8
26.81
26.81
26.82
26.83
26.84
26.84
26.85
26.86
26.86
26.87
26.87
26.88
26.89
26.89
26.9
26.9
26.91
26.91
26.92
26.92
26.93
26.95
26.96
26.97
26.98
26.98
26.99
27
27.01
27.01
27.02
27.02
27.03
27.03
27.04
27.04
27.05
27.07
27.08
27.09
27.1
27.1
27.11
27.11
27.12
27.12
27.13
27.14
27.14
27.15
27.16
27.16
27.17
27.17
27.18
27.18
27.19
27.19
27.2
27.2
27.21
27.21
27.23
27.24
27.25
27.26
27.27
27.27
27.28
27.28
27.29
27.29
27.3
27.3
27.31
27.33
27.34
27.35
27.36
27.37
27.37
27.38
27.39
27.4
27.41
27.42
27.42
27.43
27.43
27.44
27.44
27.45
27.45
27.46
27.46
27.47
27.47
27.48
27.48
27.49
27.49
27.5
27.5
27.51
27.51
27.52
27.52
27.53
27.53
27.54
27.54
27.55
27.55
27.56
27.56
27.57
27.57
27.58
27.58
27.59
27.59
27.6
27.6
27.61
27.61
27.62
27.62
27.63
27.63
27.64
27.64
27.65
27.65
27.66
27.66
27.67
27.67
27.68
27.68
27.69
27.69
27.7
27.7
27.71
27.71
27.72
27.72
27.73
27.73
27.74
27.74
27.75
27.75
27.76
27.77
27.78
27.78
27.79
27.79
27.8
27.8
27.81
27.81
27.82
27.82
27.83
27.83
27.84
27.84
27.85
27.85
27.86
27.86
27.87
27.87
27.88
27.88
27.89
27.89
27.9
27.9
27.91
27.91
27.92
27.92
27.93
27.93
27.95
27.96
27.97
27.98
27.99
27.99
28
28.01
28.02
28.02
28.03
28.04
28.04
28.05
28.06
28.06
28.07
28.08
28.08
28.09
28.09
28.1
28.1
28.11
28.11
28.12
28.12
28.13
28.13
28.14
28.14
28.15
28.15
28.16
28.16
28.17
28.17
28.18
28.18
28.19
28.19
28.2
28.2
28.21
28.21
28.22
28.22
28.23
28.23
28.24
28.24
28.25
28.25
28.26
28.26
28.27
28.27
28.28
28.28
28.29
28.29
28.3
28.3
28.31
28.31
28.32
28.32
28.33
28.33
28.34
28.34
28.35
28.35
28.36
28.36
28.37
28.37
28.38
28.38
28.39
28.39
28.4
28.4
28.41
28.41
28.42
28.42
28.43
28.43
28.44
28.44
28.45
28.45
28.46
28.46
28.47
28.47
28.48
28.48
28.49
28.49
28.5
28.5
28.51
28.51
28.52
28.52
28.53
28.53
28.54
28.54
28.55
28.55
28.56
28.56
28.57
28.57
28.58
28.58
28.59
28.59
28.6
28.6
28.61
28.61
28.62
28.62
28.63
28.63
28.64
28.65
28.66
28.66
28.67
28.67
28.68
28.68
28.69
28.69
28.7
28.7
28.71
28.71
28.72
28.72
28.73
28.73
28.74
28.74
28.75
28.76
28.76
28.77
28.78
28.78
28.79
28.8
28.81
28.82
28.82
28.83
28.84
28.84
28.85
28.86
28.87
28.88
28.89
28.89
28.9
28.91
28.92
28.93
28.94
28.94
28.95
28.95
28.96
28.96
28.97
28.97
28.98
28.99
29
29
29.01
29.02
29.02
29.03
29.04
29.04
29.05
29.05
29.06
29.07
29.08
29.08
29.09
29.09
29.1
29.1
29.11
29.11
29.12
29.13
29.14
29.14
29.15
29.15
29.16
29.16
29.17
29.17
29.18
29.18
29.19
29.19
29.2
29.2
29.21
29.21
29.22
29.22
29.23
29.23
29.24
29.24
29.25
29.25
29.26
29.26
29.27
29.27
29.28
29.28
29.29
29.43
29.44
29.44
29.45
29.47
29.48
29.48
29.49
29.49
29.5
29.5
29.51
29.51
29.52
29.83
29.84
29.84
29.85
29.86
29.87
29.88
29.88
29.89
29.9
29.91
29.92
29.93
29.93
29.94
29.94
29.95
29.96
29.97
29.98
29.98
29.99
29.99
30
30
30.01
30.01
30.02
30.03
30.04
30.05
30.06
30.07
30.08
30.09
30.09
30.1
30.11
30.12
30.12
30.13
30.14
30.14
30.15
30.16
30.17
30.2
30.21
30.22
30.22
30.23
30.23
30.24
30.24
30.25
30.25
30.26
30.26
30.27
30.28
30.28
30.29
30.29
30.3
30.3
30.31
30.31
30.32
30.32
30.33
30.33
30.34
30.38
30.39
30.39
30.4
30.4
30.41
30.41
30.42
30.42
30.43
30.45
30.46
30.47
30.48
30.49
30.49
30.5
30.51
30.52
30.53
30.54
30.54
30.55
30.55
30.56
30.56
30.57
30.57
30.61
30.62
30.63
30.64
30.64
30.65
30.67
30.68
30.69
30.7
30.71
30.72
30.73
30.73
30.75
30.76
30.77
30.78
30.79
30.79
30.8
30.81
30.81
30.82
30.83
30.84
30.85
30.87
30.88
30.89
30.89
30.91
30.92
30.93
30.94
30.95
30.97
30.98
30.99
31
31.01
31.03
31.04
31.05
31.05
31.06
31.07
31.09
31.1
31.11
31.12
31.13
31.13
31.15
31.16
31.17
31.18
31.19
31.21
31.22
31.23
31.24
31.25
31.27
31.28
31.29
31.29
31.3
31.3
31.31
31.33
31.34
31.35
31.36
31.37
31.37
31.38
31.39
31.39
31.4
31.4
31.41
31.41
31.42
31.42
31.43
31.44
31.45
31.45
31.46
31.46
31.47
31.47
31.48
31.48
31.49
31.5
31.51
31.51
31.52
31.52
31.53
31.53
31.54
31.54
31.55
31.56
31.57
31.58
31.59
31.59
31.6
31.61
31.61
31.62
31.62
31.63
31.63
31.64
31.64
31.65
31.65
31.66
31.66
31.67
31.68
31.69
31.7
31.7
31.71
31.72
31.73
31.73
31.74
31.74
31.75
31.77
31.77
31.78
31.78
31.79
31.8
31.8
31.81
31.82
31.82
31.83
31.84
31.85
31.85
31.86
31.87
31.88
31.89
31.9
31.9
31.91
31.91
31.92
31.92
31.93
31.93
31.94
31.94
31.95
31.95
31.96
31.96
31.97
31.97
31.98
31.98
31.99
31.99
32
32
32.01
32.01
32.02
32.02
32.03
32.03
32.04
32.04
32.05
32.05
32.06
32.06
32.07
32.07
32.08
32.08
32.09
32.09
32.1
32.1
32.11
32.11
32.12
32.12
32.13
32.13
32.14
32.14
32.15
32.15
32.16
32.16
32.17
32.17
32.18
32.18
32.19
32.19
32.2
32.2
32.21
32.21
32.22
32.22
32.23
32.23
32.24
32.24
32.25
32.25
32.26
32.26
32.27
32.27
32.28
32.28
32.29
32.29
32.3
32.3
32.31
32.31
32.32
32.32
32.33
32.33
32.34
32.34
32.35
32.35
32.36
32.36
32.37
32.37
32.38
32.38
32.39
32.39
32.4
32.4
32.41
32.41
32.42
32.42
32.43
32.43
32.44
32.44
32.45
32.45
32.46
32.46
32.47
32.47
32.48
32.48
32.49
32.49
32.5
32.5
32.51
32.52
32.52
32.53
32.54
32.55
32.56
32.57
32.57
32.59
32.6
32.61
32.62
32.63
32.64
32.65
32.65
32.66
32.66
32.67
32.67
32.68
32.68
32.69
32.69
32.7
32.7
32.71
32.71
32.72
32.72
32.73
32.73
32.74
32.74
32.75
32.75
32.76
32.76
32.77
32.77
32.78
32.78
32.79
32.79
32.8
32.8
32.81
32.81
32.82
32.82
32.83
32.83
32.84
32.84
32.85
32.85
32.86
32.86
32.87
32.93
32.94
32.94
32.95
32.95
32.96
32.96
32.97
32.97
32.98
32.98
32.99
32.99
33
33
33.01
33.09
33.1
33.1
33.11
33.11
33.12
33.12
33.13
33.13
33.14
33.14
33.15
33.15
33.16
33.16
33.17
33.17
33.18
33.18
33.19
33.2
33.2
33.21
33.21
33.22
33.22
33.23
33.23
33.24
33.24
33.25
33.32
33.32
33.33
33.34
33.35
33.36
33.37
33.37
33.38
33.39
33.4
33.41
33.42
33.43
33.49
33.5
33.5
33.51
33.51
33.52
33.52
33.53
33.53
33.54
33.54
33.55
33.55
33.56
33.56
33.57
33.57
33.58
33.58
33.59
33.59
33.6
33.6
33.61
33.61
33.62
33.62
33.63
33.63
33.64
33.64
33.65
33.65
33.66
33.66
33.67
33.7
33.71
33.71
33.72
33.72
33.73
33.73
33.74
33.74
33.75
33.75
33.76
33.76
33.77
33.78
33.79
33.79
33.8
33.8
33.81
33.81
33.82
33.82
33.83
33.83
33.84
33.84
33.85
33.85
33.86
33.86
33.87
33.87
33.88
33.88
33.89
33.89
33.9
33.9
33.91
33.91
33.92
33.92
33.93
33.93
33.94
33.94
33.95
33.95
33.96
33.96
33.97
33.97
33.98
33.98
33.99
33.99
34
34
34.01
34.01
34.02
34.02
34.03
34.03
34.04
34.04
34.05
34.05
34.06
34.06
34.07
34.07
34.08
34.08
34.09
34.1
34.1
34.11
34.12
34.12
34.13
34.13
34.14
34.14
34.15
34.15
34.16
34.16
34.17
34.18
34.19
34.19
34.2
34.2
34.21
34.21
34.22
34.23
34.24
34.25
34.26
34.27
34.28
34.29
34.3
34.31
34.32
34.33
34.33
34.34
34.34
34.35
34.36
34.36
34.39
34.4
34.4
34.41
34.41
34.42
34.56
34.57
34.57
34.58
34.59
34.6
34.61
34.62
34.63
34.64
34.64
34.65
34.68
34.69
34.7
34.71
34.72
34.75
34.76
34.76
34.77
34.77
34.78
34.78
34.79
34.79
34.8
34.8
34.81
34.81
34.82
34.82
34.83
34.83
34.84
34.84
34.85
34.85
34.86
34.86
34.87
34.87
34.88
34.89
34.89
34.9
34.9
34.91
34.91
34.92
34.92
34.93
34.93
34.94
34.94
34.95
34.98
34.99
34.99
35
35
35.01
35.02
35.03
35.03
35.04
35.05
35.05
35.06
35.06
35.07
35.07
35.08
35.08
35.09
35.09
35.1
35.11
35.13
35.14
35.14
35.15
35.15
35.16
35.17
35.18
35.19
35.24
35.25
35.26
35.27
35.27
35.28
35.29
35.3
35.31
35.32
35.32
35.33
35.34
35.72
35.73
35.73
35.74
35.74
35.75
35.79
35.8
35.8
35.81
35.81
35.82
35.82
35.83
35.89
35.9
35.9
35.91
35.91
35.92
35.92
35.93
35.93
35.94
35.94
35.95
35.95
35.96
35.96
35.97
35.97
35.98
35.98
35.99
35.99
36
36
36.01
36.01
36.02
36.02
36.03
36.03
36.04
36.04
36.05
36.05
36.06
36.06
36.07
36.07
36.08
36.08
36.09
36.09
36.1
36.1
36.11
36.11
36.12
36.12
36.13
36.13
36.14
36.14
36.15
36.15
36.16
36.16
36.17
36.18
36.18
36.19
36.2
36.21
36.22
36.23
36.23
36.24
36.24
36.25
36.25
36.32
36.33
36.33
36.34
36.34
36.35
36.35
36.36
36.46
36.47
36.48
36.49
36.8
36.81
36.81
36.82
36.82
36.83
36.83
36.84
36.84
36.85
36.85
36.86
36.86
36.87
36.87
36.88
36.88
36.89
36.89
36.9
36.9
36.91
36.91
36.92
36.92
37.45
37.46
37.46
37.47
37.48
37.49
37.49
37.5
37.51
37.52
37.52
37.53
37.54
37.55
37.56
37.57
37.58
37.59
37.59
37.6
37.6
37.61
37.61
37.62
37.62
37.63
37.63
37.64
37.64
37.65
37.65
37.66
37.66
37.67
37.67
37.68
37.68
37.69
37.69
37.7
37.7
37.71
37.71
37.72
37.72
37.73
37.73
37.74
37.74
37.75
37.75
37.76
37.76
37.77
37.77
37.78
37.78
37.79
37.79
37.81
37.82
37.83
37.84
37.85
37.85
37.86
37.86
37.87
37.88
37.88
37.89
37.9
37.91
37.92
37.93
37.93
37.94
37.95
37.96
37.96
37.97
37.98
37.99
37.99
38
38.01
38.01
38.02
38.02
38.03
38.04
38.04
38.05
38.05
38.06
38.06
38.07
38.07
38.08
38.08
38.09
38.09
38.1
38.1
38.11
38.11
38.12
38.12
38.13
38.13
38.14
38.14
38.15
38.15
38.16
38.16
38.17
38.17
38.18
38.18
38.19
38.19
38.2
38.2
38.21
38.21
38.22
38.22
38.23
38.23
38.24
38.24
38.25
38.25
38.26
38.26
38.27
38.27
38.28
38.28
38.29
38.29
38.3
38.3
38.31
38.31
38.32
38.32
38.33
38.33
38.34
38.34
38.35
38.35
38.36
38.36
38.37
38.37
38.38
38.38
38.39
38.39
38.4
38.4
38.41
38.41
38.42
38.42
38.43
38.43
38.44
38.44
38.45
38.45
38.46
38.46
38.47
38.47
38.48
38.48
38.49
38.5
38.5
38.51
38.51
38.52
38.52
38.53
38.54
38.54
38.55
38.56
38.56
38.57
38.57
38.58
38.58
38.59
39.4
39.41
39.41
39.42
41.9
41.91
41.91
41.92
41.92
41.93
41.93
41.94
41.94
41.95
41.95
41.96
41.96
41.97
41.97
41.98
41.98
41.99
41.99
42
42
42.01
42.01
42.02
42.02
42.03
42.03
42.04
42.04
42.05
42.05
42.06
42.06
42.07
42.07
42.08
42.08
42.09
42.09
42.1
42.1
42.11
42.11
42.12
42.12
42.13
42.13
42.14
42.14
42.15
42.15
42.16
42.16
42.17
42.17
42.18
42.18
42.19
42.19
42.2
42.2
42.21
42.21
42.22
42.23
42.24
42.25
42.26
42.27
42.28
42.29
42.29
42.3
42.31
42.31
42.32
42.32
42.33
42.33
42.34
42.34
42.35
42.35
42.36
42.37
42.37
42.38
42.38
42.39
42.39
42.4
42.4
42.41
42.41
42.42
42.42
42.43
42.43
42.44
42.44
42.45
43.46
43.47
43.47
43.48
43.48
43.49
43.5
43.51
43.51
43.52
43.52
43.53
43.53
43.54
43.54
43.55
43.55
43.56
43.56
43.57
43.57
43.58
43.59
43.6
43.61
43.61
43.62
43.62
43.63
43.64
43.65
43.66
43.67
43.67
43.68
43.69
43.69
43.7
43.7
43.71
43.71
43.72
43.72
43.73
43.73
43.74
43.74
43.75
43.75
43.76
43.76
43.77
43.78
43.79
43.79
43.8
43.8
43.81
43.81
43.82
43.82
43.83
43.83
43.84
43.87
43.88
43.88
43.89
43.89
43.9
43.9
43.91
43.93
43.94
43.94
43.95
43.95
43.96
43.96
43.97
43.97
43.98
43.98
43.99
43.99
44
44.03
44.04
44.04
44.05
44.05
44.06
44.07
44.08
44.08
44.09
44.09
44.1
44.1
44.11
44.11
44.12
44.12
44.13
44.13
44.14
44.14
44.15
44.15
44.16
44.16
44.17
44.18
44.19
44.19
44.2
44.2
44.21
44.21
44.22
44.22
44.23
44.23
44.24
44.36
44.37
44.37
44.38
44.38
44.39
44.39
44.4
44.4
44.41
44.41
44.42
44.42
44.43
44.44
44.45
44.45
44.46
44.46
44.47
44.48
44.49
44.5
44.51
44.52
44.53
44.54
44.54
44.55
44.55
44.56
44.57
44.57
44.58
44.58
44.59
44.59
44.6
44.6
44.61
44.61
44.62
44.62
44.63
44.63
44.64
44.64
44.65
44.65
44.66
44.66
44.67
44.67
44.68
44.68
44.69
44.69
44.7
44.7
44.71
44.71
44.72
44.72
44.73
44.73
44.74
44.74
44.75
44.75
44.76
44.76
44.77
44.77
44.78
44.78
44.79
44.79
44.8
44.8
44.81
44.81
44.82
44.82
44.83
44.83
44.84
44.84
44.85
44.85
44.86
44.86
44.87
44.87
44.88
44.88
44.89
44.89
44.9
44.9
44.91
44.91
44.92
44.92
44.93
44.93
44.94
44.94
44.95
44.95
44.96
44.97
44.98
44.99
45
45
45.01
45.01
45.02
45.03
45.03
45.04
45.04
45.05
45.05
45.06
45.07
45.07
45.08
45.08
45.09
45.09
45.1
45.1
45.11
45.11
45.12
45.12
45.13
45.13
45.14
45.14
45.15
45.15
45.16
45.16
45.17
45.17
45.18
45.18
45.19
45.19
45.2
45.2
45.21
45.21
45.22
45.22
45.23
45.23
45.24
45.24
45.25
45.25
45.26
45.26
45.27
45.28
45.29
45.29
45.3
45.3
45.31
45.31
45.32
45.32
45.33
45.33
45.34
45.34
45.35
45.35
45.36
45.36
45.37
45.37
45.38
45.38
45.39
45.39
45.4
45.4
45.41
45.41
45.42
45.42
45.43
45.43
45.44
45.44
45.45
45.45
45.46
45.46
45.47
45.47
45.48
45.48
45.49
45.5
45.51
45.51
45.52
45.52
45.53
45.54
45.55
45.55
45.56
45.56
45.57
45.58
45.59
45.59
45.6
45.6
45.61
45.61
45.62
45.62
45.63
45.63
45.64
45.64
45.65
45.66
45.67
45.67
45.68
45.68
45.69
45.7
45.71
45.71
45.72
45.72
45.73
45.73
45.74
45.74
45.75
45.75
45.76
45.76
45.77
45.77
45.78
45.78
45.79
45.79
45.8
45.8
45.81
45.81
45.82
45.82
45.83
45.83
45.84
45.85
45.86
45.86
45.87
45.87
45.88
45.89
45.9
45.91
45.91
45.92
45.93
45.93
45.94
45.95
45.96
45.96
45.97
45.98
45.98
45.99
45.99
46
46
46.01
46.01
46.03
46.04
46.05
46.06
46.07
46.07
46.09
46.1
46.11
46.12
46.13
46.15
46.16
46.17
46.17
46.18
46.19
46.2
46.2
46.21
46.22
46.23
46.25
46.26
46.27
46.28
46.29
46.31
46.32
46.33
46.33
46.34
46.35
46.37
46.38
46.39
46.39
46.4
46.41
46.41
46.42
46.42
46.43
46.44
46.44
46.45
46.46
46.47
46.47
46.49
46.5
46.51
46.52
46.53
46.55
46.56
46.57
46.57
46.59
46.6
46.61
46.62
46.63
46.65
46.66
46.67
46.68
46.69
46.71
46.72
46.73
46.73
46.74
46.75
46.76
46.77
46.78
46.78
46.79
46.79
46.8
46.8
46.81
46.81
46.82
46.82
46.83
46.84
46.84
46.85
46.85
46.87
46.88
46.89
46.89
46.9
46.9
46.91
46.93
46.94
46.95
46.97
46.98
46.99
47
47.01
47.03
47.04
47.05
47.05
47.06
47.07
47.08
47.09
47.1
47.11
47.12
47.13
47.13
47.14
47.15
47.16
47.17
47.18
47.19
47.19
47.2
47.21
47.22
47.23
47.24
47.24
47.25
47.26
47.26
47.27
47.28
47.28
47.29
47.29
47.3
47.3
47.31
47.32
47.32
47.33
47.34
47.34
47.35
47.36
47.36
47.37
47.37
47.38
47.38
47.39
47.4
47.4
47.41
47.42
47.42
47.43
47.43
47.44
47.44
47.45
47.45
47.46
47.47
47.48
47.48
47.49
47.5
47.5
47.54
47.55
47.56
47.56
47.57
47.58
52.06
52.07
52.08
52.08
52.09
52.1
53.66
53.67
53.67
53.69
53.7
53.71
53.72
53.73
53.75
53.76
53.77
53.77
53.78
53.78
53.79
53.81
53.82
53.83
54.57
55.33
55.34
55.34
55.35
55.39
55.4
55.41
55.43
55.44
55.45
55.46
55.47
55.48
55.49
55.5
55.5
55.51
55.52
55.52
55.53
55.55
55.56
55.57
55.57
55.58
55.58
55.59
56.8
56.81
57.11
57.12
57.13
57.14
57.15
57.16
57.17
57.21
57.26
57.27
58.37
58.38
58.39
58.39
58.4
58.41
58.41
58.42
58.43
58.44
58.45
58.46
58.47
58.49
58.5
58.51
58.52
58.53
58.55
58.56
58.57
58.57
58.58
58.59
58.61
58.62
58.63
58.63
58.64
58.64
58.65
58.65
58.66
58.67
58.68
58.69
58.7
58.7
58.77
58.79
58.79
58.8
58.8
58.81
58.81
58.82
58.82
58.83
58.85
58.86
58.87
58.87
58.88
58.89
58.89
58.91
58.92
58.93
58.94
58.95
58.95
58.97
58.98
58.99
59
59.01
59.03
59.04
59.05
59.05
59.06
59.06
59.07
59.09
59.1
59.11
59.11
59.12
59.12
59.13
59.13
59.14
59.15
59.16
59.17
59.19
59.2
59.21
59.21
59.22
59.22
59.23
59.24
59.25
59.26
59.26
59.27
59.27
59.28
59.29
59.29
59.31
59.32
59.33
59.34
59.35
59.37
59.38
59.39
59.4
59.41
59.42
59.42
59.43
59.44
59.45
59.45
59.46
59.47
59.48
59.49
59.5
59.51
59.52
59.53
59.53
59.54
59.55
59.56
59.56
59.57
59.57
59.58
59.58
59.59
59.6
59.6
59.61
59.61
59.62
59.62
59.63
59.64
59.64
59.65
59.65
59.66
59.67
59.68
59.69
59.69
59.7
59.71
59.72
59.73
59.74
59.74
59.75
59.75
59.76
59.77
59.78
59.79
59.8
59.81
59.85
59.86
59.86
59.87
59.88
59.88
59.89
59.9
59.9
59.91
59.91
59.92
59.92
59.93
59.93
59.94
59.94
59.95
59.95
59.96
59.96
59.97
59.97
59.98
59.98
59.99
59.99
60
60
60.01
60.01
60.02
60.02
60.03
60.03
60.04
60.04
60.05
60.05
60.06
60.06
60.07
60.07
60.08
60.08
60.09
60.09
60.1
60.1
60.11
60.11
60.12
60.13
60.14
60.15
60.16
60.17
60.17
60.18
60.18
60.19
60.2
60.2
60.21
60.22
60.22
60.23
60.24
60.25
60.25
60.26
60.26
60.27
60.28
60.28
60.29
60.3
60.3
60.31
60.31
60.32
60.33
60.33
60.34
60.35
60.36
60.39
60.4
60.41
60.58
60.59
60.59
60.6
61.51
61.52
61.52
61.53
61.53
61.54
61.54
61.86
61.87
61.88
61.88
61.89
61.9
61.91
61.92
61.92
61.93
61.93
61.94
61.94
61.95
61.95
61.96
61.97
61.99
62
62.01
62.01
62.02
62.02
62.03
62.11
62.12
62.13
62.14
62.14
62.15
62.15
62.16
62.16
62.17
62.17
62.18
63.25
63.26
63.26
63.27
63.27
63.28
63.28
63.29
63.29
63.3
63.3
63.31
63.31
63.32
63.32
63.33
63.33
63.34
63.34
63.35
63.35
63.36
63.36
63.37
63.37
63.38
63.38
63.39
63.39
63.4
63.4
63.41
63.41
63.42
63.42
63.43
63.43
63.44
63.44
63.45
63.45
63.46
63.46
63.47
63.47
63.48
63.48
63.49
63.49
63.5
63.5
63.51
63.51
63.52
63.53
63.53
63.54
63.54
63.55
63.55
63.56
63.56
63.57
63.57
63.58
63.59
63.6
63.61
63.62
63.62
63.63
63.64
63.65
63.66
63.67
63.67
63.68
63.69
63.69
63.7
63.71
63.71
63.72
63.72
63.73
63.74
63.74
63.75
63.76
63.77
63.77
63.78
63.78
63.79
63.79
63.8
63.8
63.81
63.81
63.82
63.82
63.83
63.83
63.84
63.84
63.85
63.85
63.86
63.86
63.87
63.87
63.88
63.88
63.89
63.89
63.9
63.9
63.91
63.91
63.92
63.92
63.93
63.93
63.94
63.94
63.95
63.95
63.96
63.96
63.97
63.97
63.98
63.98
63.99
63.99
64
64
64.01
64.01
64.02
64.02
64.03
64.03
64.04
64.04
64.05
64.05
64.06
64.06
64.07
64.07
64.08
64.08
64.09
64.09
64.1
64.1
64.11
64.12
64.13
64.13
64.14
64.14
64.15
64.15
64.16
64.16
64.17
64.17
64.18
64.18
64.19
64.19
64.2
64.2
64.21
64.21
64.22
64.22
64.23
64.23
64.24
64.24
64.25
64.25
64.26
64.27
64.27
64.28
64.28
64.29
64.29
64.3
64.3
64.31
64.46
64.47
64.5
64.51
64.51
64.52
64.52
64.53
64.53
64.54
64.54
64.55
64.55
64.56
64.56
64.57
64.57
64.58
64.58
64.59
64.59
64.6
64.6
64.61
64.61
64.62
64.63
64.64
64.65
64.65
64.66
64.66
64.67
64.68
64.68
64.69
64.7
64.71
64.72
64.73
64.73
64.74
64.74
64.75
64.76
64.77
64.78
64.79
64.79
64.8
64.81
64.81
64.82
64.82
64.83
64.84
64.85
64.85
64.86
64.86
64.87
64.87
64.88
64.88
64.89
64.89
64.9
64.9
64.91
64.91
64.92
64.92
64.93
64.93
64.94
64.94
64.95
64.95
64.96
64.96
64.97
64.97
64.98
64.98
64.99
64.99
65
65
65.01
65.01
65.02
65.02
65.03
65.03
65.04
65.04
65.05
65.05
65.06
65.06
65.07
65.07
65.08
65.08
65.09
65.09
65.1
65.1
65.11
65.11
65.12
65.12
65.13
65.13
65.14
65.14
65.15
65.15
65.16
65.16
65.17
65.17
65.18
65.18
65.19
65.19
65.2
65.2
65.21
65.21
65.22
65.22
65.23
65.23
65.24
65.24
65.25
65.25
65.26
65.26
65.27
65.27
65.28
65.28
65.29
65.29
65.3
65.3
65.31
65.31
65.32
65.32
65.33
65.33
65.34
65.34
65.35
65.35
65.36
65.36
65.37
65.37
65.38
65.38
65.39
65.39
65.4
65.4
65.41
65.41
65.42
65.42
65.43
65.43
65.44
65.44
65.45
65.45
65.46
65.46
65.47
65.47
65.48
65.48
65.49
65.49
65.5
65.5
65.51
65.52
65.52
65.53
65.54
65.54
65.55
65.55
65.56
65.56
65.57
65.58
65.59
65.6
65.61
65.62
65.63
65.64
65.65
65.66
65.67
65.68
65.69
65.69
65.7
65.71
65.72
65.72
65.73
65.74
65.74
65.75
65.76
65.76
65.77
65.77
65.78
65.78
65.79
65.8
65.8
65.81
65.82
65.82
65.83
65.83
65.84
65.84
65.85
65.85
65.86
65.86
65.87
65.87
65.88
65.88
65.89
65.89
65.9
65.9
65.91
65.91
65.92
65.92
65.93
65.93
65.94
65.94
65.95
65.95
65.96
65.96
65.97
65.97
65.98
65.98
65.99
65.99
66
66
66.01
66.01
66.02
66.02
66.03
66.03
66.04
66.04
66.05
66.05
66.06
66.06
66.07
66.07
66.08
66.08
66.09
66.09
66.1
66.1
66.11
66.11
66.12
66.12
66.13
66.13
66.14
66.14
66.15
66.15
66.16
66.16
66.17
66.17
66.18
66.18
66.19
66.19
66.2
66.2
66.21
66.21
66.22
66.22
66.23
66.23
66.24
66.24
66.25
66.25
66.26
66.26
66.27
66.27
66.28
66.28
66.29
66.29
66.3
66.3
66.31
66.31
66.32
66.32
66.33
66.33
66.34
66.34
66.35
66.35
66.36
66.36
66.37
66.37
66.38
66.38
66.39
66.39
66.4
66.4
66.41
66.42
66.42
66.43
66.43
66.44
66.48
66.49
66.5
66.5
66.51
66.52
66.53
66.54
66.55
66.55
66.56
66.57
66.57
66.58
66.59
66.6
66.61
66.62
66.63
66.63
66.64
66.64
66.65
66.65
66.66
66.66
66.67
66.68
66.68
66.69
66.69
66.7
66.7
66.71
66.71
66.72
66.72
66.73
66.73
66.74
66.74
66.75
66.75
66.76
66.76
66.77
66.77
66.78
66.78
66.79
66.79
66.8
66.8
66.81
66.81
66.82
66.82
66.83
66.83
66.84
66.84
66.85
66.85
66.86
66.86
66.87
66.87
66.88
66.88
66.89
66.89
66.9
66.9
66.91
66.91
66.92
66.92
66.93
66.93
66.94
66.94
66.95
66.95
66.96
66.96
66.97
66.97
66.99
67
67.01
67.03
67.06
67.07
67.09
67.1
67.11
67.11
67.15
67.17
67.18
67.19
67.21
67.22
67.23
67.37
67.39
67.4
67.41
67.47
67.48
67.49
67.51
67.52
67.53
67.53
67.54
67.55
67.57
67.58
67.59
67.6
67.61
67.61
67.63
67.64
67.65
67.66
67.67
67.67
67.68
67.69
67.69
67.7
67.7
67.71
67.71
67.72
67.72
67.73
67.75
67.76
67.77
67.77
67.78
67.79
67.8
67.81
67.82
67.83
67.83
67.85
67.86
67.87
67.88
67.89
67.9
67.91
67.91
67.92
67.93
67.93
67.94
67.94
67.95
67.95
67.96
67.97
67.97
67.98
67.98
67.99
67.99
68
68
68.01
68.03
68.04
68.05
68.06
68.07
68.07
68.09
68.1
68.11
68.12
68.13
68.15
68.16
68.17
68.17
68.19
68.2
68.21
68.22
68.23
68.23
68.25
68.26
68.27
68.28
68.29
68.3
68.31
68.31
68.32
68.33
68.33
68.34
68.34
68.35
68.37
68.38
68.39
68.39
68.4
68.41
68.41
68.42
68.43
68.43
68.44
68.44
68.45
68.45
68.46
68.46
68.47
68.47
68.48
68.49
68.5
68.51
68.51
68.52
68.52
68.53
68.53
68.54
68.54
68.55
68.56
68.57
68.57
68.58
68.58
68.59
68.59
68.6
68.6
68.61
68.62
68.63
68.63
68.64
68.64
68.65
68.65
68.66
68.66
68.67
68.67
68.68
68.68
68.69
68.69
68.7
68.7
68.71
68.72
68.73
68.73
68.74
68.74
68.75
68.75
68.76
68.76
68.77
68.77
68.78
68.78
68.79
68.79
68.8
68.8
68.81
68.81
68.82
68.82
68.83
68.83
68.84
68.84
68.85
68.85
68.86
68.86
68.87
68.87
68.88
68.88
68.89
68.89
68.9
68.9
68.91
68.91
68.92
68.92
68.93
68.93
68.94
68.94
68.95
68.96
68.97
68.97
68.98
68.98
68.99
69
69
69.01
69.01
69.02
69.02
69.03
69.03
69.04
69.04
69.05
69.05
69.06
69.06
69.07
69.07
69.08
69.08
69.09
69.09
69.1
69.1
69.11
69.11
69.12
69.12
69.13
69.13
69.14
69.14
69.15
69.15
69.16
69.16
69.17
69.17
69.18
69.18
69.19
69.19
69.2
69.2
69.21
69.21
69.22
69.22
69.23
69.23
69.24
69.24
69.25
69.25
69.26
69.26
69.27
69.27
69.28
69.28
69.29
69.3
69.31
69.31
69.32
69.32
69.33
69.33
69.34
69.34
69.35
69.35
69.36
69.36
69.37
69.37
69.38
69.38
69.39
69.39
69.4
69.4
69.41
69.41
69.42
69.42
69.43
69.43
69.44
69.44
69.45
69.45
69.46
69.46
69.47
69.47
69.48
69.48
69.49
69.49
69.5
69.5
69.51
69.52
69.53
69.54
69.54
69.55
69.56
69.57
69.58
69.58
69.59
69.59
69.6
69.6
69.61
69.61
69.62
69.62
69.63
69.63
69.64
69.64
69.65
69.65
69.66
69.66
69.67
69.67
69.68
69.68
69.69
69.69
69.7
69.7
69.71
69.71
69.72
69.72
69.73
69.73
69.74
69.74
69.75
69.75
69.76
69.76
69.77
69.77
69.78
69.78
69.79
69.79
69.8
69.8
69.81
69.81
69.82
69.82
69.83
69.83
69.84
69.84
69.85
69.85
69.86
69.86
69.87
69.87
69.88
69.88
69.89
69.89
69.9
69.91
69.92
69.93
69.94
69.95
69.96
69.97
69.98
69.98
69.99
69.99
70
70
70.01
70.01
70.02
70.02
70.03
70.03
70.04
70.04
70.05
70.05
70.06
70.06
70.07
70.07
70.08
70.08
70.09
70.09
70.1
70.1
70.11
70.11
70.12
70.12
70.13
70.13
70.14
70.15
70.15
70.16
70.16
70.17
70.17
70.18
70.18
70.19
70.19
70.2
70.2
70.21
70.21
70.22
70.22
70.23
70.23
70.24
70.25
70.25
70.26
70.26
70.27
70.27
70.28
70.28
70.29
70.29
70.3
70.3
70.31
70.31
70.32
70.32
70.33
70.33
70.34
70.34
70.35
70.35
70.36
70.36
70.37
70.37
70.38
70.38
70.39
70.39
70.4
70.4
70.41
70.41
70.42
70.42
70.43
70.43
70.44
70.44
70.45
70.46
70.47
70.48
70.49
70.49
70.5
70.51
70.52
70.52
70.53
70.54
70.54
70.55
70.55
70.56
70.56
70.57
70.57
70.58
70.59
70.59
70.6
70.6
70.61
70.61
70.63
70.64
70.65
70.66
70.66
70.67
70.68
70.69
70.69
70.7
70.7
70.71
70.71
70.72
70.72
70.73
70.73
70.74
70.74
70.75
70.75
70.76
70.76
70.77
70.77
70.78
70.78
70.79
70.79
70.8
70.8
70.81
70.82
70.83
70.83
70.84
70.84
70.85
70.85
70.86
70.87
70.87
70.88
70.88
70.89
70.89
70.9
70.9
70.91
70.91
70.92
70.92
70.93
70.93
70.94
70.94
70.95
70.95
70.96
70.96
70.97
70.97
70.98
70.98
70.99
70.99
71
71
71.01
71.01
71.02
71.02
71.03
71.03
71.04
71.04
71.05
71.05
71.06
71.06
71.07
71.07
71.08
71.08
71.09
71.09
71.1
71.1
71.11
71.12
71.13
71.13
71.14
71.14
71.15
71.15
71.16
71.17
71.17
71.18
71.18
71.19
71.19
71.2
71.21
71.21
71.22
71.22
71.23
71.23
71.24
71.24
71.25
71.25
71.26
71.26
71.27
71.27
71.28
71.28
71.29
71.29
71.3
71.3
71.31
71.31
71.32
71.32
71.33
71.33
71.34
71.34
71.35
71.35
71.36
71.36
71.37
71.37
71.38
71.38
71.39
71.39
71.4
71.4
71.41
71.41
71.42
71.42
71.43
71.43
71.44
71.44
71.45
71.45
71.46
71.46
71.47
71.47
71.48
71.48
71.49
71.49
71.5
71.5
71.51
71.51
71.52
71.52
71.53
71.53
71.54
71.54
71.55
71.55
71.56
71.56
71.57
71.57
71.58
71.58
71.59
71.59
71.6
71.6
71.61
71.61
71.62
71.62
71.63
71.63
71.64
71.64
71.65
71.65
71.66
71.66
71.67
71.67
71.68
71.69
71.7
71.71
71.72
71.73
71.74
71.75
71.75
71.76
71.76
71.77
71.77
71.78
71.78
71.79
71.79
71.8
71.8
71.81
71.81
71.82
71.82
71.83
71.83
71.84
71.84
71.85
71.85
71.86
71.86
71.87
71.87
71.88
71.88
71.89
71.89
71.9
71.9
71.91
71.91
71.92
71.92
71.93
71.93
71.94
71.94
71.95
71.95
71.96
71.96
71.97
71.97
71.98
71.98
71.99
71.99
72
72
72.01
72.01
72.02
72.02
72.03
72.04
72.04
72.05
72.05
72.06
72.07
72.07
72.08
72.09
72.1
72.11
72.11
72.12
72.12
72.13
72.13
72.14
72.14
72.15
72.15
72.16
72.16
72.17
72.17
72.18
72.18
72.19
72.19
72.2
72.2
72.21
72.21
72.22
72.22
72.23
72.23
72.24
72.24
72.25
72.25
72.26
72.26
72.27
72.28
72.28
72.29
72.29
72.3
72.31
72.32
72.32
72.33
72.34
72.35
72.36
72.36
72.37
72.37
72.38
72.38
72.39
72.39
72.4
72.41
72.41
72.42
72.42
72.43
72.43
72.44
72.44
72.45
72.45
72.46
72.47
72.47
72.48
72.48
72.49
72.49
72.5
72.5
72.51
72.52
72.53
72.53
72.54
72.54
72.55
72.55
72.56
72.56
72.57
72.58
72.59
72.59
72.6
72.6
72.61
72.63
72.64
72.65
72.65
72.66
72.67
72.69
72.7
72.71
72.71
72.72
72.73
72.73
72.75
72.76
72.77
72.78
72.79
72.79
72.8
72.81
72.81
72.82
72.82
72.83
72.84
72.84
72.85
72.87
72.88
72.89
72.89
72.9
72.91
72.93
72.94
72.95
72.95
72.97
72.98
72.99
73
73.01
73.03
73.04
73.05
73.05
73.06
73.06
73.17
73.18
73.19
73.19
73.2
73.22
73.23
73.24
73.24
73.25
73.25
73.26
73.36
73.37
73.37
73.38
73.38
73.39
73.41
73.42
73.43
73.43
73.44
73.45
73.45
73.47
73.48
73.48
73.49
73.5
73.51
73.55
73.56
73.57
73.58
73.59
73.59
73.6
73.6
73.61
73.61
73.62
73.63
73.65
73.66
73.66
73.67
73.68
73.69
73.69
73.71
73.72
73.72
73.73
73.75
73.76
73.77
73.77
73.78
73.79
73.81
73.82
73.83
73.83
73.84
73.85
73.85
73.86
73.86
73.87
73.88
73.89
73.91
73.92
73.93
73.93
73.94
73.95
73.97
73.98
73.99
73.99
74
74.01
74.01
74.03
74.04
74.05
74.06
74.07
74.07
74.09
74.1
74.11
74.13
74.14
74.15
74.15
74.16
74.17
74.17
74.19
74.2
74.21
74.22
74.23
74.23
74.24
74.24
74.25
74.25
74.26
74.26
74.27
74.29
74.3
74.31
74.31
74.32
74.33
74.33
74.34
74.34
74.35
74.36
74.37
74.38
74.38
74.39
74.39
74.41
74.42
74.43
74.44
74.45
74.71
74.72
74.72
74.73
74.73
74.75
74.76
74.77
74.78
74.79
74.79
74.8
74.81
74.81
74.82
74.82
74.83
74.83
74.84
74.84
74.85
74.85
74.86
74.86
74.87
74.87
74.88
74.88
74.89
74.89
74.9
74.9
74.91
74.91
74.92
74.92
74.93
74.93
74.94
74.94
74.95
74.95
74.96
74.96
74.97
74.97
74.98
74.98
74.99
75.08
75.09
75.09
75.1
75.1
75.11
75.11
75.12
75.16
75.17
75.17
